-22,16,-23,-3157,-254,-2794,0,0
11,19,-42,-3144,-268,-2800,0,0
20,19,-43,-3164,-338,-2796,0,0
8,12,-22,-3140,-377,-2799,0,0
1,0,1,-3141,-359,-2782,0,0
-1,-4,6,-3183,-356,-2773,0,0
-16,-6,9,-3186,-391,-2766,0,0
-37,0,23,-3178,-471,-2779,0,0
-22,21,45,-3140,-581,-2719,0,0
-16,34,41,-3142,-630,-2704,0,0
-45,25,17,-3147,-591,-2672,0,0
-31,23,12,-3055,-656,-2595,0,0
-45,35,61,-2838,-688,-2546,0,0
17,52,176,-2483,-624,-2353,0,0
18,78,259,-2065,-645,-4072,0,0
-4,149,248,-1928,-606,-1697,0,0
121,175,133,-1961,-286,-1708,0,0
321,113,-25,-2866,115,-2368,0,0
298,-13,-27,-4044,403,-3792,0,0
71,-196,-42,-4955,294,-4692,0,0
46,-274,-98,-6124,-2,-5268,0,0
-126,-257,-127,-6739,-729,-5714,0,0
-59,-93,-259,-6438,-1345,-5805,0,0
-10,103,-377,-5078,-1057,-4965,0,0
-12,275,-359,-2929,-302,-3456,0,0
-22,386,-299,-536,-31,-1347,0,0
-152,348,-439,635,245,396,0,0
152,153,-448,803,522,193,0,0
692,-114,134,678,318,15,0,0
831,-137,746,533,67,384,0,0
607,57,756,-217,-320,407,0,0
327,229,500,-1134,-503,-45,0,0
-77,129,-175,-3215,-191,-1536,0,0
-534,-279,-264,-5407,554,-4193,0,0
-907,-834,520,-5758,122,-4880,0,0
-1961,-778,704,-5596,444,-5054,0,0
-1300,-116,637,-5459,-664,-5905,0,0
37,510,518,-5148,-417,-5806,0,0
752,579,58,-4160,146,-3695,0,0
797,276,-453,-3682,455,-3223,0,0
482,-85,-516,-3390,295,-2912,0,0
213,-245,-230,-3027,-476,-2675,0,0
37,-230,214,-2955,-1219,-2646,0,0
-227,-195,572,-3102,-1097,-2525,0,0
-434,-133,560,-3173,-498,-2409,0,0
-492,-8,384,-3150,24,-2358,0,0
-434,83,226,-3337,67,-2773,0,0
-318,76,62,-4021,69,-3505,0,0
45,121,-97,-5163,411,-5144,0,0
858,105,-327,-6127,689,-5962,0,0
1422,73,-791,-6336,704,-5623,0,0
1284,186,-975,-5179,-903,-5103,0,0
518,359,-355,-4064,-902,-2945,0,0
-508,736,402,-2051,301,-1342,0,0
-1889,580,501,-183,505,46,0,0
-2272,252,229,752,-77,1056,0,0
-506,195,112,202,-228,620,0,0
14,207,277,-45,-590,-301,0,0
-969,3,-28,-238,64,-179,0,0
-666,-126,-381,-388,755,-172,0,0
388,-185,-743,-527,815,-618,0,0
937,-397,-1263,-1144,315,-1533,0,0
720,-605,-1272,-3711,-364,-6248,0,0
-97,-555,-89,-5986,-1400,-6771,0,0
-1616,-345,1143,-6104,1139,-5806,0,0
-915,186,1311,-4802,1159,-4422,0,0
484,364,500,-6400,454,-4176,0,0
484,136,-63,-4042,-697,-3393,0,0
314,-48,70,-3792,-830,-3072,0,0
72,-9,246,-3482,152,-3229,0,0
-100,69,64,-3097,727,-3328,0,0
-114,103,-209,-2782,271,-3248,0,0
-46,119,-190,-2778,-281,-3126,0,0
35,112,-124,-2915,-208,-3025,0,0
94,99,-77,-3175,49,-3201,0,0
112,-6,57,-3446,125,-3638,0,0
122,-66,222,-3886,147,-4106,0,0
79,-3,265,-4439,336,-4927,0,0
22,-37,298,-5049,328,-5480,0,0
343,-101,281,-5386,1094,-5642,0,0
1118,24,39,-5346,1214,-5134,0,0
1389,282,-209,-4543,999,-4422,0,0
1315,245,-384,-2696,907,-3145,0,0
846,36,-260,-359,308,-641,0,0
13,29,-259,987,-378,718,0,0
-21,124,-237,921,-12,520,0,0
1248,113,695,533,-275,-2440,0,0
895,101,1209,324,-155,138,0,0
82,164,646,80,-27,71,0,0
176,-96,-156,-392,235,-303,0,0
804,-623,-996,-1580,239,83,0,0
1060,-838,-1503,-3946,-793,-1541,0,0
-420,-734,-828,-5412,-1740,-4982,0,0
-1829,-790,395,-6461,-3196,-5805,0,0
-3204,-811,1108,-5922,-1098,-5720,0,0
-1597,-610,1365,-5295,-392,-5534,0,0
-95,-47,550,-4378,-91,-4414,0,0
974,403,-34,-3080,-536,-2540,0,0
1162,433,-465,-2971,-585,-1525,0,0
492,354,-603,-3350,-297,-1939,0,0
162,311,-403,-3447,-80,-2539,0,0
13,177,-162,-3082,-210,-2858,0,0
-476,-21,0,-2712,-214,-3047,0,0
-434,-149,4,-2799,-160,-2860,0,0
-116,-65,-122,-2968,-232,-2812,0,0
55,86,-185,-2942,-343,-2660,0,0
74,122,-191,-2960,-394,-2534,0,0
-57,35,-100,-3008,-441,-2607,0,0
-235,-54,132,-3292,-606,-2940,0,0
-446,-101,379,-3459,-822,-3128,0,0
-609,-80,542,-3712,-573,-3388,0,0
-354,-90,544,-4025,-183,-3299,0,0
-3,-126,341,-4072,24,-3231,0,0
175,-133,96,-3999,-255,-3297,0,0
187,-108,-25,-3780,-633,-3209,0,0
84,-29,-44,-3545,-664,-3085,0,0
81,92,-96,-3565,-502,-3059,0,0
96,165,-204,-3795,-476,-3571,0,0
206,94,-339,-4235,-290,-4104,0,0
650,48,-394,-5004,-130,-4927,0,0
886,30,-423,-5332,279,-5371,0,0
1085,-35,-604,-5001,128,-4073,0,0
1061,171,-502,-3977,-153,-3112,0,0
479,262,-98,-2431,-427,-1395,0,0
-743,58,48,-804,-21,656,0,0
-1588,-71,-164,300,-191,1340,0,0
-544,-157,-385,544,216,-140,0,0
77,-118,21,456,432,-745,0,0
-413,201,60,264,446,-197,0,0
-272,568,-128,-103,133,-492,0,0
33,725,-180,-855,-60,-683,0,0
173,739,-508,-3526,-263,-2334,0,0
-517,538,-431,-4405,-2470,-6454,0,0
-1988,-380,-56,-4382,-499,-5865,0,0
-2965,-279,-73,-3919,2023,-5374,0,0
-4,152,28,-3799,210,-4996,0,0
454,233,-639,-4152,-1316,-5128,0,0
-229,-139,-355,-3830,-1427,-5038,0,0
-175,-654,385,-3328,-505,-3796,0,0
-214,-630,535,-3152,-28,-3001,0,0
150,-201,221,-2932,17,-3153,0,0
800,69,102,-2520,-456,-2665,0,0
390,26,109,-2423,-25,-2394,0,0
-196,-17,181,-2506,384,-2693,0,0
-142,8,281,-2716,297,-2839,0,0
163,35,365,-2760,123,-2730,0,0
192,30,361,-2685,91,-2691,0,0
10,-2,299,-2622,39,-2849,0,0
-76,0,256,-2960,-3,-3192,0,0
-189,84,270,-3733,-66,-4099,0,0
-343,165,286,-4861,-232,-5187,0,0
-28,230,212,-6117,-97,-6304,0,0
681,207,150,-6111,76,-6571,0,0
1154,140,-192,-5335,588,-6189,0,0
1294,94,-334,-4373,752,-4646,0,0
775,-31,-206,-2658,808,-3215,0,0
-166,-273,59,-466,840,-1321,0,0
-1296,-357,-75,1079,306,352,0,0
-802,-133,-377,1179,179,1447,0,0
1983,81,251,235,-544,288,0,0
1282,141,837,-24,-524,-220,0,0
-102,165,456,41,-455,456,0,0
-161,106,-116,-178,-6,561,0,0
425,-229,-798,-1012,79,330,0,0
365,-558,-1702,-3961,-200,-1937,0,0
65,-384,-1110,-5463,-2305,-6877,0,0
-2066,-461,1228,-6235,-2652,-6280,0,0
-3670,-265,1340,-4996,1421,-7004,0,0
392,97,857,-4271,539,-5918,0,0
2145,314,-600,-3224,-13,-3153,0,0
2122,218,-898,-3006,-492,-2575,0,0
1184,-181,-341,-3158,-755,-2184,0,0
133,-285,-2,-3301,-600,-2478,0,0
-273,-265,271,-3371,-841,-3075,0,0
-550,-223,307,-3438,-938,-3192,0,0
-440,-211,1,-3424,-522,-3521,0,0
-22,-157,-115,-3361,-591,-3144,0,0
126,11,-120,-3298,-823,-2913,0,0
73,76,-50,-3087,-740,-2790,0,0
31,20,44,-2951,-653,-2617,0,0
-6,-10,116,-2927,-715,-2701,0,0
-12,-6,146,-2968,-587,-2715,0,0
-80,44,113,-2962,-744,-2540,0,0
-159,93,97,-2903,-732,-2637,0,0
-219,86,151,-2884,-682,-2588,0,0
-347,116,198,-2978,-722,-2556,0,0
-489,191,225,-3147,-673,-3101,0,0
-399,177,327,-3514,-689,-3687,0,0
-303,45,338,-3910,-320,-4365,0,0
-31,7,195,-4747,249,-5008,0,0
283,68,-137,-6457,1398,-6207,0,0
899,-35,-797,-5691,1099,-5860,0,0
1756,21,-1456,-4109,-807,-4385,0,0
1691,327,-1097,-4277,-2387,-3670,0,0
-110,725,258,-3160,-1469,-2225,0,0
-2089,725,797,-876,-307,-1040,0,0
-3091,105,367,147,643,1026,0,0
-1588,-184,-273,65,1152,1410,0,0
619,-207,-426,55,27,382,0,0
38,-127,-422,90,-387,133,0,0
-721,3,-448,-77,-113,-310,0,0
-451,131,-304,-155,451,-769,0,0
90,120,-495,-824,976,-1800,0,0
531,52,-1007,-3084,278,-5375,0,0
50,-296,-2256,-4860,-1572,-6619,0,0
-1853,-438,1074,-5012,1391,-5202,0,0
-110,-10,1198,-4610,1124,-5394,0,0
901,9,338,-4860,-171,-4949,0,0
113,-192,-15,-4645,-1601,-3990,0,0
38,-368,552,-3788,-1198,-3264,0,0
-220,-284,414,-3285,-139,-3479,0,0
-290,68,-149,-2891,-121,-3377,0,0
311,424,-247,-2520,-636,-3212,0,0
638,404,-11,-2223,-570,-2620,0,0
546,181,122,-2289,-209,-2551,0,0
408,-4,88,-2661,-166,-2734,0,0
235,-92,92,-2760,-342,-2893,0,0
41,-81,108,-2717,-339,-3171,0,0
-45,-10,72,-2597,-130,-3344,0,0
73,51,17,-2556,-28,-3270,0,0
218,66,-19,-2364,-192,-2863,0,0
238,46,8,-2115,-318,-2513,0,0
125,27,129,-1903,-313,-2374,0,0
-135,51,330,-1762,-233,-2129,0,0
-492,178,467,-2074,-76,-2217,0,0
-734,322,549,-2960,-205,-3237,0,0
-647,226,466,-3851,-730,-4522,0,0
-556,53,171,-4872,-481,-5508,0,0
-4,18,-261,-5541,49,-6261,0,0
550,34,-788,-5772,-318,-6828,0,0
859,-45,-998,-5127,-32,-6532,0,0
1479,-34,-767,-4234,140,-5327,0,0
1584,113,-180,-3189,382,-4078,0,0
715,204,221,-2057,580,-3242,0,0
-718,302,322,-903,266,-2588,0,0
-1818,109,818,153,12,57,0,0
-1729,94,797,569,666,1888,0,0
82,7,439,60,638,407,0,0
515,-160,470,-236,-320,-568,0,0
147,-148,573,-33,-600,-12,0,0
297,-81,433,69,-89,-177,0,0
568,-182,-270,-1007,814,-703,0,0
742,-573,-1453,-4031,553,-2270,0,0
573,-599,-1131,-6312,-2088,-6380,0,0
-2704,-643,818,-5626,1575,-5879,0,0
-1702,-225,794,-4560,-150,-6174,0,0
-1374,-50,920,-5283,-515,-7430,0,0
-346,194,848,-4670,1111,-5738,0,0
1480,414,202,-3299,642,-3174,0,0
1539,211,-760,-2318,-391,-2080,0,0
849,28,-876,-1945,-415,-1790,0,0
611,-94,-596,-1836,-170,-1641,0,0
369,-292,-330,-1889,-297,-1754,0,0
-164,-466,-117,-2013,-281,-1796,0,0
-503,-478,-86,-2072,-94,-2132,0,0
-390,-341,-12,-2224,-164,-2526,0,0
-305,-160,116,-2420,-430,-2566,0,0
-416,27,174,-2784,-248,-2907,0,0
-319,143,235,-3209,49,-3412,0,0
-125,149,236,-3670,54,-3837,0,0
-37,90,212,-3894,43,-4076,0,0
-45,46,229,-3879,-35,-3983,0,0
-61,8,230,-3747,-186,-3763,0,0
30,-43,139,-3658,-262,-3450,0,0
144,-83,1,-3504,-417,-3275,0,0
163,-122,-38,-3373,-681,-3183,0,0
51,-102,32,-3601,-709,-3354,0,0
-97,-15,101,-4229,-442,-4238,0,0
153,-3,66,-4620,80,-4973,0,0
557,2,-141,-5170,635,-5244,0,0
988,30,-414,-5654,455,-5729,0,0
1053,-30,-492,-5486,-477,-5375,0,0
590,84,-401,-4529,-49,-3987,0,0
37,351,-298,-2207,-242,-1722,0,0
-1177,243,-404,-130,134,1163,0,0
-1051,-64,-963,736,362,1762,0,0
486,-188,-1142,250,-104,403,0,0
-21,-93,-397,238,-457,-49,0,0
-831,-26,-60,-4,131,-262,0,0
-438,133,-154,-301,520,-425,0,0
24,211,-447,-478,762,-939,0,0
639,147,-913,-1152,398,-1777,0,0
645,185,-1055,-2864,-1476,-4981,0,0
-1030,16,589,-4931,-2714,-6570,0,0
-2760,-163,2029,-4949,1218,-6379,0,0
-689,28,1814,-4911,84,-4582,0,0
439,-12,343,-5696,-592,-4709,0,0
408,-256,-206,-4436,-824,-4587,0,0
188,-336,-277,-3125,-30,-3645,0,0
155,-4,-379,-2553,-165,-3503,0,0
188,293,-325,-2608,-613,-3440,0,0
467,391,-205,-2587,-922,-3037,0,0
452,225,-100,-2280,-752,-2729,0,0
45,-6,-18,-2172,-244,-2965,0,0
-85,-127,5,-2313,-279,-3072,0,0
49,-125,87,-2528,-586,-3042,0,0
91,-92,195,-2710,-638,-2971,0,0
-58,-118,232,-2816,-427,-2986,0,0
-129,-169,215,-2820,-206,-3136,0,0
-80,-172,260,-2674,-338,-3104,0,0
-10,-100,385,-2473,-498,-2836,0,0
33,-16,559,-2208,-479,-2482,0,0
0,63,721,-2002,-313,-2196,0,0
-37,156,808,-2198,116,-2724,0,0
135,189,1059,-2824,451,-3314,0,0
-135,91,1160,-3412,452,-3881,0,0
-241,-51,884,-4060,156,-4298,0,0
-64,-93,384,-4486,-11,-4725,0,0
541,-16,-156,-4983,67,-5148,0,0
626,180,-549,-5550,418,-5723,0,0
750,452,-998,-5170,-54,-6217,0,0
1574,399,-1136,-4640,-1140,-5591,0,0
891,129,-843,-3610,-884,-4712,0,0
-531,-77,-188,-1628,246,-3201,0,0
-1366,-431,410,242,988,-618,0,0
-1936,-358,131,1257,1015,1979,0,0
-397,-9,-450,798,801,1210,0,0
1374,16,243,67,-351,-610,0,0
202,76,656,329,-774,-490,0,0
-679,-26,378,-31,-12,-688,0,0
-50,-210,112,-960,867,-625,0,0
868,-430,-591,-3586,1360,-1187,0,0
498,-591,-685,-6341,574,-4993,0,0
-175,-618,879,-6126,-829,-5440,0,0
-2048,-221,1114,-3782,1099,-3954,0,0
-1435,290,251,-3539,711,-6235,0,0
-511,148,-317,-4357,1167,-5350,0,0
362,-30,-627,-4124,148,-3955,0,0
731,-254,-406,-3065,-658,-2901,0,0
146,-354,-240,-2847,-292,-2456,0,0
196,-253,-101,-2813,-341,-2982,0,0
459,-246,-104,-2850,-704,-2736,0,0
337,-210,-176,-3182,-437,-2314,0,0
209,-104,-4,-3172,-146,-2576,0,0
169,-54,180,-3261,-50,-2661,0,0
96,-32,232,-3289,-150,-2576,0,0
-6,-36,164,-3235,-265,-2569,0,0
19,-24,29,-3160,-154,-2747,0,0
144,11,-68,-3108,-140,-2850,0,0
88,21,-91,-3147,-316,-2620,0,0
-223,13,-104,-3159,-381,-2517,0,0
-322,-13,-35,-2995,-368,-2331,0,0
-401,-22,19,-2835,-222,-2295,0,0
-415,-27,43,-2670,-149,-2312,0,0
-385,37,110,-2720,-272,-2294,0,0
-573,172,217,-2883,-326,-2833,0,0
-587,294,440,-3833,-40,-3629,0,0
-456,350,561,-4892,697,-4795,0,0
-278,346,440,-5930,1359,-5861,0,0
465,325,137,-6404,1896,-6270,0,0
1663,274,-281,-5648,1037,-5902,0,0
2286,230,-654,-4464,-566,-5455,0,0
1587,189,-380,-3427,-739,-4210,0,0
496,347,264,-2144,52,-1518,0,0
-568,305,367,-917,1145,-144,0,0
-1195,-16,-35,-299,912,1342,0,0
-332,154,-604,69,-195,1479,0,0
297,309,-823,197,-709,-19,0,0
-174,208,-656,-113,-473,-191,0,0
-353,14,-768,-514,268,-638,0,0
305,-232,-1042,-862,1324,-1392,0,0
1854,-510,-1533,-2039,1362,-2543,0,0
2390,-824,-1551,-2441,-1074,-5500,0,0
370,-837,-540,-5200,-524,-5357,0,0
-2507,-276,1025,-6130,-1534,-6275,0,0
-1338,295,873,-5971,-1403,-5407,0,0
132,304,-818,-4366,-2111,-4364,0,0
213,94,-1691,-2971,-2267,-3104,0,0
-344,88,-872,-1834,-1392,-3005,0,0
-602,-24,-354,-1585,-881,-3097,0,0
-298,-38,133,-1844,-1130,-2699,0,0
112,13,610,-1880,-1309,-2627,0,0
12,-61,855,-2191,-1255,-2518,0,0
-288,-135,843,-2830,-898,-2712,0,0
-106,-113,563,-3243,-771,-2971,0,0
88,-59,229,-3324,-926,-3186,0,0
169,-95,147,-3256,-1125,-3162,0,0
322,-230,189,-3006,-1081,-2986,0,0
226,-238,173,-2876,-880,-2709,0,0
-103,-162,146,-2822,-803,-2914,0,0
-64,-94,230,-2593,-682,-2746,0,0
101,10,301,-2282,-512,-2386,0,0
190,78,389,-2151,-437,-2074,0,0
21,58,526,-2343,-386,-1943,0,0
-132,-21,622,-2560,-417,-2033,0,0
-269,-99,559,-2894,-382,-2589,0,0
-450,-133,361,-3667,-435,-3964,0,0
-500,-184,186,-5186,-716,-5082,0,0
-361,118,1,-6489,-887,-5656,0,0
80,454,-432,-6398,-832,-6463,0,0
850,466,-774,-5938,-529,-6361,0,0
1460,233,-890,-5143,-1068,-5677,0,0
1468,-5,-640,-3684,-1011,-4101,0,0
643,-15,-190,-1576,-618,-1376,0,0
-709,87,386,630,347,680,0,0
-1137,399,331,1315,340,896,0,0
-384,499,614,1120,454,89,0,0
528,407,1302,428,398,-938,0,0
333,196,1413,53,-66,-319,0,0
152,-13,979,-467,67,280,0,0
433,-343,67,-1680,847,482,0,0
747,-577,-1116,-3419,883,-143,0,0
431,-412,-1471,-5034,-580,-5175,0,0
-694,-509,464,-6407,-3041,-6394,0,0
-3670,-325,1415,-5213,-107,-5977,0,0
-2805,-121,1021,-4909,619,-7074,0,0
-606,105,428,-5382,925,-6691,0,0
1091,228,78,-4022,362,-4159,0,0
1245,79,-2376,-2873,-161,-2052,0,0
690,23,-461,-2566,-246,-1909,0,0
761,29,-231,-2393,-576,-2403,0,0
671,-88,-135,-2268,-873,-2298,0,0
170,-183,-69,-2497,-433,-2317,0,0
-93,-186,101,-2815,-137,-2618,0,0
55,-105,170,-3091,-27,-2726,0,0
333,62,-10,-3198,-273,-2786,0,0
282,119,-166,-3042,-669,-2888,0,0
100,88,-126,-3022,-658,-3068,0,0
144,46,39,-2977,-512,-3061,0,0
227,31,138,-2950,-549,-3059,0,0
98,13,164,-2854,-706,-2896,0,0
-195,36,213,-2691,-770,-2574,0,0
-430,101,242,-2552,-620,-2479,0,0
-525,172,211,-2443,-630,-2262,0,0
-726,265,137,-2404,-696,-2209,0,0
-993,296,89,-2482,-596,-2575,0,0
-999,195,15,-2781,-265,-3115,0,0
-740,81,-23,-3248,11,-4037,0,0
-498,-47,-21,-4075,278,-5135,0,0
-110,-71,-76,-4890,933,-5885,0,0
671,116,-284,-5657,1229,-6320,0,0
1522,312,-401,-5264,497,-6172,0,0
1746,351,-463,-4727,-383,-5544,0,0
1225,306,-439,-4669,-218,-4946,0,0
778,220,-285,-3302,667,-3563,0,0
470,124,-226,-1847,1173,-1971,0,0
-441,-170,-44,-553,391,138,0,0
-1178,-226,-41,744,-534,2008,0,0
-432,-96,-42,975,-553,767,0,0
-237,78,380,747,-209,-327,0,0
-664,250,202,-113,387,-275,0,0
-423,328,-197,-762,687,-618,0,0
467,238,-473,-799,615,-1078,0,0
1325,-10,-1037,-1749,-107,-1445,0,0
1020,-25,-1559,-4216,-3345,-6292,0,0
-956,-388,421,-6246,-2329,-8157,0,0
-3185,-316,1312,-5176,1824,-6493,0,0
-836,370,766,-4550,80,-5796,0,0
81,479,-635,-4266,-1075,-5516,0,0
328,116,-938,-2806,-1197,-4066,0,0
563,-218,-641,-1813,-657,-3164,0,0
356,-298,-562,-1914,-261,-2842,0,0
490,-163,-359,-2110,-462,-2715,0,0
641,-123,61,-2054,-1023,-2511,0,0
30,-200,472,-2091,-996,-2480,0,0
-617,-210,660,-2218,-415,-2873,0,0
-380,-130,600,-2381,9,-3163,0,0
180,28,374,-2544,-165,-3096,0,0
407,143,128,-2595,-539,-3033,0,0
470,132,26,-2645,-723,-2966,0,0
358,56,41,-2561,-728,-2811,0,0
103,-25,60,-2385,-669,-2715,0,0
-133,-59,40,-2257,-648,-2733,0,0
-229,-62,28,-2372,-685,-2820,0,0
-252,-65,80,-2504,-748,-2842,0,0
-358,-84,222,-2588,-786,-2997,0,0
-600,-95,454,-2888,-812,-3462,0,0
-910,-41,676,-3797,-555,-4485,0,0
-909,108,561,-5181,148,-6411,0,0
110,213,-49,-6091,520,-7109,0,0
1455,265,-1086,-5981,153,-6700,0,0
2247,167,-1590,-5155,-333,-6273,0,0
1567,-32,-1352,-3887,-1516,-5091,0,0
369,-138,-346,-1850,-248,-1999,0,0
-794,-133,528,345,131,-154,0,0
-2157,-238,758,1606,480,219,0,0
-1055,-175,934,1191,732,60,0,0
1238,333,1717,258,101,-386,0,0
1103,696,1773,-278,71,-493,0,0
787,745,1262,-522,42,32,0,0
828,445,406,-842,315,741,0,0
887,-484,-880,-2325,848,562,0,0
346,-1252,-2241,-4892,-262,-5052,0,0
331,-1521,-588,-5616,-3584,-7346,0,0
-2298,-1249,979,-5936,-240,-4823,0,0
-2105,-641,-300,-5256,1180,-6813,0,0
227,-311,-702,-5212,-3200,-6721,0,0
172,-11,-34,-3928,-1605,-3822,0,0
991,262,549,-2629,-486,-2391,0,0
570,307,119,-2473,-597,-1576,0,0
32,415,-331,-2683,-513,-2034,0,0
195,326,-409,-2764,-902,-2551,0,0
-90,43,-2320,-2448,-667,-2579,0,0
-424,-100,-149,-2376,-122,-2950,0,0
-145,-120,-174,-2589,-362,-3026,0,0
16,-12,-128,-2738,-772,-2935,0,0
32,21,-45,-2854,-912,-2920,0,0
65,-84,10,-2768,-929,-2838,0,0
73,-163,59,-2568,-959,-2593,0,0
102,-153,111,-2430,-1068,-2346,0,0
32,-81,277,-2394,-1196,-2289,0,0
-191,2,568,-2761,-1307,-2610,0,0
-482,44,844,-3286,-1390,-3125,0,0
-940,56,906,-4127,-1061,-3923,0,0
-924,-21,462,-5044,-654,-4813,0,0
-242,-140,-82,-5533,-186,-5549,0,0
484,-27,-341,-6118,428,-6183,0,0
709,174,-377,-5822,294,-5842,0,0
243,360,-503,-5187,97,-5166,0,0
508,537,-247,-3582,270,-3195,0,0
386,573,-107,-1743,428,-874,0,0
-967,217,-209,-164,203,1143,0,0
-1265,-122,-619,293,160,1958,0,0
172,-32,-761,56,305,109,0,0
-192,3,-411,-92,111,-817,0,0
-491,-10,-587,-765,707,-414,0,0
300,167,-922,-420,1052,-854,0,0
1003,86,-1429,-379,827,-2347,0,0
921,-69,-1628,-1702,-1858,-5631,0,0
-391,-220,252,-4540,-2722,-5107,0,0
-1677,-169,1722,-4131,587,-4283,0,0
-116,147,1039,-3952,596,-4553,0,0
635,282,-124,-4347,-1514,-4786,0,0
149,289,-136,-4358,-2494,-4144,0,0
-87,202,354,-3841,-1735,-3912,0,0
-527,49,125,-3344,-1000,-4559,0,0
-961,63,-342,-2880,-641,-4963,0,0
18,176,-402,-2628,-1165,-3964,0,0
612,88,-202,-2398,-1378,-2943,0,0
310,-104,45,-2098,-910,-2488,0,0
68,-211,157,-1969,-599,-2365,0,0
-71,-236,197,-2092,-628,-2545,0,0
-214,-239,254,-2339,-760,-2777,0,0
-331,-206,355,-2596,-780,-2790,0,0
-352,-165,364,-2785,-569,-2956,0,0
-195,-160,335,-2683,-371,-3024,0,0
13,-141,285,-2512,-253,-2947,0,0
128,-80,162,-2408,-442,-2734,0,0
53,-16,142,-2313,-581,-2619,0,0
-67,26,320,-2196,-554,-2429,0,0
-244,79,555,-2174,-294,-2444,0,0
-463,142,645,-2612,95,-2750,0,0
-684,126,615,-3430,269,-3284,0,0
-793,122,420,-4492,351,-4658,0,0
-293,89,70,-4865,97,-5528,0,0
479,76,-500,-5704,103,-6912,0,0
1441,-123,-859,-5849,298,-7007,0,0
1685,-288,-1074,-5377,-341,-6293,0,0
1606,-425,-898,-4341,-966,-4614,0,0
1416,-312,-356,-2923,-963,-2256,0,0
-413,48,220,-418,-76,-1380,0,0
-2047,-13,587,1442,913,-168,0,0
-1274,305,320,1176,944,953,0,0
1438,650,524,352,316,-50,0,0
1655,628,858,-39,-446,-355,0,0
669,200,613,-565,-83,-57,0,0
195,-146,139,-1150,684,-124,0,0
478,-467,-846,-2176,559,-377,0,0
866,-704,-1557,-3907,-1298,-2910,0,0
437,-524,-515,-6189,-372,-5261,0,0
-2408,-259,1134,-6003,-1033,-6438,0,0
-3425,-20,823,-5066,-260,-7011,0,0
-1759,168,280,-5086,-260,-7386,0,0
410,488,44,-3739,-39,-4936,0,0
1391,534,-49,-2152,-243,-2609,0,0
992,327,-498,-1904,44,-1844,0,0
941,56,-556,-2236,-336,-1666,0,0
857,-291,-332,-2071,-1099,-1687,0,0
50,-536,-64,-2204,-1386,-2105,0,0
-927,-480,287,-2539,-834,-2824,0,0
-1121,-276,447,-2792,57,-3323,0,0
-424,4,183,-3007,327,-3510,0,0
347,105,-173,-3169,-422,-3351,0,0
499,-52,-262,-3026,-983,-3041,0,0
298,-173,-33,-2670,-982,-2796,0,0
90,-130,218,-2523,-948,-2654,0,0
-120,-8,283,-2507,-1000,-2527,0,0
-203,106,270,-2448,-971,-2486,0,0
-254,138,300,-2412,-774,-2419,0,0
-305,144,315,-2630,-557,-2620,0,0
-266,82,318,-2876,-476,-3427,0,0
-251,-79,268,-3707,-626,-4165,0,0
-459,-146,66,-5701,-334,-5548,0,0
107,-313,-100,-6763,-167,-6988,0,0
1304,-461,-729,-6200,-256,-6547,0,0
1551,-211,-992,-5454,-1678,-5467,0,0
615,116,-307,-4055,-1780,-3204,0,0
-307,-20,32,-2837,420,-1053,0,0
-221,-188,33,-1295,1442,628,0,0
-681,-336,-113,869,681,588,0,0
-743,-405,-587,893,838,-31,0,0
114,-151,-476,264,-310,6,0,0
104,144,-450,-263,-888,509,0,0
-429,286,-608,-471,23,427,0,0
-488,493,-871,-475,808,-84,0,0
-147,629,-1136,-1394,1053,-3803,0,0
-149,370,-722,-3585,-2318,-7405,0,0
-1760,-479,1316,-5961,-122,-6849,0,0
-1124,-319,1983,-5685,1574,-5960,0,0
1448,50,942,-5551,-1204,-4906,0,0
1113,-87,-305,-5471,-2741,-4138,0,0
457,-237,182,-4068,-2329,-3767,0,0
5,-328,384,-2744,-870,-3135,0,0
90,-110,-91,-2551,-483,-2853,0,0
460,207,-170,-2592,-1148,-2605,0,0
406,239,173,-2465,-1400,-2341,0,0
-98,97,502,-2285,-769,-2299,0,0
-241,12,569,-2346,-265,-2639,0,0
61,15,435,-2647,-556,-2803,0,0
53,83,299,-2925,-863,-2919,0,0
-146,127,310,-3025,-744,-2985,0,0
-232,158,328,-2926,-599,-3006,0,0
-338,194,343,-2648,-512,-3215,0,0
-312,177,491,-2355,-292,-3047,0,0
-66,201,680,-2078,-297,-2687,0,0
-19,260,836,-1815,-352,-2302,0,0
-195,311,957,-1769,-303,-2111,0,0
-502,278,948,-2686,282,-2602,0,0
-954,4,618,-4486,1205,-4286,0,0
-812,-281,-214,-6079,738,-6150,0,0
117,-195,-1039,-6953,544,-6939,0,0
971,120,-1395,-6343,587,-6902,0,0
1306,234,-1458,-4743,613,-5871,0,0
1030,98,-968,-2885,591,-3470,0,0
-323,100,-118,-872,314,-2245,0,0
-1906,-58,714,1204,725,-1299,0,0
-1638,37,891,1544,344,525,0,0
482,350,809,669,489,512,0,0
1702,225,938,-356,283,146,0,0
891,-193,562,-404,126,410,0,0
598,-540,133,-286,-204,421,0,0
732,-808,-245,-1243,-71,294,0,0
445,-941,-742,-3449,137,-1354,0,0
-730,-652,-510,-6568,-1611,-5973,0,0
-2602,-600,1509,-7839,506,-7593,0,0
-3114,-367,1414,-6263,3936,-6305,0,0
143,272,69,-5233,2372,-5962,0,0
1808,504,-1248,-3613,143,-3345,0,0
2227,352,-1461,-2491,-891,-1641,0,0
1591,122,-1035,-2361,-796,-1299,0,0
739,-9,-502,-2666,-922,-1848,0,0
-112,-108,-167,-2551,-1143,-2529,0,0
-560,-144,-42,-2622,-855,-2773,0,0
-325,-33,28,-2826,-289,-2914,0,0
101,186,4,-2852,-234,-2952,0,0
178,345,-147,-3030,-552,-3024,0,0
14,326,-148,-2926,-823,-3112,0,0
-124,208,3,-2713,-767,-3212,0,0
-97,124,42,-2843,-653,-3308,0,0
-97,78,90,-2866,-653,-3208,0,0
-176,39,117,-2805,-527,-3059,0,0
-189,21,139,-2743,-480,-2892,0,0
-178,-11,148,-2706,-537,-2743,0,0
-249,-51,183,-2582,-672,-2573,0,0
-426,-84,286,-2469,-669,-2548,0,0
-618,-116,400,-2645,-473,-2671,0,0
-728,-176,363,-3209,-30,-3488,0,0
-471,-263,207,-4170,238,-4686,0,0
-38,-241,2,-5503,656,-5770,0,0
727,-41,-170,-5861,1354,-6416,0,0
1693,196,-357,-5264,804,-5748,0,0
1882,293,-695,-4885,-601,-4767,0,0
1124,270,-456,-4359,-1177,-3314,0,0
-204,328,428,-2980,-512,-1618,0,0
-1517,360,788,-913,419,12,0,0
-1858,293,13,476,132,1607,0,0
-563,42,-839,251,512,696,0,0
289,-130,-823,-6,16,-729,0,0
-36,-254,-823,-543,-252,-362,0,0
-23,-219,-1047,-854,376,-330,0,0
500,-22,-1262,-613,933,-782,0,0
1050,25,-1645,-737,463,-1839,0,0
716,-85,-1774,-2833,-2241,-5258,0,0
-1491,-118,-4,-5658,-3489,-7718,0,0
-3520,-91,1948,-5111,24,-6067,0,0
-884,297,1660,-4909,-65,-5366,0,0
-19,239,56,-5105,-462,-6096,0,0
322,-144,-387,-3740,-470,-4802,0,0
947,-322,-408,-2303,-736,-3203,0,0
745,-241,-698,-1799,-813,-2601,0,0
666,-56,-696,-1757,-824,-2452,0,0
859,-2,-308,-1849,-1130,-2345,0,0
509,-164,92,-2164,-1397,-2178,0,0
-49,-380,453,-2489,-989,-2295,0,0
-40,-465,615,-2980,-634,-2678,0,0
127,-405,581,-3190,-907,-2868,0,0
-101,-264,467,-3066,-1050,-2889,0,0
-187,-134,396,-3000,-697,-2810,0,0
-53,-39,512,-2714,-506,-2503,0,0
-235,26,678,-2365,-408,-2204,0,0
-383,83,814,-2443,-5,-2247,0,0
-319,59,965,-2563,229,-2642,0,0
-199,-38,1067,-3100,286,-3153,0,0
-109,-93,948,-4367,437,-4384,0,0
367,-69,534,-5500,702,-5359,0,0
1384,21,-27,-6112,83,-5310,0,0
1689,131,-347,-6205,-514,-5404,0,0
1306,156,-429,-5795,-811,-5332,0,0
760,116,-504,-5034,-978,-4652,0,0
-103,127,-291,-3616,-597,-3418,0,0
-965,271,-2,-883,133,-1583,0,0
-1386,265,-28,745,585,-101,0,0
-1059,207,-290,1320,754,546,0,0
695,243,199,867,371,-41,0,0
1275,441,1068,622,-94,-526,0,0
732,505,1003,268,-184,-156,0,0
530,350,367,-718,630,-45,0,0
996,-94,-595,-2361,999,-359,0,0
1213,-619,-1322,-4586,128,-1909,0,0
-100,-716,-864,-6856,-2603,-5854,0,0
-2526,-870,402,-6291,-2834,-7499,0,0
-3065,-935,263,-5379,-387,-6859,0,0
-827,-421,-333,-5486,186,-7108,0,0
1044,60,-838,-3430,-158,-3921,0,0
1750,258,-782,-1974,-1309,-1323,0,0
923,153,-484,-2259,-1144,-945,0,0
349,-46,87,-2729,-739,-1703,0,0
23,-367,358,-2488,-1109,-2342,0,0
-391,-507,324,-2684,-1254,-2268,0,0
-493,-312,246,-3045,-738,-2425,0,0
32,14,111,-3208,-356,-2711,0,0
459,232,-114,-3336,-644,-2772,0,0
381,215,-171,-3238,-1157,-2773,0,0
100,124,59,-3030,-1502,-2714,0,0
-2192,121,348,-2773,-1347,-2511,0,0
-165,221,451,-2614,-1039,-2340,0,0
-107,287,495,-2419,-1139,-2225,0,0
-233,278,467,-2835,-1106,-2099,0,0
-549,94,362,-2975,-328,-2389,0,0
-656,-333,53,-3191,459,-2732,0,0
-715,-634,-351,-3572,407,-3062,0,0
-585,-579,-542,-4522,-330,-4473,0,0
-220,-338,-310,-5539,-839,-5546,0,0
473,-69,-94,-6478,-247,-6046,0,0
1218,137,-275,-6733,-146,-5957,0,0
1727,238,-537,-6199,-490,-5148,0,0
1430,419,-303,-5266,-571,-3918,0,0
670,582,20,-3071,-796,-1426,0,0
-1366,605,253,-295,143,1393,0,0
-1642,557,-466,824,736,1756,0,0
-204,343,-748,666,125,477,0,0
-334,372,-72,505,-1145,335,0,0
-957,452,-4,-97,-632,199,0,0
-371,487,-185,-325,154,-325,0,0
-58,304,-338,19,758,-805,0,0
471,-135,-660,-424,779,-1927,0,0
765,-465,-634,-3390,-488,-7216,0,0
-505,-314,916,-7248,-3766,-8406,0,0
-3352,-203,2314,-6481,993,-7641,0,0
-532,174,1844,-5173,775,-5779,0,0
1526,230,-233,-5289,-439,-5224,0,0
1352,-73,-757,-4108,-870,-3667,0,0
539,-215,-559,-2564,-578,-2692,0,0
55,-130,-629,-1462,-413,-2621,0,0
171,-4,-578,-1456,-202,-2600,0,0
646,67,-364,-1644,-713,-2341,0,0
540,-32,-157,-2085,-1420,-2355,0,0
-181,-172,139,-2649,-1130,-2683,0,0
-393,-255,284,-2701,-705,-2755,0,0
-252,-194,155,-2679,-655,-2834,0,0
-188,-116,111,-2656,-1003,-2945,0,0
-310,-98,306,-2512,-1201,-2740,0,0
-474,-22,592,-2214,-866,-2473,0,0
-458,99,648,-2275,-436,-2388,0,0
-375,103,548,-2544,-149,-2724,0,0
-266,-23,556,-2880,5,-2900,0,0
-249,-129,514,-3323,86,-3164,0,0
-151,-189,445,-3787,398,-3777,0,0
4,-103,308,-4894,614,-4984,0,0
363,58,-87,-5738,709,-5904,0,0
1005,250,-530,-6157,254,-6700,0,0
1214,266,-514,-5681,-766,-6294,0,0
833,107,-395,-4977,-528,-5458,0,0
586,-23,51,-4302,9,-3745,0,0
-182,-16,603,-2130,-407,-1632,0,0
-2069,203,421,973,155,9,0,0
-2139,45,-202,1760,917,345,0,0
420,321,61,972,254,675,0,0
1721,876,805,-113,-1004,-83,0,0
419,761,736,-388,-272,-38,0,0
57,488,303,-401,504,-146,0,0
907,6,-397,-985,376,-139,0,0
1535,-643,-1408,-1963,-217,-1249,0,0
1469,-956,-1653,-4607,-1513,-5057,0,0
34,-907,19,-7553,-4652,-8043,0,0
-4250,-1038,598,-5570,1485,-6951,0,0
-1749,-775,-396,-4665,428,-6205,0,0
849,-83,-1108,-3799,-1294,-4602,0,0
1566,688,-952,-2384,-1513,-3112,0,0
1760,629,-448,-2263,-941,-2401,0,0
926,75,-310,-2653,-1026,-1862,0,0
51,-270,-77,-2888,-1211,-1983,0,0
-170,-273,183,-2894,-1389,-2513,0,0
-237,-217,307,-2587,-1389,-2820,0,0
-321,-165,234,-2647,-974,-3049,0,0
23,-15,45,-2940,-868,-2947,0,0
238,209,-38,-2964,-1168,-2829,0,0
149,320,69,-3009,-1298,-2921,0,0
-47,225,225,-2913,-1215,-2870,0,0
-244,83,288,-2752,-1152,-2839,0,0
-205,28,201,-2726,-1060,-2934,0,0
-6,61,113,-2736,-1078,-2851,0,0
-61,68,41,-2678,-1115,-2710,0,0
-244,-26,35,-2378,-1010,-2517,0,0
-388,-126,74,-2199,-903,-2440,0,0
-505,-185,132,-2131,-881,-2397,0,0
-587,-168,247,-2246,-874,-2501,0,0
-716,-71,436,-2618,-799,-2690,0,0
-2920,40,422,-3253,-364,-3446,0,0
-683,189,316,-4891,-740,-5606,0,0
-404,116,466,-5883,-553,-6767,0,0
606,-61,-14,-5377,612,-6576,0,0
2067,-149,-629,-5300,-133,-5534,0,0
1844,5,-718,-5596,-495,-5276,0,0
893,364,-556,-4081,-147,-4330,0,0
342,506,-669,-2653,-385,-2036,0,0
-419,194,-530,-1755,-230,-245,0,0
-506,-284,-317,180,-524,868,0,0
-511,-469,-619,630,141,679,0,0
-236,-369,-617,662,428,213,0,0
-294,-353,-427,591,156,528,0,0
-272,-227,-457,16,151,723,0,0
-307,31,-300,-266,98,249,0,0
-661,219,-243,-1645,594,-1928,0,0
-856,49,-53,-3244,627,-6570,0,0
-865,-228,634,-7080,-4275,-8324,0,0
-2204,-335,1393,-7013,-818,-7311,0,0
192,82,1109,-5045,-519,-5419,0,0
926,62,-349,-4284,-1004,-4666,0,0
158,-267,-506,-3855,-2156,-3636,0,0
-290,-509,162,-2737,-1850,-2631,0,0
-342,-464,570,-1718,-152,-2139,0,0
23,-166,507,-1755,965,-2380,0,0
507,68,428,-2109,492,-2352,0,0
479,204,455,-2520,-493,-2231,0,0
134,268,530,-3046,-639,-2663,0,0
13,202,489,-3315,-137,-3132,0,0
93,103,281,-3258,6,-3369,0,0
69,57,63,-3142,-375,-3358,0,0
40,46,-7,-2942,-737,-3115,0,0
-63,52,44,-2594,-652,-2724,0,0
-132,76,180,-2138,-461,-2401,0,0
-265,122,470,-1640,-394,-2047,0,0
-382,176,835,-1321,-190,-1974,0,0
-2560,153,1169,-1834,654,-2440,0,0
-535,-79,1137,-4010,2464,-4019,0,0
-55,-360,332,-5397,1756,-5876,0,0
1467,-267,-934,-6408,-130,-6867,0,0
2403,53,-1281,-6613,-905,-6137,0,0
1639,110,-1244,-5831,-645,-5939,0,0
819,-85,-1217,-5013,-1334,-5293,0,0
-87,-153,-472,-3600,-1265,-3421,0,0
-933,-84,297,-448,-319,-950,0,0
-1516,-15,121,1184,439,709,0,0
-674,27,-427,1316,1182,578,0,0
1032,68,106,272,591,-120,0,0
941,82,543,89,-254,-198,0,0
336,-49,388,-61,-436,-104,0,0
416,-126,254,-370,-47,-174,0,0
656,-50,-193,-1360,388,-372,0,0
621,124,-833,-3848,-371,-3523,0,0
-202,-220,-119,-6826,-2249,-6352,0,0
-1848,-913,829,-7457,-2831,-6059,0,0
-2173,-827,562,-6079,-387,-6191,0,0
-41,-425,40,-4509,-1357,-6056,0,0
402,-135,-542,-3464,-414,-3421,0,0
1222,182,-543,-2585,-905,-2069,0,0
1102,174,-415,-2471,-955,-1458,0,0
681,66,-173,-2801,-604,-1650,0,0
339,-21,97,-2640,-864,-2125,0,0
-158,-75,239,-2571,-1196,-2382,0,0
-382,-46,302,-2936,-929,-2578,0,0
-251,49,172,-3288,-414,-2886,0,0
82,126,-62,-3392,-479,-2959,0,0
269,100,-215,-3276,-1117,-2774,0,0
77,22,-144,-3251,-1312,-2751,0,0
-50,-20,-75,-3099,-1112,-2761,0,0
-4,-30,-108,-2935,-1008,-2626,0,0
-99,-63,-123,-2918,-1065,-2413,0,0
-226,-122,-39,-2891,-1167,-2270,0,0
-359,-173,164,-2745,-1076,-2152,0,0
-470,-182,305,-2550,-885,-1986,0,0
-564,-119,314,-2516,-761,-1895,0,0
-679,13,274,-2728,-631,-2168,0,0
-698,171,249,-3283,-507,-3189,0,0
-633,290,278,-4301,-417,-4561,0,0
-334,350,168,-5844,-231,-5779,0,0
270,266,-86,-6396,-1,-6348,0,0
940,166,-351,-6551,116,-6509,0,0
1365,189,-421,-5774,-224,-5573,0,0
798,543,-4,-4072,-1451,-3646,0,0
-518,772,627,-1630,-513,-1078,0,0
-1130,336,576,172,675,622,0,0
-453,20,-32,291,550,1002,0,0
384,67,-286,122,-480,258,0,0
-308,-35,-320,7,-491,147,0,0
-386,-119,-440,-202,-11,9,0,0
153,-58,-296,-39,176,-73,0,0
90,-70,-437,-109,622,-588,0,0
115,-166,-644,-1995,962,-3222,0,0
594,-62,-342,-4840,-450,-6020,0,0
-223,29,193,-6708,-2958,-8057,0,0
-1520,97,594,-5594,-278,-6904,0,0
1100,156,522,-5236,-1894,-5037,0,0
742,-154,-311,-5056,-2395,-4065,0,0
-427,-392,-174,-3598,-1736,-3511,0,0
-522,-429,190,-2522,-548,-3149,0,0
-209,-206,166,-2151,-126,-2774,0,0
38,38,63,-1972,-338,-2502,0,0
123,31,125,-2208,-577,-2046,0,0
-92,-95,383,-2416,-315,-2055,0,0
-246,-181,545,-2539,91,-2378,0,0
-143,-167,421,-2716,20,-2645,0,0
55,-70,232,-2771,-493,-2554,0,0
61,22,80,-2564,-682,-2351,0,0
16,78,-14,-2180,-416,-2188,0,0
-27,133,-30,-2287,-211,-2453,0,0
-169,121,36,-3090,-283,-3221,0,0
-191,158,13,-6896,-785,-4743,0,0
69,291,-240,-7199,-1310,-6640,0,0
648,264,-485,-7536,-536,-7431,0,0
1357,171,-861,-6173,-1029,-6398,0,0
1496,243,-812,-4341,-1875,-4583,0,0
191,378,-47,-1726,-658,-1971,0,0
-1517,260,701,491,908,-298,0,0
-2482,78,488,952,2073,-296,0,0
-359,172,204,647,581,1045,0,0
1490,206,415,-338,-902,-14,0,0
474,-33,396,-209,-699,-123,0,0
-89,-261,-81,1,-9,144,0,0
217,-348,-534,-470,580,52,0,0
455,-360,-913,-1957,112,-1294,0,0
311,-350,-694,-4687,-1293,-4813,0,0
-370,-287,480,-8608,-4515,-8524,0,0
-3218,-599,1224,-6916,782,-7840,0,0
-726,-428,429,-5028,1041,-5932,0,0
1326,247,-766,-3615,-814,-4171,0,0
1510,668,-904,-2102,-1497,-2544,0,0
1354,562,-528,-1562,-1196,-1883,0,0
586,190,-147,-2030,-437,-2019,0,0
101,-269,230,-2379,-317,-1949,0,0
-291,-437,242,-2427,-511,-2040,0,0
-205,-293,21,-2604,-772,-2697,0,0
117,-207,-46,-2952,-1151,-3052,0,0
-45,-207,-72,-3177,-1194,-3288,0,0
-254,-147,-32,-3105,-992,-3290,0,0
-206,-68,114,-2971,-977,-2910,0,0
-232,-26,279,-2768,-1083,-2684,0,0
-364,-23,412,-2625,-1038,-2536,0,0
-501,-3,494,-2441,-797,-2196,0,0
-669,37,446,-2112,-397,-1812,0,0
-757,67,316,-2195,-49,-1860,0,0
-2896,-78,198,-2903,296,-2740,0,0
-726,-318,-24,-3858,722,-3784,0,0
-83,-310,-294,-5135,339,-4824,0,0
522,-99,-531,-5616,-273,-5333,0,0
1068,190,-507,-5748,-582,-5720,0,0
1289,288,-345,-6069,-871,-5944,0,0
1182,341,-125,-6289,-1070,-5809,0,0
945,547,289,-4946,-514,-4385,0,0
427,894,577,-2276,-128,-2265,0,0
-528,950,347,754,57,1352,0,0
-887,224,-602,1090,688,1808,0,0
451,-258,-471,-42,-380,556,0,0
-581,-141,437,-303,-1058,341,0,0
-1613,-38,322,-418,137,-382,0,0
-590,11,-31,-116,1028,-637,0,0
656,-225,-786,-118,1004,-1118,0,0
1330,-507,-1491,-1349,-192,-2782,0,0
1076,-504,-961,-4475,-2148,-5278,0,0
-489,-273,179,-7226,-3469,-7786,0,0
-1872,-190,1118,-6179,-619,-6327,0,0
228,34,742,-5715,-1697,-4978,0,0
439,-45,-281,-5375,-2509,-4150,0,0
-121,-207,-206,-3597,-1448,-3515,0,0
16,-159,-83,-2001,-517,-2635,0,0
289,36,-286,-1653,-338,-2146,0,0
384,133,-233,-1951,-410,-2084,0,0
199,70,86,-2208,-511,-2091,0,0
-250,-53,344,-2718,-580,-2503,0,0
-305,-140,329,-3092,-1017,-2505,0,0
-108,-100,163,-2952,-1048,-2793,0,0
54,-24,-12,-2883,-592,-2921,0,0
234,1,-90,-2707,-692,-2646,0,0
170,-3,-11,-2243,-905,-2369,0,0
-10,-10,219,-1854,-823,-2042,0,0
-205,31,533,-1732,-556,-1853,0,0
-446,74,841,-2245,-314,-2414,0,0
-580,61,1091,-3744,-389,-3496,0,0
-705,96,1050,-5691,-1351,-5209,0,0
-604,175,618,-6552,-452,-6308,0,0
646,302,-136,-6881,524,-6600,0,0
1503,197,-1067,-6116,151,-6013,0,0
1356,-79,-1577,-5251,-920,-5174,0,0
860,-269,-1177,-3735,-380,-3887,0,0
177,-228,-808,-1725,50,-2529,0,0
-1003,-265,-220,364,171,-687,0,0
-1151,-50,19,1300,47,652,0,0
99,288,235,1151,567,353,0,0
938,316,921,255,907,-198,0,0
407,164,939,207,645,22,0,0
418,-56,427,-85,277,-42,0,0
870,-217,18,-1203,9,91,0,0
751,-192,-532,-3102,-1048,-1144,0,0
-124,-82,-169,-6712,-3499,-5369,0,0
-1978,-448,1013,-9196,-3367,-7897,0,0
-3029,-834,407,-6680,1295,-6666,0,0
-17,-481,-700,-4594,161,-5398,0,0
915,-158,-1364,-3177,-1280,-3622,0,0
847,31,-870,-2388,-1690,-2173,0,0
490,103,-181,-2325,-943,-1598,0,0
230,115,269,-2335,-372,-1777,0,0
28,42,380,-2474,-518,-2247,0,0
-28,-51,275,-2937,-944,-2188,0,0
11,-18,139,-3084,-1198,-2400,0,0
28,23,58,-3016,-948,-2677,0,0
62,-2,83,-2945,-768,-2659,0,0
-33,-69,95,-3002,-908,-2496,0,0
-205,-69,163,-2936,-1096,-2316,0,0
-288,-8,266,-2840,-987,-2093,0,0
-361,35,270,-2568,-619,-1965,0,0
-441,63,189,-2323,-426,-1918,0,0
-559,115,90,-3012,-331,-2542,0,0
-536,150,142,-3775,-351,-4086,0,0
-289,178,24,-5735,-289,-5733,0,0
564,241,-231,-6764,-606,-6260,0,0
985,325,-433,-6246,-643,-5995,0,0
1122,456,-396,-5582,-902,-5627,0,0
1103,589,164,-4069,-1323,-4147,0,0
-17,591,842,-2693,-558,-1828,0,0
-1087,241,770,-1424,926,-300,0,0
-1134,-198,-34,242,537,1092,0,0
-35,-131,-891,243,257,-70,0,0
269,-13,-890,514,-708,286,0,0
-478,2,-1120,217,-232,685,0,0
-325,135,-898,381,30,326,0,0
-140,25,-486,484,352,-228,0,0
-192,-280,-250,-850,1127,-2180,0,0
78,-63,187,-5735,-1954,-6366,0,0
-1086,286,1678,-10106,-4658,-10475,0,0
-2910,232,1523,-6820,1307,-7574,0,0
1742,741,288,-4478,675,-5655,0,0
2472,531,-1300,-2429,-1298,-3240,0,0
1295,118,-1234,-1736,-2164,-2114,0,0
96,-129,-175,-1578,-2140,-2201,0,0
-723,-278,748,-1631,-784,-2450,0,0
-756,-311,1154,-1925,329,-2884,0,0
-434,-306,1192,-2501,191,-2739,0,0
-111,-171,820,-2847,-552,-2794,0,0
128,-41,380,-3019,-494,-2977,0,0
352,-89,52,-2875,-134,-2798,0,0
394,-220,-150,-2444,-201,-2578,0,0
242,-250,-82,-2103,-508,-2488,0,0
1,-183,214,-1837,-728,-2099,0,0
-340,-56,495,-1713,-335,-2000,0,0
-526,18,739,-2015,83,-2198,0,0
-623,17,895,-3322,311,-3217,0,0
-710,6,786,-4958,461,-5403,0,0
-117,12,-19,-7015,702,-7133,0,0
1113,13,-1086,-7488,523,-6999,0,0
1661,-3,-1600,-6028,-156,-6217,0,0
1301,-1,-1522,-4781,-1182,-5114,0,0
321,4,-528,-2959,-832,-3237,0,0
-774,-235,492,-472,647,-194,0,0
-1815,-26,643,765,426,-148,0,0
-1287,347,402,1586,-425,529,0,0
213,492,651,140,-155,-597,0,0
370,283,573,-433,518,-299,0,0
722,-235,-129,-735,583,60,0,0
1396,-515,-521,-439,-537,549,0,0
1180,-456,-922,-1162,-1163,-2128,0,0
363,-256,-1059,-4000,-1061,-4639,0,0
-164,71,480,-8549,-4648,-7570,0,0
-3843,310,1144,-7786,-193,-8211,0,0
-1354,563,-64,-4683,823,-6677,0,0
1617,772,-1387,-2744,-797,-4026,0,0
1565,544,-1142,-1657,-1393,-2334,0,0
639,111,-207,-1598,-1064,-1545,0,0
-372,-154,425,-1634,-448,-1769,0,0
-761,-337,614,-2060,-343,-2408,0,0
-569,-339,497,-2529,-540,-3026,0,0
-223,-241,241,-2607,-504,-3231,0,0
-39,-196,-72,-2571,-202,-3053,0,0
89,-198,-146,-2458,-296,-2830,0,0
84,-194,105,-2396,-815,-2700,0,0
-276,-184,476,-2411,-814,-2644,0,0
-529,-175,723,-2473,-280,-2760,0,0
-581,-117,732,-2871,252,-2939,0,0
-431,-49,453,-3183,559,-3212,0,0
-11,9,90,-3251,154,-3391,0,0
201,101,-144,-3778,-62,-4051,0,0
346,132,-203,-4307,-8,-5047,0,0
636,106,-2256,-4704,-35,-5113,0,0
994,184,-468,-4816,-1052,-5678,0,0
1098,52,-380,-4886,-1398,-5780,0,0
835,-51,62,-4640,-807,-5156,0,0
557,189,590,-3945,359,-4808,0,0
719,361,1042,-2349,-281,-2379,0,0
-745,188,835,-926,21,643,0,0
-1216,-127,199,19,141,1587,0,0
205,-374,-445,-238,233,859,0,0
86,-236,-731,-46,-106,211,0,0
-573,-346,-1189,-98,286,-215,0,0
5,-397,-1188,-23,610,-238,0,0
445,-470,-1006,-309,799,-913,0,0
255,-426,-1004,-2405,-148,-3440,0,0
-387,123,-442,-6734,-4271,-8111,0,0
-2962,305,1676,-8987,-1504,-9243,0,0
-1306,192,1761,-7008,1259,-7235,0,0
1620,13,-141,-4519,51,-3816,0,0
1546,-53,-1222,-2229,-1497,-1994,0,0
688,-52,-657,-1093,-1481,-1309,0,0
-202,11,83,-650,-128,-1088,0,0
-444,123,355,-1126,676,-1920,0,0
-75,42,660,-1634,-189,-2021,0,0
60,67,916,-2182,-854,-1872,0,0
-12,152,782,-2672,52,-2374,0,0
202,154,323,-3291,229,-3017,0,0
368,40,-175,-3710,-836,-3358,0,0
175,38,-224,-4828,-2085,-4361,0,0
-358,131,34,-5853,-1748,-5668,0,0
-251,185,-283,-6043,-963,-6747,0,0
556,215,-654,-5554,-572,-6766,0,0
648,270,-536,-4332,-443,-5333,0,0
-247,654,401,-1734,-1247,-2275,0,0
-1534,1066,1583,658,-427,-1165,0,0
-1895,596,1774,1465,1949,-987,0,0
-628,57,1413,1003,1776,1399,0,0
1899,82,1162,-78,-1053,206,0,0
681,-52,1526,-164,-1838,619,0,0
-1496,301,1886,-73,-788,970,0,0
-1029,1077,2591,-736,-132,-590,0,0
-2545,2291,4304,-689,869,-2588,0,0
-5946,3372,6364,3024,3084,-2717,0,0
-6021,3583,8443,6930,3204,-2975,0,0
-6592,2252,7968,6976,8049,-275,0,0
1513,1857,6376,4697,6077,-2727,0,0
4380,2016,4694,4692,1831,-3993,0,0
1786,1004,3349,6173,1963,-2813,0,0
-619,-142,1774,6054,1619,-1208,0,0
-2013,-470,494,5369,1681,-1250,0,0
-1922,-688,-313,3815,1887,-1355,0,0
-1282,-835,-915,2825,1527,-926,0,0
-653,-725,-1301,3032,875,-715,0,0
-113,-570,-1158,3158,388,-600,0,0
-35,-357,-683,3641,469,-494,0,0
-155,-69,-232,3798,719,-628,0,0
323,189,-137,3510,586,-688,0,0
752,388,-276,3621,343,-807,0,0
801,442,-313,3971,452,-892,0,0
549,442,-235,3830,586,-753,0,0
358,519,-251,3673,737,-929,0,0
502,582,-301,3535,846,-1061,0,0
844,615,-239,3434,989,-1068,0,0
1225,599,-120,3606,947,-1145,0,0
1305,490,-41,3757,813,-1266,0,0
1021,326,-25,3851,782,-1200,0,0
641,170,-37,3958,757,-1170,0,0
223,21,-109,3877,714,-1145,0,0
-134,-74,-205,3838,746,-1058,0,0
-242,-103,-243,3803,793,-966,0,0
-171,-102,-240,3713,759,-909,0,0
-94,-80,-196,3602,732,-846,0,0
-29,-47,-82,3542,729,-825,0,0
40,-18,83,3501,757,-885,0,0
88,-4,228,3587,812,-892,0,0
105,15,315,3708,879,-889,0,0
136,24,339,3735,908,-938,0,0
158,14,285,3760,922,-974,0,0
120,-14,174,3734,849,-1026,0,0
-70,-65,58,3689,783,-1050,0,0
-288,-114,-24,3584,821,-993,0,0
-302,-123,-42,3539,885,-965,0,0
-115,-115,-22,3368,865,-1093,0,0
27,-141,-34,3411,836,-1067,0,0
70,-157,-33,3784,919,-1133,0,0
333,-160,21,3968,978,-1197,0,0
698,-175,25,3835,863,-1151,0,0
774,-169,-81,3640,692,-1126,0,0
595,-134,-200,3604,567,-1193,0,0
370,-100,-221,3576,529,-1167,0,0
174,-62,-145,3520,547,-1132,0,0
62,-3,-23,3555,603,-1210,0,0
92,39,89,3578,638,-1229,0,0
122,62,153,3653,639,-1265,0,0
94,61,148,3680,649,-1320,0,0
41,39,125,3697,662,-1307,0,0
-38,7,103,3665,629,-1273,0,0
-162,-9,67,3607,637,-1294,0,0
-225,-14,41,3611,670,-1315,0,0
-183,-18,47,3574,725,-1259,0,0
-88,-4,62,3620,700,-1301,0,0
-46,0,59,3642,664,-1360,0,0
-74,-20,45,3660,659,-1361,0,0
-112,-55,10,3642,643,-1375,0,0
-139,-75,-10,3639,651,-1326,0,0
-112,-71,-5,3631,660,-1307,0,0
-54,-53,1,3618,655,-1296,0,0
-7,-33,0,3627,660,-1292,0,0
24,-29,-4,3606,627,-1293,0,0
0,-30,-4,3638,614,-1299,0,0
-23,-27,6,3637,623,-1309,0,0
-9,-23,13,3633,625,-1305,0,0
3,-19,4,3599,616,-1317,0,0
14,-7,-2,3607,619,-1321,0,0
53,10,18,3616,624,-1334,0,0
84,22,43,3596,626,-1345,0,0
98,22,48,3622,625,-1361,0,0
90,11,46,3622,613,-1357,0,0
50,1,33,3639,621,-1350,0,0
29,-5,28,3640,619,-1349,0,0
40,-11,17,3613,624,-1344,0,0
59,-12,4,3615,598,-1344,0,0
69,-11,2,3630,598,-1342,0,0
93,-14,22,3636,584,-1348,0,0
84,-23,30,3639,566,-1359,0,0
33,-43,17,3614,553,-1341,0,0
-29,-57,0,3602,545,-1308,0,0
-53,-42,-9,3628,570,-1295,0,0
-2,-8,24,3626,558,-1313,0,0
47,8,39,3579,552,-1309,0,0
52,10,25,3649,530,-1336,0,0
49,10,22,3723,560,-1308,0,0
60,16,25,3681,528,-1305,0,0
14,21,-19,3596,498,-1313,0,0
-30,17,-49,3542,499,-1328,0,0
-20,9,0,3484,472,-1337,0,0
-47,15,71,3520,490,-1356,0,0
-67,25,148,3602,541,-1409,0,0
-46,-2,190,3568,565,-1407,0,0
-109,-50,149,3662,572,-1405,0,0
-198,-71,51,3737,630,-1385,0,0
-156,-66,-25,3687,630,-1343,0,0
-94,-57,-76,3595,587,-1326,0,0
-55,-35,-104,3566,560,-1335,0,0
-4,-8,-85,3589,527,-1328,0,0
-3,5,-45,3590,513,-1340,0,0
-38,13,-27,3661,536,-1363,0,0
-32,17,-27,3645,537,-1385,0,0
-18,10,-32,3648,513,-1388,0,0
-39,-4,-35,3632,501,-1387,0,0
-48,-13,-16,3622,506,-1375,0,0
-48,-17,22,3616,511,-1378,0,0
-69,-21,51,3614,536,-1365,0,0
-61,-19,59,3654,561,-1365,0,0
-50,-22,63,3654,542,-1353,0,0
-72,-25,39,3618,540,-1324,0,0
-90,-13,19,3582,554,-1317,0,0
-36,8,33,3586,554,-1304,0,0
-8,23,61,3600,554,-1328,0,0
-12,31,63,3612,583,-1350,0,0
2,29,51,3648,599,-1379,0,0
9,13,30,3642,576,-1389,0,0
-18,-6,0,3643,571,-1384,0,0
-23,-11,-17,3632,559,-1370,0,0
-13,-4,-25,3627,549,-1336,0,0
-1,13,-22,3621,549,-1326,0,0
47,35,-24,3577,539,-1317,0,0
88,57,-17,3622,519,-1322,0,0
99,67,3,3656,533,-1345,0,0
112,61,26,3662,533,-1366,0,0
71,31,19,3636,523,-1368,0,0
17,-4,-11,3632,530,-1343,0,0
18,-20,-13,3664,526,-1309,0,0
27,-16,9,3637,507,-1291,0,0
16,-2,28,3665,530,-1297,0,0
32,-1,33,3606,541,-1282,0,0
34,-1,19,3647,533,-1298,0,0
34,1,12,3681,532,-1302,0,0
35,1,20,3707,535,-1315,0,0
19,-9,2,3675,512,-1309,0,0
-7,-14,-31,3654,501,-1299,0,0
18,6,-35,3630,481,-1294,0,0
62,35,-6,3559,455,-1299,0,0
82,54,35,3613,469,-1348,0,0
90,41,85,3571,468,-1367,0,0
42,12,105,3597,484,-1363,0,0
-27,-20,101,3643,520,-1346,0,0
-60,-45,98,3654,574,-1307,0,0
-71,-64,65,3621,558,-1298,0,0
-124,-79,4,3600,571,-1277,0,0
-142,-84,-27,3628,594,-1260,0,0
-125,-68,-38,3678,579,-1271,0,0
-124,-34,-78,3696,583,-1272,0,0
-79,5,-112,3640,568,-1287,0,0
20,32,-134,3582,525,-1305,0,0
65,49,-134,3620,469,-1341,0,0
48,54,-98,3642,454,-1350,0,0
12,50,-38,3642,458,-1369,0,0
-31,40,-10,3640,493,-1367,0,0
-32,33,11,3664,511,-1362,0,0
-7,29,26,3675,517,-1364,0,0
7,23,41,3645,519,-1357,0,0
6,19,60,3642,534,-1360,0,0
25,4,81,3616,545,-1351,0,0
9,-30,95,3670,555,-1340,0,0
-48,-49,77,3664,579,-1304,0,0
-86,-56,45,3662,600,-1265,0,0
-82,-43,18,3612,590,-1234,0,0
-41,-10,3,3593,602,-1230,0,0
38,26,1,3628,586,-1261,0,0
54,40,-15,3638,558,-1279,0,0
20,37,-34,3672,550,-1290,0,0
13,29,-51,3658,529,-1304,0,0
29,14,-45,3674,503,-1317,0,0
30,-9,-36,3637,485,-1330,0,0
2,-4,-38,3653,503,-1295,0,0
28,25,-22,3666,499,-1271,0,0
80,63,12,3663,467,-1289,0,0
98,82,39,3677,455,-1293,0,0
82,80,60,3658,455,-1300,0,0
75,80,73,3677,474,-1310,0,0
84,79,99,3685,477,-1311,0,0
69,61,106,3635,506,-1303,0,0
78,41,93,3644,512,-1317,0,0
78,7,83,3648,523,-1300,0,0
50,-37,77,3660,514,-1296,0,0
-28,-74,40,3665,528,-1278,0,0
-73,-93,-13,3690,577,-1268,0,0
-14,-105,-55,3683,540,-1240,0,0
-5,-106,-108,3657,479,-1207,0,0
-38,-73,-141,3633,460,-1182,0,0
6,-17,-108,3552,466,-1194,0,0
72,27,-42,3628,406,-1221,0,0
3,54,-9,3696,437,-1232,0,0
-6,88,20,3675,489,-1264,0,0
54,109,28,3668,463,-1305,0,0
38,90,8,3692,457,-1331,0,0
30,58,9,3667,448,-1318,0,0
25,38,36,3669,429,-1317,0,0
-27,13,52,3702,464,-1314,0,0
-59,-26,57,3622,484,-1271,0,0
-68,-45,50,3641,494,-1245,0,0
-74,-38,45,3662,519,-1232,0,0
-69,-30,55,3681,549,-1215,0,0
-60,-26,43,3686,545,-1222,0,0
-69,-17,-8,3692,563,-1225,0,0
-35,-7,-51,3689,543,-1241,0,0
-6,-9,-62,3669,507,-1254,0,0
-12,-17,-71,3665,482,-1239,0,0
-37,-17,-76,3664,481,-1232,0,0
-11,-12,-74,3670,474,-1231,0,0
2,-8,-56,3686,441,-1248,0,0
-28,-10,-38,3662,453,-1231,0,0
-40,-3,-14,3677,466,-1222,0,0
-31,10,18,3672,483,-1224,0,0
-21,20,44,3676,500,-1238,0,0
-19,23,57,3689,509,-1246,0,0
-18,22,54,3670,525,-1246,0,0
-1,25,44,3700,529,-1254,0,0
9,21,46,3671,518,-1264,0,0
8,14,44,3667,531,-1257,0,0
25,18,24,3664,533,-1248,0,0
65,27,18,3717,523,-1261,0,0
78,24,23,3684,489,-1283,0,0
32,10,9,3660,488,-1276,0,0
28,-5,-5,3662,490,-1266,0,0
53,-9,5,3663,474,-1245,0,0
67,-1,10,3697,474,-1247,0,0
65,5,22,3680,470,-1266,0,0
62,-2,14,3642,484,-1250,0,0
77,-5,2,3676,461,-1254,0,0
78,-5,10,3688,464,-1241,0,0
67,-10,22,3682,466,-1250,0,0
40,-17,12,3673,469,-1243,0,0
30,-19,1,3682,459,-1233,0,0
38,-14,10,3687,456,-1233,0,0
42,-12,4,3672,448,-1236,0,0
35,4,-7,3699,444,-1262,0,0
43,-5,-8,3596,426,-1263,0,0
19,-21,-2,3603,407,-1265,0,0
-21,-40,24,3657,459,-1270,0,0
-31,-57,52,3686,465,-1244,0,0
-111,-61,12,3676,484,-1213,0,0
-104,-38,-29,3650,490,-1201,0,0
-33,-5,-8,3647,461,-1213,0,0
-41,19,13,3651,458,-1228,0,0
-42,54,-3,3734,511,-1283,0,0
24,65,-16,3696,467,-1318,0,0
16,32,-43,3640,433,-1312,0,0
1,10,-49,3661,403,-1316,0,0
-9,4,-11,3686,405,-1317,0,0
-54,-19,28,3672,426,-1316,0,0
-90,-45,26,3647,462,-1300,0,0
-66,-54,20,3656,463,-1281,0,0
-56,-54,37,3680,466,-1261,0,0
-85,-53,46,3656,486,-1237,0,0
-94,-38,50,3663,517,-1243,0,0
-63,-24,48,3632,523,-1240,0,0
-64,-16,21,3669,530,-1255,0,0
-66,-11,-11,3671,531,-1266,0,0
-56,-11,-16,3664,524,-1275,0,0
-73,-17,-16,3642,513,-1276,0,0
-114,-19,-31,3648,536,-1280,0,0
-96,-10,-43,3665,543,-1288,0,0
-48,1,-47,3630,516,-1291,0,0
-25,13,-57,3644,512,-1294,0,0
19,30,-46,3651,506,-1324,0,0
69,36,-27,3660,512,-1333,0,0
78,24,-25,3692,507,-1336,0,0
49,0,-39,3667,501,-1306,0,0
27,-16,-37,3661,492,-1278,0,0
12,-21,-4,3665,490,-1260,0,0
-20,-23,25,3666,519,-1242,0,0
-37,-21,29,3675,545,-1226,0,0
-27,-12,22,3651,539,-1212,0,0
-17,12,21,3672,542,-1208,0,0
27,44,40,3660,561,-1247,0,0
72,57,60,3673,549,-1289,0,0
51,43,48,3662,556,-1296,0,0
48,28,9,3701,528,-1298,0,0
62,5,-8,3691,522,-1316,0,0
58,0,-25,3651,501,-1309,0,0
55,-1,-33,3619,468,-1303,0,0
48,-6,-16,3609,489,-1289,0,0
98,8,3,3653,483,-1286,0,0
100,13,29,3684,484,-1300,0,0
74,-1,28,3644,508,-1276,0,0
73,-8,6,3650,484,-1263,0,0
66,-18,7,3658,506,-1261,0,0
63,-28,21,3652,500,-1249,0,0
15,-36,25,3659,500,-1268,0,0
-47,-47,11,3673,534,-1252,0,0
-38,-36,1,3692,541,-1232,0,0
-3,-3,-22,3671,525,-1236,0,0
58,39,-47,3717,510,-1265,0,0
127,65,-53,3687,460,-1266,0,0
147,88,-62,3693,435,-1300,0,0
181,94,-57,3642,405,-1321,0,0
198,72,-18,3613,406,-1297,0,0
190,41,32,3655,387,-1319,0,0
106,1,64,3683,385,-1317,0,0
-34,-42,75,3689,437,-1284,0,0
-94,-58,67,3675,473,-1243,0,0
-72,-45,52,3709,474,-1232,0,0
-45,-27,55,3680,464,-1243,0,0
-11,-10,35,3597,461,-1236,0,0
25,10,18,3635,446,-1246,0,0
65,21,41,3668,462,-1258,0,0
60,25,52,3696,451,-1274,0,0
2,22,22,3716,471,-1281,0,0
4,20,-10,3700,470,-1278,0,0
45,22,-24,3695,437,-1282,0,0
59,22,-36,3686,399,-1287,0,0
56,16,-37,3719,412,-1293,0,0
74,2,-25,3682,369,-1292,0,0
16,-14,-24,3666,364,-1274,0,0
-25,-23,-21,3641,394,-1243,0,0
20,-6,13,3639,408,-1250,0,0
48,5,35,3642,385,-1261,0,0
-10,-13,33,3587,395,-1277,0,0
-73,-41,26,3566,415,-1230,0,0
-94,-34,36,3683,456,-1227,0,0
-67,-2,42,3699,456,-1249,0,0
-53,13,36,3709,491,-1258,0,0
-13,3,5,3647,453,-1297,0,0
-32,-16,-27,3685,408,-1274,0,0
-66,-17,-13,3682,438,-1305,0,0
-62,-22,3,3651,435,-1252,0,0
-88,-17,-20,3715,483,-1286,0,0
-14,-12,-32,3633,399,-1291,0,0
-50,-23,-28,3654,414,-1242,0,0
-54,-20,-1,3683,420,-1277,0,0
-65,-12,21,3685,441,-1249,0,0
-68,-8,6,3664,471,-1306,0,0
-35,-28,-16,3616,412,-1298,0,0
-85,-44,-7,3650,434,-1293,0,0
-84,-39,14,3654,451,-1306,0,0
-108,-36,21,3661,474,-1293,0,0
-125,-43,6,3663,498,-1299,0,0
-76,-35,3,3675,485,-1318,0,0
-76,-35,22,3659,465,-1312,0,0
-152,-45,18,3651,502,-1279,0,0
-147,-23,5,3688,544,-1273,0,0
-53,12,7,3646,522,-1283,0,0
-26,22,-13,3641,512,-1299,0,0
-21,17,-41,3661,501,-1320,0,0
-4,12,-37,3664,486,-1316,0,0
-22,2,-27,3654,469,-1319,0,0
-61,-10,-24,3659,488,-1312,0,0
-41,-10,-14,3670,495,-1306,0,0
-16,-11,-2,3664,484,-1300,0,0
-31,-15,-3,3656,485,-1296,0,0
-29,-12,15,3679,500,-1314,0,0
-19,-21,29,3644,502,-1318,0,0
-55,-41,22,3645,508,-1313,0,0
-83,-51,22,3653,528,-1284,0,0
-77,-43,35,3643,537,-1262,0,0
-82,-25,40,3615,545,-1254,0,0
-67,1,40,3634,570,-1248,0,0
-15,30,40,3664,568,-1261,0,0
19,53,26,3641,556,-1273,0,0
34,67,-7,3579,544,-1291,0,0
39,61,-35,3575,549,-1318,0,0
39,43,-47,3714,536,-1366,0,0
4,25,-60,3892,537,-1359,0,0
14,30,-84,3846,530,-1381,0,0
138,23,-87,3575,456,-1356,0,0
171,-30,-49,3451,365,-1334,0,0
65,-77,47,3527,368,-1300,0,0
-50,-86,174,3650,450,-1261,0,0
-175,-88,246,3712,517,-1232,0,0
-275,-76,218,3770,634,-1217,0,0
-205,-40,129,3611,648,-1173,0,0
-81,26,27,3569,627,-1166,0,0
92,94,-11,3601,576,-1218,0,0
175,121,27,3624,531,-1279,0,0
89,99,19,3591,505,-1313,0,0
-55,53,-37,3576,556,-1317,0,0
-108,15,-89,3709,571,-1288,0,0
-95,19,-124,3844,595,-1288,0,0
31,52,-144,3825,551,-1311,0,0
132,57,-159,3690,495,-1332,0,0
197,32,-177,3604,431,-1361,0,0
201,0,-135,3590,361,-1363,0,0
94,-39,-32,3597,364,-1345,0,0
-25,-79,64,3640,462,-1321,0,0
-57,-106,102,3665,504,-1292,0,0
-81,-118,85,3691,529,-1263,0,0
-80,-112,56,3675,546,-1228,0,0
-72,-91,39,3636,542,-1194,0,0
-52,-55,33,3645,557,-1174,0,0
-9,-13,42,3628,550,-1188,0,0
-14,14,45,3628,547,-1190,0,0
-40,38,40,3640,572,-1217,0,0
-25,63,29,3644,584,-1233,0,0
-9,76,16,3656,577,-1257,0,0
-14,76,-4,3676,566,-1288,0,0
-17,70,-20,3683,558,-1298,0,0
-28,65,-36,3657,539,-1302,0,0
-26,63,-48,3603,529,-1287,0,0
17,69,-36,3643,534,-1298,0,0
75,64,6,3649,521,-1318,0,0
66,31,34,3690,526,-1311,0,0
-10,-18,31,3705,549,-1288,0,0
-67,-52,18,3728,575,-1240,0,0
-73,-61,11,3701,577,-1192,0,0
-59,-45,-3,3670,581,-1166,0,0
-1,-12,-15,3679,574,-1167,0,0
75,18,-19,3683,534,-1191,0,0
88,31,-27,3684,498,-1204,0,0
68,43,-34,3720,500,-1220,0,0
98,61,-27,3689,491,-1235,0,0
144,68,-8,3704,463,-1280,0,0
148,53,12,3676,429,-1269,0,0
109,42,44,3703,448,-1270,0,0
103,31,87,3629,427,-1275,0,0
36,5,107,3618,473,-1260,0,0
17,-21,108,3665,514,-1262,0,0
26,-32,101,3689,514,-1246,0,0
2,-45,68,3699,530,-1236,0,0
-4,-59,32,3700,536,-1251,0,0
16,-78,1,3597,502,-1221,0,0
-11,-92,-27,3655,484,-1210,0,0
-51,-88,-31,3721,478,-1159,0,0
-53,-59,-24,3718,487,-1216,0,0
-48,-55,-31,3617,406,-1193,0,0
-157,-53,-61,3643,461,-1182,0,0
-97,-7,-52,3651,452,-1211,0,0
-29,42,-1,3633,422,-1228,0,0
-30,55,18,3676,464,-1286,0,0
24,59,20,3697,475,-1333,0,0
58,36,23,3685,418,-1353,0,0
-47,-16,15,3691,404,-1363,0,0
-152,-60,20,3674,437,-1311,0,0
-156,-64,45,3630,459,-1285,0,0
-130,-36,55,3585,483,-1246,0,0
-74,9,58,3646,531,-1265,0,0
30,48,74,3689,530,-1312,0,0
64,50,73,3660,509,-1340,0,0
31,20,31,3701,513,-1367,0,0
12,-30,0,3674,501,-1367,0,0
-21,-69,-17,3669,484,-1327,0,0
-70,-102,-36,3670,479,-1296,0,0
-84,-112,-39,3664,482,-1251,0,0
-98,-103,-37,3637,462,-1210,0,0
-122,-70,-40,3638,471,-1187,0,0
-83,-19,-21,3639,476,-1185,0,0
-38,30,4,3647,468,-1206,0,0
-20,66,9,3634,465,-1235,0,0
-4,89,27,3690,484,-1290,0,0
22,85,48,3666,486,-1326,0,0
-13,59,48,3670,479,-1347,0,0
-68,28,31,3646,499,-1349,0,0
-81,6,29,3635,519,-1328,0,0
-79,-2,26,3619,526,-1307,0,0
-59,5,14,3639,548,-1296,0,0
-3,12,14,3673,548,-1298,0,0
24,8,15,3681,539,-1286,0,0
28,6,-9,3716,540,-1277,0,0
47,10,2,3794,534,-1281,0,0
89,6,2,3614,501,-1286,0,0
99,-15,-4,3547,448,-1287,0,0
18,-61,6,3596,448,-1262,0,0
-89,-83,11,3690,506,-1228,0,0
-117,-69,-3,3698,542,-1202,0,0
-110,-50,-30,3667,549,-1180,0,0
-66,-23,-63,3624,541,-1164,0,0
26,23,-66,3618,487,-1171,0,0
48,62,-36,3695,480,-1209,0,0
37,73,3,3702,507,-1273,0,0
24,54,5,3696,518,-1286,0,0
-3,28,-12,3700,500,-1294,0,0
-4,13,-4,3706,505,-1286,0,0
16,-3,35,3698,489,-1297,0,0
-34,-31,50,3628,492,-1278,0,0
-90,-49,37,3634,525,-1251,0,0
-98,-44,32,3688,536,-1245,0,0
-114,-32,25,3681,544,-1225,0,0
-111,-12,0,3672,572,-1210,0,0
-5,23,-8,3623,536,-1223,0,0
79,53,11,3628,510,-1254,0,0
114,68,26,3667,507,-1297,0,0
122,64,19,3726,517,-1308,0,0
135,45,10,3726,481,-1325,0,0
118,25,10,3692,443,-1338,0,0
80,-2,25,3665,445,-1319,0,0
63,-28,49,3659,464,-1299,0,0
89,-36,65,3658,476,-1287,0,0
105,-35,65,3737,486,-1296,0,0
91,-51,53,3679,486,-1274,0,0
74,-59,22,3652,472,-1269,0,0
72,-49,6,3646,450,-1240,0,0
80,-35,24,3661,457,-1232,0,0
80,-15,27,3652,452,-1243,0,0
62,4,0,3644,451,-1230,0,0
76,20,-9,3648,438,-1240,0,0
98,33,-3,3649,412,-1251,0,0
67,36,-15,3648,402,-1256,0,0
32,28,-14,3651,389,-1282,0,0
-4,0,-10,3572,371,-1259,0,0
-76,-19,-14,3609,391,-1251,0,0
-67,11,-3,3603,420,-1226,0,0
-53,-20,28,3629,418,-1239,0,0
-130,-46,43,3717,451,-1234,0,0
-181,-14,25,3780,508,-1222,0,0
-156,16,-15,3720,531,-1247,0,0
-72,35,-73,3662,479,-1268,0,0
-12,50,-112,3661,414,-1268,0,0
12,67,-89,3682,393,-1311,0,0
17,67,-35,3680,337,-1303,0,0
-99,57,-4,3680,385,-1268,0,0
-73,63,15,3680,473,-1310,0,0
163,59,57,3776,489,-1351,0,0
324,11,65,3787,430,-1360,0,0
223,-60,44,3683,317,-1345,0,0
-89,-126,40,3646,305,-1276,0,0
-305,-154,61,3650,440,-1245,0,0
-213,-140,88,3679,497,-1274,0,0
-55,-98,92,3644,507,-1193,0,0
48,-23,52,3643,522,-1124,0,0
75,15,17,3658,434,-1202,0,0
1,32,11,3650,444,-1211,0,0
-16,70,13,3643,448,-1215,0,0
-18,98,0,3638,473,-1248,0,0
31,89,-18,3649,474,-1295,0,0
78,62,-36,3663,428,-1296,0,0
33,34,-48,3712,383,-1315,0,0
-59,19,-45,3762,410,-1324,0,0
-54,7,-37,3719,420,-1329,0,0
-14,-10,-47,3666,383,-1311,0,0
0,-27,-56,3656,361,-1324,0,0
23,-44,-17,3647,366,-1298,0,0
30,-48,50,3639,368,-1244,0,0
-51,-57,74,3679,421,-1234,0,0
-89,-49,67,3716,468,-1218,0,0
-50,-23,59,3715,483,-1221,0,0
-28,-10,34,3669,472,-1214,0,0
-17,1,11,3687,463,-1231,0,0
-4,7,17,3639,431,-1212,0,0
-13,27,15,3653,465,-1212,0,0
26,50,9,3685,445,-1250,0,0
22,50,6,3707,448,-1272,0,0
9,40,-9,3693,426,-1292,0,0
-17,28,-7,3686,431,-1318,0,0
-10,7,-16,3670,416,-1287,0,0
39,-33,-7,3678,443,-1270,0,0
42,-31,-13,3662,417,-1217,0,0
24,-1,-4,3706,495,-1211,0,0
109,23,10,3695,482,-1195,0,0
136,27,3,3715,432,-1254,0,0
79,14,-17,3688,409,-1272,0,0
22,7,-34,3682,391,-1230,0,0
-19,2,-21,3648,365,-1196,0,0
-35,25,0,3649,408,-1179,0,0
13,60,29,3701,415,-1222,0,0
19,69,49,3728,429,-1257,0,0
20,56,29,3702,444,-1234,0,0
55,46,-3,3761,417,-1243,0,0
80,32,-17,3712,379,-1241,0,0
89,26,-20,3714,369,-1257,0,0
98,18,-17,3712,351,-1272,0,0
97,-1,-3,3687,358,-1252,0,0
91,-15,11,3675,349,-1261,0,0
77,-24,26,3686,375,-1252,0,0
93,-28,45,3692,398,-1244,0,0
117,-30,49,3709,399,-1232,0,0
96,-41,25,3697,398,-1214,0,0
65,-56,10,3737,406,-1205,0,0
62,-64,8,3676,396,-1185,0,0
40,-66,-4,3695,372,-1184,0,0
-9,-60,-12,3685,366,-1170,0,0
-15,-38,-8,3659,364,-1168,0,0
-28,-22,-12,3623,340,-1201,0,0
-67,-16,-16,3632,341,-1210,0,0
-69,4,-4,3675,365,-1236,0,0
-42,27,2,3698,371,-1243,0,0
-45,40,-13,3702,369,-1258,0,0
-38,39,-8,3689,371,-1307,0,0
-9,25,-9,3634,351,-1305,0,0
-38,2,-3,3660,328,-1335,0,0
-104,-42,16,3653,346,-1309,0,0
-174,-77,34,3680,401,-1276,0,0
-202,-76,31,3665,448,-1252,0,0
-165,-46,16,3653,478,-1226,0,0
-90,-15,11,3689,483,-1245,0,0
-33,4,-3,3677,475,-1271,0,0
-17,13,-41,3691,453,-1268,0,0
-35,18,-59,3720,432,-1295,0,0
-42,13,-54,3698,426,-1288,0,0
-44,12,-42,3696,431,-1284,0,0
-27,15,-44,3661,419,-1285,0,0
5,17,-37,3698,408,-1290,0,0
21,15,-11,3698,390,-1286,0,0
3,8,7,3697,420,-1283,0,0
9,1,19,3719,421,-1287,0,0
-3,-16,26,3684,412,-1258,0,0
-21,-25,21,3655,423,-1238,0,0
-5,-25,37,3666,434,-1252,0,0
-6,-32,42,3695,443,-1208,0,0
-28,-18,19,3715,474,-1211,0,0
49,18,8,3736,458,-1239,0,0
96,36,24,3713,392,-1279,0,0
44,25,28,3639,405,-1284,0,0
55,17,27,3629,414,-1277,0,0
104,5,43,3663,383,-1298,0,0
52,-11,46,3697,417,-1264,0,0
34,-19,17,3659,434,-1253,0,0
44,-1,14,3655,413,-1250,0,0
66,-11,13,3631,418,-1265,0,0
79,-2,12,3693,451,-1278,0,0
67,-6,2,3717,420,-1263,0,0
25,-34,-7,3714,400,-1283,0,0
-44,-42,-27,3669,399,-1262,0,0
-27,-46,-27,3656,358,-1260,0,0
-40,-34,-5,3622,367,-1250,0,0
-20,-21,11,3605,367,-1259,0,0
18,-25,20,3625,393,-1293,0,0
-16,8,10,3685,493,-1294,0,0
50,8,-9,3662,407,-1336,0,0
23,-16,-24,3659,391,-1357,0,0
-34,-28,-33,3609,416,-1321,0,0
-48,-29,-10,3629,406,-1329,0,0
-70,-28,10,3655,454,-1338,0,0
-73,-25,5,3689,470,-1338,0,0
-73,-34,-9,3692,447,-1329,0,0
-64,-48,-28,3672,429,-1338,0,0
-79,-44,-39,3659,428,-1306,0,0
-73,-23,-16,3691,414,-1310,0,0
-45,-20,8,3677,413,-1314,0,0
-76,-14,7,3668,419,-1272,0,0
-140,19,-8,3653,438,-1247,0,0
-82,48,17,3683,428,-1289,0,0
2,50,65,3669,423,-1364,0,0
-28,41,60,3669,437,-1323,0,0
-55,22,32,3681,439,-1310,0,0
-34,11,36,3644,458,-1314,0,0
8,13,47,3675,482,-1311,0,0
38,9,44,3724,478,-1353,0,0
50,-15,23,3686,460,-1358,0,0
34,-50,6,3647,407,-1300,0,0
-22,-63,-16,3665,427,-1225,0,0
17,-38,1,3659,349,-1213,0,0
-2,-11,17,3640,345,-1211,0,0
-27,30,14,3628,377,-1202,0,0
38,75,48,3678,387,-1284,0,0
63,82,88,3686,379,-1344,0,0
17,64,79,3699,410,-1343,0,0
-12,44,61,3676,414,-1352,0,0
-22,24,44,3638,447,-1315,0,0
48,25,28,3649,427,-1297,0,0
83,24,40,3663,402,-1295,0,0
40,12,32,3664,447,-1289,0,0
43,3,2,3662,438,-1279,0,0
24,-1,-14,3674,446,-1264,0,0
20,-3,-38,3694,447,-1258,0,0
48,5,-73,3673,375,-1256,0,0
65,19,-91,3691,367,-1258,0,0
99,13,-68,3684,342,-1321,0,0
85,-22,-45,3662,291,-1315,0,0
-9,-55,-31,3676,314,-1291,0,0
-61,-74,-3,3675,373,-1266,0,0
-65,-77,23,3671,396,-1233,0,0
-81,-63,7,3691,432,-1243,0,0
-64,-46,-17,3695,427,-1254,0,0
-44,-27,-16,3669,417,-1238,0,0
-43,-9,-20,3659,408,-1260,0,0
-63,-8,-27,3696,406,-1276,0,0
-85,-12,-20,3673,407,-1293,0,0
-91,-18,-18,3666,390,-1273,0,0
-120,-19,-13,3682,385,-1274,0,0
-111,-12,0,3680,407,-1275,0,0
-75,2,23,3700,390,-1296,0,0
-72,7,27,3671,406,-1290,0,0
-62,12,32,3674,392,-1299,0,0
-61,10,50,3675,413,-1300,0,0
-61,7,61,3644,421,-1287,0,0
-60,12,48,3675,454,-1284,0,0
-21,19,48,3665,459,-1300,0,0
4,16,47,3669,453,-1306,0,0
-4,7,40,3677,452,-1330,0,0
-10,-10,24,3664,462,-1313,0,0
-1,-25,6,3671,441,-1291,0,0
-4,-32,-1,3677,430,-1280,0,0
0,-23,2,3678,426,-1283,0,0
12,-10,3,3672,417,-1288,0,0
24,-4,3,3662,414,-1286,0,0
53,-2,3,3714,391,-1303,0,0
45,-9,18,3717,353,-1323,0,0
-10,-24,23,3664,365,-1305,0,0
-31,-31,26,3651,367,-1295,0,0
-22,-25,38,3637,399,-1266,0,0
20,-5,58,3650,401,-1272,0,0
28,17,59,3658,419,-1276,0,0
35,31,45,3678,432,-1291,0,0
44,33,30,3664,428,-1302,0,0
42,32,10,3641,418,-1298,0,0
48,34,-8,3670,403,-1319,0,0
40,21,4,3653,381,-1335,0,0
1,-9,-1,3630,396,-1317,0,0
-30,-33,-11,3664,396,-1296,0,0
-55,-43,-10,3657,426,-1256,0,0
-68,-40,-13,3650,418,-1250,0,0
-90,-36,-23,3628,443,-1239,0,0
-83,-23,-33,3686,468,-1239,0,0
-43,10,-57,3735,449,-1270,0,0
4,43,-86,3668,384,-1282,0,0
38,56,-88,3664,353,-1303,0,0
66,44,-42,3665,307,-1365,0,0
-6,4,-3,3672,314,-1342,0,0
-98,-36,23,3734,380,-1331,0,0
-114,-61,53,3711,433,-1283,0,0
-112,-72,59,3681,444,-1243,0,0
-133,-64,33,3673,454,-1231,0,0
-115,-35,25,3642,461,-1210,0,0
-64,2,37,3644,475,-1214,0,0
45,5,21,3689,415,-1239,0,0
189,-67,29,3637,329,-1375,0,0
25,5,32,3665,568,-1377,0,0
39,52,-21,3652,531,-1344,0,0
92,38,-22,3640,430,-1415,0,0
17,18,-20,3595,470,-1391,0,0
19,9,-8,3649,459,-1403,0,0
10,-12,8,3690,403,-1402,0,0
-22,-45,-1,3685,430,-1353,0,0
-10,-63,-22,3648,415,-1327,0,0
13,-57,-24,3623,435,-1301,0,0
41,-31,-9,3646,441,-1287,0,0
49,-9,17,3663,427,-1295,0,0
15,-11,9,3659,459,-1287,0,0
-16,14,-15,3696,471,-1287,0,0
-29,39,-23,3653,423,-1266,0,0
-25,61,-17,3650,400,-1253,0,0
37,58,-8,3661,319,-1308,0,0
78,32,8,3671,379,-1343,0,0
86,25,19,3693,439,-1328,0,0
89,12,36,3703,427,-1351,0,0
27,-8,32,3669,444,-1330,0,0
13,-18,16,3672,437,-1322,0,0
9,-19,5,3622,414,-1286,0,0
9,-6,7,3629,414,-1272,0,0
27,13,7,3634,419,-1279,0,0
40,26,3,3643,406,-1273,0,0
18,36,-1,3595,407,-1269,0,0
22,57,7,3621,463,-1289,0,0
80,70,17,3678,484,-1321,0,0
71,62,-7,3720,491,-1313,0,0
47,50,-59,3729,457,-1312,0,0
52,30,-89,3776,379,-1348,0,0
14,-10,-90,3683,363,-1303,0,0
-22,-33,-87,3699,360,-1276,0,0
-2,-40,-68,3694,325,-1264,0,0
5,-33,-14,3685,335,-1238,0,0
3,-31,44,3669,337,-1228,0,0
-17,-16,76,3691,363,-1225,0,0
-16,-8,95,3723,413,-1223,0,0
14,9,104,3710,397,-1209,0,0
0,25,89,3670,400,-1218,0,0
4,40,78,3708,420,-1265,0,0
26,42,78,3633,402,-1283,0,0
-3,30,64,3609,407,-1302,0,0
-26,8,56,3625,423,-1308,0,0
-32,-12,62,3658,441,-1297,0,0
-45,-34,59,3662,429,-1306,0,0
-101,-67,19,3644,427,-1287,0,0
-149,-96,-23,3664,437,-1245,0,0
-128,-90,-32,3697,435,-1236,0,0
-93,-57,-37,3661,417,-1221,0,0
-85,-22,-55,3673,438,-1209,0,0
-25,11,-62,3649,434,-1260,0,0
34,32,-63,3671,385,-1291,0,0
-4,26,-73,3679,377,-1320,0,0
-42,13,-72,3670,400,-1319,0,0
-13,9,-51,3662,379,-1326,0,0
-23,5,-34,3655,385,-1328,0,0
-34,-2,-20,3666,420,-1321,0,0
-21,-10,5,3691,439,-1317,0,0
-41,-21,16,3664,454,-1287,0,0
-71,-23,0,3700,475,-1267,0,0
-72,-15,-4,3677,479,-1258,0,0
-53,-3,-2,3647,481,-1251,0,0
-39,10,-7,3648,479,-1265,0,0
-29,17,-8,3654,482,-1268,0,0
-25,17,-12,3671,478,-1273,0,0
-40,14,-2,3674,491,-1281,0,0
-40,13,3,3679,495,-1280,0,0
-40,12,7,3673,489,-1280,0,0
-27,13,13,3663,489,-1281,0,0
0,18,11,3682,487,-1285,0,0
18,17,14,3689,474,-1298,0,0
14,6,18,3670,470,-1305,0,0
5,-4,20,3668,470,-1308,0,0
3,-11,20,3640,474,-1281,0,0
19,-9,29,3661,482,-1274,0,0
46,-1,45,3658,498,-1280,0,0
62,7,44,3688,510,-1286,0,0
59,5,31,3700,491,-1286,0,0
60,0,16,3672,486,-1268,0,0
87,5,-9,3680,458,-1284,0,0
94,3,0,3702,394,-1294,0,0
48,-13,13,3656,414,-1297,0,0
60,-25,15,3675,409,-1298,0,0
66,-14,22,3663,403,-1265,0,0
69,-13,40,3677,400,-1274,0,0
47,-21,47,3671,390,-1271,0,0
-5,-33,40,3670,382,-1256,0,0
-51,-40,46,3667,405,-1243,0,0
-54,-27,54,3651,424,-1226,0,0
-45,-2,36,3646,440,-1229,0,0
-8,22,27,3684,428,-1271,0,0
8,23,18,3632,410,-1281,0,0
-13,13,8,3668,389,-1308,0,0
-40,-1,13,3666,386,-1289,0,0
-70,-9,22,3662,429,-1281,0,0
-73,-15,10,3644,415,-1279,0,0
-77,-14,2,3655,418,-1289,0,0
-63,-11,8,3663,426,-1285,0,0
-64,-14,4,3664,427,-1277,0,0
-72,-13,-19,3648,422,-1277,0,0
-49,-2,-13,3694,421,-1285,0,0
-27,3,-2,3645,444,-1298,0,0
-29,-1,-18,3682,451,-1306,0,0
-40,-13,-44,3682,444,-1298,0,0
-32,-17,-49,3677,419,-1289,0,0
-29,-11,-40,3649,408,-1272,0,0
-24,4,-33,3672,428,-1286,0,0
4,10,-19,3689,413,-1292,0,0
-8,8,-13,3664,422,-1272,0,0
17,24,-12,3663,421,-1271,0,0
52,37,10,3723,413,-1267,0,0
37,21,25,3693,426,-1272,0,0
10,8,13,3704,431,-1263,0,0
-9,5,7,3680,408,-1243,0,0
-33,1,23,3674,438,-1229,0,0
-19,1,41,3675,447,-1233,0,0
-23,7,31,3662,461,-1223,0,0
-29,16,17,3680,459,-1230,0,0
-19,28,22,3682,460,-1244,0,0
-7,43,24,3654,456,-1252,0,0
24,62,16,3715,478,-1275,0,0
114,80,24,3729,441,-1332,0,0
137,69,16,3730,405,-1356,0,0
100,28,0,3692,385,-1361,0,0
94,-9,-1,3663,369,-1334,0,0
92,-39,11,3661,342,-1307,0,0
64,-66,25,3694,369,-1282,0,0
54,-82,33,3722,383,-1270,0,0
55,-92,18,3701,367,-1249,0,0
67,-117,7,3680,345,-1243,0,0
22,-103,17,3697,391,-1230,0,0
11,-57,33,3665,367,-1246,0,0
-4,-27,18,3624,347,-1222,0,0
19,-9,7,3659,339,-1237,0,0
57,16,21,3663,341,-1250,0,0
62,39,47,3677,326,-1289,0,0
13,37,56,3651,355,-1309,0,0
-12,24,42,3670,374,-1307,0,0
-14,13,28,3683,361,-1308,0,0
-37,13,20,3644,346,-1299,0,0
-53,19,14,3625,359,-1294,0,0
-34,20,36,3634,360,-1304,0,0
-36,14,34,3645,398,-1284,0,0
-46,12,5,3712,396,-1289,0,0
-64,8,-15,3672,384,-1255,0,0
-62,10,-21,3660,373,-1273,0,0
-55,17,-27,3659,355,-1283,0,0
-58,19,-29,3699,342,-1298,0,0
-70,10,-12,3704,341,-1311,0,0
-93,6,3,3703,352,-1294,0,0
-108,11,-4,3676,350,-1282,0,0
-103,19,11,3698,309,-1326,0,0
-153,0,41,3668,283,-1390,0,0
-203,-43,53,3701,324,-1499,0,0
-224,-107,68,3745,86,-1715,0,0
-639,-291,72,3943,54,-2027,0,0
-1522,-699,-154,4228,621,-2678,0,0
-2544,-1268,-580,4359,1605,-2833,0,0
-2510,-1787,-1364,4573,3224,-2750,0,0
-1599,-2252,-2493,4732,4307,-2889,0,0
-1303,-2563,-3700,4434,4705,-2873,0,0
-1064,-2654,-4771,3496,4584,-2413,0,0
-418,-2481,-5514,2311,4169,-1879,0,0
455,-2021,-5937,1622,3190,-1121,0,0
1360,-1554,-5836,844,1850,-866,0,0
1675,-1178,-5210,-112,362,-641,0,0
833,-548,-4314,-906,-32,-610,0,0
438,164,-3283,-1259,198,-1065,0,0
1067,540,-2246,-1695,60,-1925,0,0
1002,594,-1300,-1943,-597,-2419,0,0
880,511,-465,-1476,-200,-3599,0,0
1101,144,64,-2598,720,-4085,0,0
435,-29,-187,-2323,544,-2747,0,0
436,91,-166,-2235,-1243,-2786,0,0
-515,-73,275,-2012,-1136,-2435,0,0
-764,-155,485,-1671,-782,-1584,0,0
-1346,78,439,-1895,843,-1063,0,0
-540,418,117,-3371,2477,-905,0,0
1067,532,-619,-3659,1424,-2962,0,0
701,121,-1659,-4655,446,-5432,0,0
895,-216,-1845,-4762,-998,-6096,0,0
420,-241,-1748,-5172,-1244,-7404,0,0
267,-20,-1418,-4821,-876,-6467,0,0
736,412,-1524,-4265,-468,-6023,0,0
787,542,-1430,-3428,-686,-4990,0,0
186,461,-714,-2277,-849,-3223,0,0
-819,177,194,-440,-229,-1574,0,0
-1332,-369,866,524,74,113,0,0
-303,-770,1214,534,633,799,0,0
755,-713,1233,146,483,205,0,0
516,-521,973,-541,269,100,0,0
796,-362,563,-1027,-856,45,0,0
916,-350,-131,-1528,-850,-651,0,0
1471,-415,-821,-3625,-149,-1423,0,0
260,-198,-675,-5661,509,-4715,0,0
-1286,72,296,-4898,-1882,-7089,0,0
-3269,176,981,-5124,-2264,-6473,0,0
-1945,250,725,-7360,7,-5811,0,0
868,232,-555,-4484,487,-4993,0,0
1293,-167,-911,-3306,-829,-3107,0,0
425,-335,-511,-2512,-1328,-1615,0,0
904,-89,-459,-2408,-789,-2141,0,0
1831,-9,-522,-2564,-1282,-2586,0,0
1146,-177,-373,-2930,-1199,-2307,0,0
309,-362,-146,-2823,-937,-2396,0,0
-439,-470,11,-2676,-816,-1894,0,0
-617,-282,133,-2640,-951,-1662,0,0
-2552,13,51,-2595,-918,-1785,0,0
-372,271,-161,-2610,-1031,-2282,0,0
-365,374,-216,-2761,-1365,-2853,0,0
-760,406,-139,-3088,-1575,-3278,0,0
-910,334,-50,-2932,-1675,-4540,0,0
-854,35,-43,-2741,-2208,-4614,0,0
-919,206,-216,-3757,-1311,-3922,0,0
401,645,-486,-5871,-1056,-5107,0,0
1416,515,-591,-6370,-1612,-5696,0,0
1456,-6,-547,-5278,-1018,-6740,0,0
1742,-445,-357,-5292,-1223,-6159,0,0
1415,-295,-64,-4786,-1406,-3477,0,0
844,556,82,-2571,-2299,-2063,0,0
13,805,489,-927,-2065,-621,0,0
-2664,357,733,689,-213,2016,0,0
-3039,108,168,272,939,2021,0,0
-654,258,147,80,176,-39,0,0
-275,60,314,119,-48,-1181,0,0
-905,-275,61,-263,372,-532,0,0
-469,-317,-321,-530,762,-898,0,0
844,-342,-837,-541,595,-1607,0,0
2199,-256,-1365,-1451,90,-2442,0,0
2861,405,-1082,-3593,-2507,-6281,0,0
714,12,959,-7134,-5093,-7395,0,0
-2517,-513,997,-6118,-1944,-6410,0,0
337,-512,112,-5986,-4090,-4763,0,0
1080,-380,109,-4700,-4511,-2763,0,0
-770,-234,-434,-3200,-1380,-3121,0,0
-737,-214,-419,-2154,-655,-2978,0,0
-420,-53,-64,-1126,-695,-2160,0,0
-199,278,9,-1175,-893,-2103,0,0
-246,518,313,-2171,-1082,-2416,0,0
-491,306,680,-2535,-1331,-2368,0,0
-461,-93,739,-2569,-1199,-2456,0,0
-162,-277,718,-2583,-621,-2856,0,0
190,-347,771,-2224,-1279,-2648,0,0
154,-475,847,-1410,-1198,-1975,0,0
560,-451,977,-1316,-1162,-1690,0,0
914,-40,1239,-3093,-801,-2682,0,0
-412,588,1506,-5793,134,-5504,0,0
-164,628,559,-9362,389,-7369,0,0
1191,283,-797,-9312,-1225,-7282,0,0
1784,-143,-1750,-6893,-1691,-5918,0,0
1029,-107,-2056,-3600,-164,-2850,0,0
-201,541,-1359,-54,-288,-793,0,0
-1157,565,-174,1733,-431,-123,0,0
-1726,444,773,1971,762,339,0,0
-285,560,1740,1083,-167,-968,0,0
471,416,2093,-362,462,-803,0,0
1196,229,1703,-1090,259,-38,0,0
1310,141,610,-1166,-200,-140,0,0
1558,-445,-776,-1093,-357,-474,0,0
2059,-1317,-1938,-2840,-1461,-1232,0,0
29,-1358,-1706,-6744,-2630,-5849,0,0
-2905,-1147,-32,-6925,-4916,-6554,0,0
-3943,-848,231,-5907,-1878,-7092,0,0
-1124,-475,279,-4398,-242,-5170,0,0
1103,-126,-804,-2840,123,-3714,0,0
2152,-366,-1118,-1635,-764,-2649,0,0
1705,-587,-797,-1889,-1523,-979,0,0
480,-293,-412,-2242,-1963,-1169,0,0
-160,-22,-88,-2861,-1921,-1963,0,0
-213,28,242,-3143,-1779,-2061,0,0
-100,-52,225,-3043,-1499,-2513,0,0
156,-195,119,-3025,-1534,-2363,0,0
333,-95,22,-2786,-2059,-1708,0,0
227,194,56,-2819,-2006,-2157,0,0
175,226,285,-2983,-1902,-2352,0,0
98,239,319,-2981,-1796,-2193,0,0
1,261,272,-3147,-1929,-2511,0,0
-447,232,295,-3151,-2191,-2240,0,0
-847,177,384,-3158,-1859,-2828,0,0
-1142,101,517,-3657,-1834,-3238,0,0
-1076,36,641,-4355,-1593,-3479,0,0
-819,-51,577,-5074,-1399,-4126,0,0
-730,-50,253,-5103,-536,-5443,0,0
-136,-223,-489,-5653,1777,-6532,0,0
1543,-358,-1309,-6234,809,-5788,0,0
2224,-168,-1569,-5267,-1316,-4966,0,0
1148,253,-1103,-3847,-2489,-2682,0,0
-523,933,368,-1214,-3180,1796,0,0
-1542,1126,732,1107,-735,2858,0,0
-1239,626,358,267,516,471,0,0
-1017,296,556,15,203,-550,0,0
-1677,83,176,-316,517,-66,0,0
-1132,191,-283,-710,-30,-572,0,0
-893,410,-558,-836,11,-1426,0,0
135,420,-989,-762,908,-1813,0,0
1499,98,-1355,-1195,695,-2646,0,0
1278,-130,-622,-4037,-1687,-5041,0,0
-1166,-398,1354,-7329,-6802,-8681,0,0
-3831,-806,1834,-6795,-2522,-7283,0,0
-231,-340,1094,-6115,196,-5745,0,0
1118,-74,-503,-3537,205,-3917,0,0
1134,-155,-1143,-1728,-454,-2597,0,0
1088,-106,-967,-1255,-556,-1830,0,0
839,18,-433,-1233,-517,-1946,0,0
681,-55,78,-1510,-324,-1829,0,0
572,-96,420,-2061,-607,-2193,0,0
457,-255,453,-2575,-1137,-2484,0,0
795,-384,378,-3272,-1182,-2228,0,0
605,-369,353,-3041,-1657,-2595,0,0
176,-402,386,-2611,-1753,-2273,0,0
-357,-196,355,-2407,-1957,-2037,0,0
-580,20,363,-2581,-1685,-2280,0,0
-611,112,561,-3200,-1363,-2448,0,0
-839,271,745,-4096,-1053,-3725,0,0
-1134,396,538,-5731,-575,-5128,0,0
-94,443,-201,-6740,-806,-6390,0,0
1337,240,-804,-6683,-1640,-6476,0,0
1068,-104,-1070,-5949,-1600,-5732,0,0
1001,-387,-751,-5206,-1577,-4560,0,0
237,-250,279,-2717,-1416,-2222,0,0
-1573,177,857,427,-127,-760,0,0
-1996,299,917,1842,977,-12,0,0
-569,317,771,1137,1127,324,0,0
1316,343,999,-738,239,-354,0,0
838,169,1086,-863,-231,528,0,0
150,-127,594,-356,-546,765,0,0
774,-679,147,-773,389,173,0,0
495,-1024,-647,-1166,105,-879,0,0
78,-854,-1436,-4240,129,-3398,0,0
512,-223,-647,-7344,-2900,-4837,0,0
-1092,-159,-164,-8560,-2274,-6131,0,0
-1084,-289,65,-6858,-1215,-6145,0,0
202,-148,-353,-5087,-2250,-5847,0,0
630,118,-629,-3321,-1740,-3995,0,0
1440,205,-266,-2526,-1496,-2029,0,0
998,210,-2296,-2037,-1040,-897,0,0
312,413,-365,-2507,-626,-770,0,0
153,348,-143,-2290,-506,-1767,0,0
46,-92,-3,-2705,-1213,-1958,0,0
-239,-341,-75,-3096,-1565,-2122,0,0
-38,-302,-82,-3329,-1752,-2720,0,0
75,-196,-16,-3155,-1923,-2802,0,0
185,-71,138,-3132,-1810,-2512,0,0
438,8,489,-3283,-1671,-2089,0,0
47,62,710,-3061,-1428,-2217,0,0
-397,21,667,-2934,-1080,-2510,0,0
-359,-4,561,-2726,-929,-1721,0,0
-513,89,306,-2218,-885,-1395,0,0
-722,201,49,-2553,-1225,-1609,0,0
-849,468,-323,-3587,-1761,-2121,0,0
60,753,-567,-5025,-2054,-3921,0,0
-173,726,-248,-5262,-1474,-5408,0,0
-101,225,-252,-5201,26,-6769,0,0
525,-271,-516,-6460,-1005,-6903,0,0
970,-320,-761,-6623,-2144,-6619,0,0
1525,-63,-798,-6020,-2710,-5059,0,0
800,474,-555,-3254,-863,-1821,0,0
-362,577,-217,144,-155,893,0,0
-1092,113,-450,930,-142,1419,0,0
-397,-26,-233,745,227,17,0,0
190,-173,384,520,-154,878,0,0
-397,49,351,243,-286,792,0,0
-916,312,113,-67,25,-557,0,0
-515,354,-6,-343,147,-849,0,0
198,296,-323,-463,-143,-1457,0,0
366,184,-664,-1963,-916,-3663,0,0
362,-13,-121,-4620,-1933,-5535,0,0
-619,-421,834,-7242,-3873,-6221,0,0
-2230,-587,629,-7507,-3770,-7024,0,0
-621,-624,-58,-5531,-3143,-5149,0,0
536,-226,-721,-3808,-2552,-5112,0,0
-527,-216,-827,-3134,-1532,-3660,0,0
-392,-226,-278,-2338,-1046,-2649,0,0
-68,-34,110,-1542,-549,-2178,0,0
109,98,219,-1356,-578,-1869,0,0
184,14,389,-1636,-585,-1838,0,0
64,-185,602,-2056,-448,-1802,0,0
-184,-259,633,-2282,-589,-1489,0,0
-140,-88,483,-2451,-723,-2071,0,0
7,21,395,-2827,-653,-2702,0,0
-164,-154,354,-2807,-982,-2714,0,0
103,-320,332,-3208,-1190,-2872,0,0
48,-153,517,-4663,-1458,-4048,0,0
-228,346,377,-6677,-1844,-5565,0,0
-41,771,-373,-7755,-1255,-7423,0,0
982,654,-1214,-6996,-1136,-7475,0,0
2286,426,-1744,-4808,-1229,-6167,0,0
1740,447,-1245,-2677,-1424,-4241,0,0
-342,282,516,-676,-1328,-784,0,0
-1177,206,875,832,-298,1057,0,0
-1302,-47,-82,302,221,718,0,0
690,-241,333,-15,89,-187,0,0
1204,-14,699,-216,-96,-70,0,0
748,-41,383,346,-417,-340,0,0
218,-358,-1,389,-212,92,0,0
60,-679,-379,-244,307,297,0,0
-83,-946,-743,-1551,69,292,0,0
-339,-415,-233,-5636,-1397,-3531,0,0
-993,-401,1896,-9585,-4800,-7883,0,0
-2922,-879,2417,-9317,-3291,-8015,0,0
-892,-970,713,-6328,449,-5309,0,0
2638,-348,-901,-3829,-384,-3064,0,0
2245,55,-1374,-2535,-1461,-1313,0,0
1111,271,-1143,-1954,-1911,-843,0,0
206,392,-647,-2036,-1611,-1002,0,0
-205,288,-73,-2602,-1361,-1664,0,0
-459,-5,208,-3237,-1244,-2099,0,0
-544,-263,67,-3536,-1246,-2572,0,0
-33,-416,-25,-3551,-1567,-2735,0,0
244,-313,-73,-3253,-1963,-2435,0,0
44,-3,-82,-3057,-1873,-2197,0,0
-19,271,153,-2814,-1609,-2084,0,0
-145,417,430,-2655,-1485,-1951,0,0
-496,387,590,-2501,-1240,-1832,0,0
-727,299,636,-2341,-1319,-1819,0,0
-1056,157,539,-2446,-1211,-1955,0,0
-1538,46,285,-3045,-1011,-2303,0,0
-1645,-2176,-125,-3998,-570,-3526,0,0
-910,-368,-473,-5023,-343,-4030,0,0
42,-184,-786,-5562,-362,-4927,0,0
784,194,-1057,-6451,-542,-5340,0,0
1560,634,-920,-6406,-1212,-5675,0,0
1955,811,-760,-5881,-2055,-5525,0,0
1836,1284,-643,-4898,-2337,-4777,0,0
1241,1537,-178,-2525,-1517,-2545,0,0
-4,949,324,191,-941,931,0,0
-1570,190,240,492,-1186,2561,0,0
-1716,-139,316,-312,751,575,0,0
-1122,-294,360,-231,364,-637,0,0
-990,-471,92,-455,146,-188,0,0
-628,-342,-226,-387,-101,-120,0,0
-322,-158,-548,-23,-267,-890,0,0
17,-322,-876,-367,395,-1462,0,0
667,-177,-1131,-3774,-91,-6392,0,0
872,-362,-72,-5880,-2804,-6828,0,0
-299,-433,1150,-7543,-7189,-6806,0,0
-1794,136,1670,-6142,-3908,-6306,0,0
-182,411,909,-4462,-1121,-5018,0,0
299,406,-601,-2899,668,-3198,0,0
1060,312,-858,-2077,-497,-2442,0,0
906,103,-625,-1804,-1393,-2189,0,0
300,3,-268,-1556,-1442,-2481,0,0
341,-47,127,-1732,-1498,-2363,0,0
379,-188,329,-2182,-1224,-2296,0,0
93,-391,357,-2255,-1170,-2178,0,0
-208,-499,367,-2260,-1226,-2186,0,0
-395,-463,377,-2420,-1089,-2438,0,0
-527,-286,490,-2533,-1233,-2547,0,0
-631,-51,680,-2579,-1413,-2578,0,0
-688,127,882,-2574,-1368,-2597,0,0
-864,264,994,-2992,-1062,-2853,0,0
-973,289,872,-4180,-275,-4141,0,0
-700,161,245,-5599,290,-5870,0,0
637,59,-802,-6820,-120,-6345,0,0
1929,118,-1622,-6624,-1656,-6807,0,0
1723,162,-1607,-5505,-2269,-6036,0,0
1246,299,-1141,-4233,-2305,-4040,0,0
616,521,-254,-2038,-1471,-2778,0,0
-1070,53,712,401,-254,-840,0,0
-1763,-415,904,897,1046,1275,0,0
637,-192,926,499,407,-9,0,0
2011,100,1195,226,-386,-526,0,0
992,261,834,23,-36,434,0,0
561,426,107,216,482,482,0,0
595,332,-455,-579,490,-492,0,0
250,-38,-881,-2133,394,-399,0,0
101,-288,-1113,-4090,-1832,-3926,0,0
-839,-817,270,-6062,-3852,-5568,0,0
-2233,-904,1154,-7547,-3331,-7061,0,0
-1423,-814,1367,-6164,-1645,-6747,0,0
552,-684,691,-4439,-1210,-4860,0,0
1087,-373,-561,-3171,-975,-2768,0,0
1223,-227,-991,-2410,-1260,-1532,0,0
906,-168,-778,-2319,-1537,-1176,0,0
214,0,-218,-2727,-1916,-1377,0,0
-430,75,285,-3052,-1876,-2042,0,0
-837,43,382,-3210,-1817,-2543,0,0
-666,55,174,-3552,-1499,-2916,0,0
-80,121,30,-3476,-1430,-2832,0,0
54,209,-11,-3114,-1425,-2335,0,0
-25,321,57,-2746,-1341,-2218,0,0
-21,375,269,-2336,-1241,-4016,0,0
-111,410,405,-1976,-1048,-1791,0,0
-2400,419,365,-2070,-738,-1884,0,0
-478,322,200,-2642,-457,-2621,0,0
-546,59,-33,-3698,-300,-4001,0,0
-664,-104,-383,-4798,-390,-5910,0,0
453,-197,-945,-6138,-1214,-6954,0,0
1699,-243,-1067,-6704,-2179,-6321,0,0
1619,-262,-917,-6252,-2393,-5696,0,0
2418,-116,-484,-5739,-2728,-4157,0,0
1282,170,495,-2644,-2831,-1177,0,0
-1395,-166,906,772,-146,1808,0,0
-1108,34,686,223,84,16,0,0
-873,251,837,447,122,651,0,0
-1101,410,322,123,190,68,0,0
-1183,533,-110,-228,55,-978,0,0
-486,357,-385,-755,213,-1626,0,0
277,-38,-712,-2364,93,-2384,0,0
287,-36,-618,-5038,-936,-5167,0,0
-495,-158,381,-6573,-3259,-7064,0,0
-1801,182,627,-7179,-2479,-7591,0,0
-390,387,690,-6062,-1630,-5908,0,0
1021,226,-75,-4500,-1255,-3730,0,0
320,-63,-814,-2610,-703,-2431,0,0
521,-297,-797,-1666,-807,-2104,0,0
442,-393,-519,-1431,-630,-1918,0,0
246,-250,-87,-1557,-395,-2119,0,0
155,-113,407,-1875,-287,-2158,0,0
-161,-28,632,-2441,-444,-2305,0,0
-184,-11,477,-3040,-876,-2927,0,0
3,-60,386,-3809,-1007,-3295,0,0
-79,-142,222,-3738,-1012,-3080,0,0
-25,-158,-30,-3493,-1097,-3068,0,0
106,-175,-53,-3215,-1233,-2672,0,0
-32,-142,67,-2570,-1241,-2223,0,0
-235,-23,279,-1860,-934,-1726,0,0
-275,186,455,-1579,-557,-1716,0,0
-138,408,612,-2304,-201,-2710,0,0
-433,481,578,-4583,448,-4883,0,0
-272,178,-182,-7244,331,-6682,0,0
1463,-223,-1233,-8224,-2003,-6482,0,0
1770,-471,-1878,-6812,-3152,-6066,0,0
1620,-590,-1890,-5067,-3038,-4505,0,0
1078,-257,-1127,-2909,-2043,-2586,0,0
-1164,72,-307,-511,5,-988,0,0
-1573,144,307,1032,942,360,0,0
-833,154,641,1290,628,-217,0,0
295,207,969,692,133,-265,0,0
732,423,1158,398,-33,-58,0,0
604,546,1076,139,-135,189,0,0
360,585,761,-390,-14,121,0,0
248,552,30,-3968,-43,-376,0,0
733,465,-727,-5177,-891,-3345,0,0
101,-26,-48,-6129,-2561,-4934,0,0
-1639,-355,388,-7382,-3178,-7008,0,0
-2515,-641,306,-5973,-1356,-8196,0,0
101,-551,-141,-4457,-1770,-6321,0,0
1368,-16,-663,-3292,-1970,-3812,0,0
1020,344,-617,-2215,-1955,-1428,0,0
182,540,-665,-1726,-1572,-1374,0,0
-237,620,-510,-1959,-1113,-1783,0,0
-225,503,-276,-2091,-863,-2325,0,0
-431,146,-174,-2193,-729,-2730,0,0
-362,-246,-70,-2014,-964,-3255,0,0
-6,-567,78,-2154,-1293,-2955,0,0
236,-593,183,-2005,-1485,-2252,0,0
269,-360,144,-1694,-1492,-1434,0,0
-71,57,105,-1643,-912,-843,0,0
-725,566,124,-1716,-728,-2161,0,0
-1456,544,385,-2577,-954,-5098,0,0
-981,136,908,-5224,-849,-6793,0,0
294,-246,827,-6989,-1689,-8481,0,0
1416,-598,53,-6845,-1836,-7637,0,0
2507,-446,-552,-6427,-2548,-5727,0,0
2253,-158,-856,-5224,-2119,-3126,0,0
675,313,-598,-3027,-786,-849,0,0
-1038,268,3,-708,-593,-17,0,0
-2140,-506,23,816,934,957,0,0
-1200,-713,140,137,496,311,0,0
-749,-609,288,521,-204,242,0,0
-892,-435,129,-32,-425,182,0,0
-1114,-60,-2128,-385,-280,-482,0,0
-696,206,-282,-547,69,-941,0,0
-158,174,-836,-1261,458,-2076,0,0
268,74,-878,-3199,215,-5317,0,0
-251,-351,230,-4483,-1042,-5795,0,0
-741,-329,899,-6815,-1010,-7177,0,0
-361,52,1438,-6426,-1189,-5731,0,0
955,265,451,-5949,-2098,-4806,0,0
604,3,-595,-5046,-1627,-3917,0,0
231,-306,-667,-3535,-1511,-2973,0,0
32,-311,-512,-2382,-1275,-2729,0,0
30,-140,-176,-1755,-929,-2319,0,0
208,-16,157,-1557,-893,-1959,0,0
48,10,479,-1695,-824,-1781,0,0
-308,30,780,-1983,-541,-1830,0,0
-429,57,839,-2248,-429,-2026,0,0
-243,63,626,-2229,-552,-2122,0,0
113,77,390,-2164,-641,-1951,0,0
263,46,239,-2319,-569,-2089,0,0
21,-24,105,-3510,-329,-3090,0,0
-262,53,-128,-5742,-250,-5049,0,0
413,391,-741,-7287,-1829,-6929,0,0
1392,671,-1342,-7144,-2819,-8314,0,0
1410,576,-1438,-6233,-2819,-6387,0,0
1583,653,-1738,-4708,-1506,-4912,0,0
1688,691,-1262,-2941,-1350,-2181,0,0
496,244,-124,-779,-541,-2464,0,0
-1284,-367,649,509,584,608,0,0
-3320,-493,886,1070,955,567,0,0
330,-338,1235,1122,349,-431,0,0
319,-90,1272,788,-90,158,0,0
78,284,850,502,-293,164,0,0
87,522,545,-146,-149,-338,0,0
132,521,45,-1431,124,-544,0,0
211,447,-732,-3720,-924,-2457,0,0
187,117,-617,-5600,-2210,-6399,0,0
-814,-465,527,-6802,-5108,-6733,0,0
-3155,-576,855,-5420,-2770,-7619,0,0
-1506,-749,791,-4293,-494,-5191,0,0
1122,-544,-22,-3609,53,-3434,0,0
1601,-355,-547,-2846,-1218,-3119,0,0
818,-360,-605,-2475,-1747,-2343,0,0
315,-170,-329,-2722,-1796,-2264,0,0
-163,16,7,-3020,-1718,-2228,0,0
-373,91,77,-3132,-1232,-2346,0,0
-229,71,99,-2924,-950,-2582,0,0
-45,8,108,-2663,-1151,-2510,0,0
-60,20,112,-2524,-1423,-2163,0,0
-340,145,216,-2162,-1588,-1765,0,0
-846,328,326,-1779,-1560,-1557,0,0
-1193,512,351,-2258,-1163,-1590,0,0
-1263,574,516,-2793,-747,-2450,0,0
-1763,186,518,-3807,-113,-4430,0,0
-1694,-445,212,-5106,1014,-6732,0,0
-46,-775,-276,-5562,742,-7760,0,0
1116,-567,-684,-5601,503,-6609,0,0
1475,-25,-912,-5252,576,-5112,0,0
1575,236,-1039,-4709,-192,-4096,0,0
1183,312,-759,-3824,-755,-2650,0,0
363,459,-78,-2389,-541,-1402,0,0
-590,342,512,-596,-84,364,0,0
-1078,116,240,270,599,1328,0,0
-556,107,-336,-339,691,54,0,0
76,-18,-494,-120,330,-416,0,0
182,-309,-856,-195,179,-490,0,0
314,-401,-1128,-285,152,-308,0,0
583,-279,-1207,-142,-168,-1143,0,0
769,-210,-1074,-1903,-379,-2542,0,0
402,228,-221,-3920,-3091,-5360,0,0
-1617,478,994,-6149,-4781,-7512,0,0
-2456,388,1774,-6756,-1491,-7346,0,0
-612,376,1847,-6355,-746,-6492,0,0
-112,258,-73,-4195,-239,-4923,0,0
1122,189,-859,-2295,-1448,-3153,0,0
1384,136,-808,-1417,-2187,-2148,0,0
502,242,-517,-1392,-1610,-2182,0,0
242,195,85,-1646,-885,-2528,0,0
117,-81,497,-1910,-837,-2481,0,0
-44,-303,413,-2163,-1162,-2777,0,0
131,-381,285,-2432,-1378,-2730,0,0
225,-262,240,-2469,-1545,-2666,0,0
87,-139,308,-2326,-1370,-2477,0,0
-256,-72,483,-1936,-1114,-2152,0,0
-556,-44,679,-1334,-987,-1677,0,0
-657,-4,783,-980,-668,-1180,0,0
-670,72,708,-1524,-167,-1547,0,0
-988,136,679,-4079,370,-3955,0,0
-1230,-178,494,-6217,516,-6303,0,0
-2128,-172,-201,-7227,-346,-7455,0,0
574,338,-1107,-7027,-495,-8196,0,0
1882,614,-1688,-6463,-1339,-7070,0,0
2477,513,-1715,-4369,-1224,-5289,0,0
2395,209,-1460,-1561,-517,-2278,0,0
821,-39,-444,295,-236,-719,0,0
-1082,-225,899,1397,504,322,0,0
-1331,-93,1480,1520,804,741,0,0
374,118,1884,744,556,-294,0,0
249,34,1769,288,351,-169,0,0
-259,-166,994,33,-142,1025,0,0
348,-104,367,-1468,91,-581,0,0
348,-366,149,-3713,320,-2608,0,0
146,-627,363,-5050,-515,-3975,0,0
-993,-83,1039,-7538,-3179,-6582,0,0
-3249,590,1247,-8009,-1642,-9437,0,0
-1842,565,655,-5921,775,-7506,0,0
556,345,-943,-3772,1366,-4091,0,0
1977,-74,-1839,-2083,-240,-1590,0,0
2229,-305,-1905,-1340,-1459,-810,0,0
1258,-321,-1557,-1255,-1274,-891,0,0
397,-243,-916,-1452,-900,-1583,0,0
-509,-265,-325,-1921,-773,-2254,0,0
-748,-294,-126,-2578,-965,-2806,0,0
-342,-179,-180,-3293,-1438,-3771,0,0
86,-72,-100,-3391,-1828,-3712,0,0
97,13,33,-3039,-1850,-3335,0,0
5,12,73,-2884,-1501,-3140,0,0
109,-81,160,-2798,-1388,-2637,0,0
106,-136,251,-2333,-1410,-1953,0,0
-97,-99,351,-1669,-1147,-1347,0,0
-329,19,505,-1352,-743,-1048,0,0
-741,194,706,-1423,-536,-1406,0,0
-1377,316,853,-2958,-134,-3373,0,0
-2357,90,1042,-5848,1032,-7487,0,0
-1667,-751,477,-8997,2180,-8459,0,0
1780,-870,-553,-8285,-496,-7351,0,0
3495,-339,-1192,-5989,-2277,-4810,0,0
2054,558,-1048,-4275,-1153,-2765,0,0
-141,1236,66,-1530,-1096,-1761,0,0
-1837,816,581,490,-820,874,0,0
-1583,167,36,429,723,1265,0,0
594,-140,-84,-20,354,31,0,0
632,-388,-199,-149,142,120,0,0
-220,-396,-653,-294,42,322,0,0
-285,-169,-827,57,-431,-198,0,0
30,23,-722,337,-556,-507,0,0
303,-118,-754,-890,-19,-1639,0,0
146,-74,-616,-4081,-5,-5370,0,0
-18,-320,222,-7095,-4469,-6842,0,0
-1692,-293,1432,-6321,-2277,-6369,0,0
-588,44,1213,-4969,-934,-5109,0,0
758,147,140,-5154,-1131,-4465,0,0
253,-36,-434,-5191,-1748,-3931,0,0
-394,-248,-287,-3724,-2625,-3470,0,0
-955,-245,-334,-2747,-1608,-3455,0,0
-403,-8,-344,-2571,-641,-3222,0,0
267,201,-188,-2306,-650,-2583,0,0
281,218,84,-1878,-730,-2141,0,0
90,180,439,-1707,-451,-1640,0,0
1,208,730,-1672,-153,-1713,0,0
-151,131,917,-1693,-31,-1826,0,0
-246,36,961,-1814,-144,-1700,0,0
-260,22,865,-1958,-447,-1918,0,0
-347,92,830,-3144,-690,-2510,0,0
-818,404,866,-5381,-46,-5958,0,0
-1036,479,518,-7524,390,-8184,0,0
-238,502,-890,-7327,1321,-8361,0,0
2321,329,-2087,-5892,422,-6869,0,0
3469,-73,-2055,-3985,-2134,-5103,0,0
1774,-455,-830,-680,-1082,-1907,0,0
336,-470,1067,1275,75,-135,0,0
-1167,-445,1957,2149,1093,967,0,0
-752,-100,1281,243,1366,794,0,0
476,182,958,-1575,493,181,0,0
343,243,566,-748,-862,373,0,0
-492,308,-180,49,-1166,183,0,0
-828,76,-600,-570,-70,-266,0,0
-258,-303,-802,-2988,557,-1472,0,0
-395,-599,-823,-5728,201,-5225,0,0
-1286,-666,582,-7486,-2584,-7209,0,0
-4352,-493,978,-7862,-554,-8492,0,0
-2408,-442,652,-6186,1727,-7246,0,0
1366,50,-511,-4351,1333,-4457,0,0
2954,222,-1455,-2436,10,-2183,0,0
2606,194,-1451,-1540,-714,-872,0,0
2035,334,-1017,-1701,-604,-911,0,0
1464,331,-401,-2146,-854,-1684,0,0
348,148,-44,-2592,-969,-1819,0,0
-122,100,-162,-2976,-1282,-2240,0,0
129,104,-266,-3137,-1709,-3027,0,0
372,8,-78,-3135,-1856,-3122,0,0
188,-24,81,-2804,-1792,-2664,0,0
-21,129,189,-2447,-1644,-2457,0,0
-81,281,401,-2210,-1252,-2137,0,0
-405,404,618,-1824,-1203,-1750,0,0
-939,417,803,-1329,-523,-1304,0,0
-1155,499,1015,-1331,5,-1077,0,0
-1485,566,1206,-1797,-46,-2368,0,0
-2052,163,843,-3157,449,-3819,0,0
-1439,-226,372,-4951,373,-5264,0,0
-444,-362,-205,-6443,-238,-7565,0,0
772,-498,-640,-6518,898,-8222,0,0
2411,-621,-800,-5767,60,-6304,0,0
2580,-255,-759,-5734,-1366,-5460,0,0
1889,265,-16,-4451,-1639,-3559,0,0
389,847,267,-2664,-230,-1153,0,0
-643,967,-110,-528,979,620,0,0
-3072,412,-957,198,1007,1416,0,0
-179,197,-1222,64,502,375,0,0
212,-1,-685,479,-360,264,0,0
-407,-209,-569,222,-408,240,0,0
-864,-210,-333,136,-100,-506,0,0
-729,-227,-47,59,113,-1241,0,0
-286,-312,-114,-1567,315,-3471,0,0
-174,-298,-176,-4717,-2223,-7587,0,0
-1594,-369,1084,-8310,-3051,-9246,0,0
-2258,-140,2061,-6821,26,-7065,0,0
1198,123,833,-4580,-22,-4923,0,0
1820,-174,-1077,-3137,-740,-3234,0,0
1273,-328,-1158,-2027,-1530,-2086,0,0
596,-436,-568,-1658,-1449,-1927,0,0
89,-405,32,-1972,-784,-2112,0,0
-113,-369,570,-1729,119,-2366,0,0
122,-373,343,-1858,-286,-2391,0,0
600,-382,103,-2745,-1432,-2142,0,0
608,-334,-35,-3429,-1803,-2041,0,0
308,-254,-93,-3116,-1892,-1964,0,0
432,-123,54,-2735,-1769,-1716,0,0
372,84,375,-2533,-1666,-1733,0,0
-378,435,739,-4185,-1989,-2825,0,0
-1358,703,874,-5917,-1556,-5433,0,0
-1454,680,35,-6350,-419,-6440,0,0
229,793,-1043,-5340,-338,-5690,0,0
1558,916,-1618,-4300,-1236,-6233,0,0
1289,543,-1502,-3092,-1479,-5986,0,0
915,5,-872,-3323,-1534,-3317,0,0
-154,20,107,-2711,-972,-1085,0,0
-1923,23,1043,151,-389,-196,0,0
-2490,-507,1313,1425,1282,-3,0,0
-411,-726,1295,1189,1623,464,0,0
1259,-484,1327,513,1040,61,0,0
855,-105,879,290,-98,321,0,0
764,301,19,-76,-1138,-459,0,0
984,211,-687,-1665,-521,-780,0,0
995,-166,-1361,-4817,-540,-3013,0,0
676,-499,-836,-5987,-2176,-5424,0,0
-968,-368,510,-7210,-4829,-6490,0,0
-3711,-327,500,-6030,-1307,-7092,0,0
-1270,-414,558,-4851,-173,-6322,0,0
469,-440,-48,-3899,-160,-4320,0,0
1057,-469,-263,-2603,-1028,-2676,0,0
742,-536,-227,-1972,-824,-1747,0,0
403,-321,-204,-2340,-772,-1680,0,0
286,-77,-190,-2686,-395,-1871,0,0
315,6,-218,-2988,-401,-2079,0,0
179,43,-181,-2980,-1189,-2446,0,0
57,55,4,-3077,-1380,-2559,0,0
110,154,182,-3320,-1458,-2742,0,0
146,290,126,-3221,-1263,-2721,0,0
-20,271,51,-2817,-922,-2335,0,0
-180,164,71,-2361,-665,-2072,0,0
-167,68,215,-2118,-771,-1885,0,0
-207,31,435,-1870,-841,-1269,0,0
-537,194,341,-1999,-771,-1210,0,0
-923,381,6,-2557,-664,-2178,0,0
-1003,365,-220,-3883,-829,-3880,0,0
-805,251,-244,-4963,-677,-5764,0,0
-338,87,-394,-5862,-283,-7215,0,0
691,-118,-750,-6591,4,-7760,0,0
1952,-54,-1138,-6915,-785,-7395,0,0
2966,343,-1376,-5269,-2836,-6114,0,0
2285,906,-955,-2883,-1858,-1959,0,0
594,1239,-323,-596,19,1329,0,0
-1403,586,147,885,252,2825,0,0
-1752,-77,302,-5,742,1691,0,0
-1002,-259,775,-51,776,562,0,0
-1131,-395,636,10,574,-1246,0,0
-1117,-617,340,-630,272,-1287,0,0
-501,-523,124,-701,36,-1389,0,0
595,-412,-298,-1314,210,-2217,0,0
824,-185,-646,-2763,-1095,-4479,0,0
-1044,202,-689,-6190,-4585,-7935,0,0
-2848,100,1800,-6891,-2003,-8034,0,0
-967,68,2115,-6387,892,-6344,0,0
589,-189,-70,-4549,601,-4710,0,0
1554,-372,-1160,-2267,-891,-2960,0,0
1573,-297,-1055,-1441,-1565,-1905,0,0
863,-185,-489,-1546,-1079,-1653,0,0
606,30,-35,-1744,-570,-2151,0,0
294,67,202,-2336,-214,-2299,0,0
193,-145,285,-2168,-547,-2190,0,0
442,-349,234,-2323,-1022,-2250,0,0
364,-431,311,-2440,-1411,-2084,0,0
66,-404,337,-2014,-1585,-1631,0,0
-60,-278,392,-1634,-1339,-1488,0,0
-397,-139,689,-1684,-1173,-1839,0,0
-1016,21,1048,-3204,-1038,-2869,0,0
-1878,166,1169,-6051,-151,-4907,0,0
-1070,215,559,-9296,-393,-6011,0,0
98,215,-530,-8668,-1530,-7152,0,0
748,18,-1701,-6896,-664,-6726,0,0
1439,-80,-2123,-5332,429,-4961,0,0
965,-56,-1706,-2871,-183,-2966,0,0
260,-96,-781,-234,-893,-1031,0,0
-622,-178,345,1159,-378,-143,0,0
-761,-123,1139,1965,358,333,0,0
612,290,1608,1197,435,-20,0,0
769,675,1289,393,883,-33,0,0
825,763,768,78,417,157,0,0
705,573,-56,-708,133,3,0,0
596,69,-866,-3131,185,-919,0,0
621,-204,-980,-5709,-1290,-3771,0,0
-115,-332,222,-6571,-4327,-5335,0,0
-2343,-343,732,-7247,-3412,-6888,0,0
-2947,-475,65,-6037,658,-6958,0,0
155,-516,-634,-4336,-454,-5906,0,0
1476,-463,-1067,-2933,-2084,-3318,0,0
966,-230,-675,-2015,-2328,-1677,0,0
355,115,-200,-1749,-1290,-1018,0,0
79,369,-112,-2179,-462,-2141,0,0
126,146,-185,-2664,-634,-2256,0,0
423,-100,-275,-3076,-1404,-2105,0,0
402,-172,-256,-2989,-2115,-2593,0,0
214,-134,-27,-3032,-2000,-2592,0,0
121,-6,178,-2980,-1677,-2461,0,0
141,121,208,-2698,-1586,-2303,0,0
313,289,70,-2714,-1568,-2392,0,0
248,379,85,-2842,-1598,-2330,0,0
-253,257,255,-2663,-1597,-2353,0,0
-686,-15,415,-2449,-1277,-2089,0,0
-569,-200,459,-2424,-1096,-1669,0,0
-631,-366,367,-2595,-1061,-1374,0,0
-1608,-853,145,-2757,-1157,-3120,0,0
-1968,-1883,-463,-2948,-530,-2684,0,0
648,-1713,-616,-4186,-1566,-1821,0,0
1040,-97,-197,-5449,-3274,-3317,0,0
51,1171,160,-7893,-2630,-6901,0,0
-776,1176,99,-8273,-707,-7334,0,0
1057,1021,-1123,-7646,-400,-6331,0,0
2560,1149,-1896,-4501,-1760,-3296,0,0
1509,867,-640,-1124,-2199,606,0,0
-588,-21,1625,1594,-420,2203,0,0
-2383,108,1906,1076,1907,3036,0,0
-1029,965,719,-916,1383,-1306,0,0
-859,319,-236,-1424,-34,-1412,0,0
-115,-396,-1088,-891,-647,-560,0,0
913,-408,-1333,-192,-1016,-342,0,0
772,-222,-1495,-15,-409,-543,0,0
463,-120,-1576,-1202,-60,-3271,0,0
99,6,-570,-3072,-2034,-7016,0,0
-1277,-53,1072,-4999,-5011,-5683,0,0
-2572,-48,1517,-6739,-729,-7548,0,0
-340,-180,1489,-6892,-1592,-5880,0,0
551,-440,294,-5851,-2264,-4612,0,0
138,-539,-443,-3742,-1739,-3359,0,0
347,-323,-518,-2177,-1620,-2831,0,0
207,-97,-585,-1785,-1107,-2401,0,0
160,138,-401,-1876,-824,-1978,0,0
232,273,97,-1633,-685,-1772,0,0
61,241,714,-1429,-800,-1841,0,0
-282,118,1267,-1753,-869,-1865,0,0
-330,43,1609,-2001,-757,-1741,0,0
-257,72,1576,-2075,-640,-1831,0,0
-307,115,1317,-2846,-308,-2507,0,0
-546,171,982,-4747,20,-3993,0,0
-244,284,113,-6854,-738,-5788,0,0
1030,442,-1250,-7961,-1642,-7220,0,0
1535,677,-2358,-7354,-2619,-7826,0,0
2400,552,-2862,-5598,-2118,-7354,0,0
2648,121,-1948,-3569,-2782,-3966,0,0
496,-351,-184,-638,-1085,-706,0,0
-1346,-544,934,1379,2016,696,0,0
-872,-410,932,2266,2291,-45,0,0
594,-225,940,1207,1116,223,0,0
800,317,862,279,-66,627,0,0
502,798,688,58,-861,370,0,0
52,1091,750,-322,-1239,-148,0,0
-367,1113,786,-474,-1294,-717,0,0
-899,850,165,-2372,-609,-1920,0,0
-1202,325,-499,-6712,224,-5098,0,0
-1184,-760,107,-7429,-2347,-6791,0,0
-2298,-1603,680,-7251,-2805,-8485,0,0
-2755,-2071,413,-5688,-170,-6753,0,0
546,-1239,-5,-3985,-415,-5245,0,0
1543,-166,-344,-3055,-1199,-3583,0,0
825,113,-631,-2443,-718,-3944,0,0
827,123,-712,-2363,-655,-1436,0,0
403,186,-597,-2425,-869,-1579,0,0
81,139,-521,-2440,-398,-2091,0,0
281,19,-428,-2682,-878,-2292,0,0
418,-36,-273,-2755,-1508,-2612,0,0
271,-45,-55,-3042,-1477,-3020,0,0
167,-133,91,-3045,-1296,-2811,0,0
330,-107,76,-2818,-1410,-2641,0,0
350,-62,54,-2783,-1466,-2503,0,0
58,-87,91,-2719,-1385,-2108,0,0
-175,-73,203,-2600,-1213,-1925,0,0
-433,-35,324,-2678,-980,-1843,0,0
-598,29,413,-2383,-883,-1612,0,0
-646,123,480,-1910,-1008,-1543,0,0
-820,214,480,-2124,-867,-1809,0,0
-1080,164,308,-3596,-449,-3454,0,0
-1125,-242,-86,-5691,-96,-4908,0,0
-145,-435,-980,-6958,-1360,-6024,0,0
1880,-306,-1591,-6609,-3294,-5668,0,0
2561,61,-1522,-5404,-3896,-4368,0,0
1821,683,-984,-4614,-2793,-4888,0,0
727,1064,-292,-4420,-890,-4291,0,0
-498,1108,226,-3022,34,-1603,0,0
-1153,602,283,-1111,431,832,0,0
-1172,-459,184,-322,-152,2016,0,0
-605,-673,397,100,-648,745,0,0
-620,-454,681,430,-733,253,0,0
-1396,-203,628,389,79,-17,0,0
-1056,99,358,178,705,-1060,0,0
-493,170,24,-406,1058,-1667,0,0
-100,-43,-528,-2122,1046,-3385,0,0
-26,-282,-475,-4543,-596,-5660,0,0
-213,-311,356,-7037,-4653,-7804,0,0
-2056,-107,1664,-7828,-1351,-7583,0,0
-874,-6,1768,-6554,-18,-5709,0,0
389,-12,-69,-5232,990,-6624,0,0
1188,-109,-731,-2853,-277,-2635,0,0
1618,-89,-874,-1825,-1488,-1520,0,0
1115,-24,-539,-1552,-1685,-1576,0,0
455,26,-142,-1989,-1127,-1870,0,0
309,-96,128,-2217,-634,-2141,0,0
234,-382,207,-2035,-503,-2048,0,0
124,-543,261,-2271,-639,-1628,0,0
-79,-455,325,-2609,-948,-1490,0,0
-249,-249,380,-2324,-1043,-1405,0,0
-382,77,465,-2183,-937,-1484,0,0
-1033,435,439,-2565,-174,-2360,0,0
-1485,502,266,-4378,719,-4503,0,0
-1101,27,-195,-6591,12,-5823,0,0
1856,56,-1013,-7868,-3740,-5772,0,0
1973,478,-1454,-6905,-4266,-5281,0,0
854,887,-1765,-7392,-1951,-6297,0,0
1128,590,-2029,-4666,-1561,-5215,0,0
1392,61,-1527,-3367,-1292,-2882,0,0
684,-343,-210,-1040,-701,-1082,0,0
-918,-492,1093,1025,967,1157,0,0
-1269,-134,1399,2163,2181,656,0,0
168,248,1488,1797,1550,-331,0,0
985,685,1381,856,82,-453,0,0
694,825,960,119,-653,-473,0,0
633,722,561,-1056,-873,-519,0,0
679,389,-197,-2431,-1098,-818,0,0
540,-195,-854,-6229,-1763,-2869,0,0
-1655,-979,311,-8221,-2780,-5488,0,0
-3444,-1403,1105,-8192,-1907,-6433,0,0
-2205,-1219,530,-5874,-203,-6336,0,0
347,-457,-354,-4590,-1171,-5912,0,0
607,129,-549,-3728,-1970,-3757,0,0
403,231,-284,-2615,-1675,-2052,0,0
212,233,-212,-2088,-940,-1612,0,0
88,167,-253,-2177,-517,-1686,0,0
290,-51,-225,-2401,-721,-1708,0,0
115,-208,-229,-2512,-1038,-2060,0,0
79,-158,-179,-2721,-1422,-2470,0,0
252,-98,-24,-2668,-1678,-2634,0,0
180,-44,105,-2361,-1531,-2295,0,0
168,63,226,-1999,-1324,-1869,0,0
163,145,282,-2066,-1097,-1467,0,0
-122,252,365,-2436,-853,-1331,0,0
-694,232,420,-3107,-1179,-2126,0,0
-1292,-111,441,-4125,-1616,-3737,0,0
-1232,-391,371,-5873,-1463,-4992,0,0
110,-265,-291,-7138,-1446,-6354,0,0
1355,21,-1171,-7285,-1264,-6859,0,0
1895,31,-1613,-6520,-1360,-5354,0,0
1741,431,-1387,-4499,-1879,-3206,0,0
486,839,-681,-2571,-1515,-1038,0,0
-1511,663,388,-3640,-583,1434,0,0
-3500,-117,1187,-788,521,1407,0,0
-2416,-554,1074,99,1153,-1018,0,0
120,-364,872,183,40,-1590,0,0
179,-67,-14,-16,77,-620,0,0
455,334,-1088,-101,704,-567,0,0
1367,623,-1345,-379,505,-464,0,0
1597,688,-1454,-796,587,-1308,0,0
1187,794,-1139,-1645,230,-3593,0,0
656,548,469,-3023,-3618,-5412,0,0
-858,173,1910,-8595,-5370,-8288,0,0
-2747,-360,2097,-8289,-794,-7444,0,0
915,-636,510,-5286,-1156,-4627,0,0
1514,-242,-1188,-4199,-2648,-3422,0,0
-36,132,-1296,-2939,-2470,-2362,0,0
-326,298,-966,-1786,-1638,-2726,0,0
-199,242,-843,-1655,-701,-2648,0,0
-56,68,-660,-1280,-679,-2177,0,0
-278,-102,-345,-1280,-1072,-2320,0,0
-412,-64,109,-1546,-1418,-2679,0,0
-484,107,440,-2236,-1495,-3025,0,0
-504,185,467,-2817,-1758,-3120,0,0
-2520,77,284,-2312,-1828,-2951,0,0
-160,-88,120,-1723,-1725,-2136,0,0
48,-165,271,-1223,-1725,-1440,0,0
-107,-62,604,-965,-1583,-1234,0,0
-269,199,918,-1441,-1302,-2262,0,0
-747,334,1123,-3925,-1105,-5074,0,0
-828,157,554,-6532,-915,-8431,0,0
717,44,-1267,-7647,-1750,-8968,0,0
2308,309,-2523,-6337,-2253,-7005,0,0
2346,387,-2172,-3322,-2281,-4428,0,0
1342,410,-740,-756,-1294,-2151,0,0
-669,434,869,711,582,-1195,0,0
-1933,236,1883,1817,1717,-574,0,0
-318,82,2314,1571,903,423,0,0
655,421,2459,-290,66,-377,0,0
400,654,2158,-1080,-302,-589,0,0
598,509,1436,-1002,-457,-66,0,0
564,125,376,-1093,-581,-445,0,0
472,-456,-1262,-3103,-1015,-1216,0,0
616,-849,-2136,-6158,-1410,-3361,0,0
-800,-1161,-1063,-5735,-2897,-6765,0,0
-2581,-1500,-448,-6246,-907,-7639,0,0
-475,-1721,-165,-5147,442,-7404,0,0
1889,-1681,58,-4268,-3068,-5858,0,0
799,-972,345,-3334,-4341,-3527,0,0
-117,-562,513,-2687,-2240,-1765,0,0
477,-376,467,-2151,-1195,-900,0,0
381,-149,99,-2193,-1006,-858,0,0
129,-31,-74,-2872,-1368,-1320,0,0
-165,-38,147,-3051,-1305,-1751,0,0
-508,144,150,-3311,-910,-2096,0,0
-389,193,-26,-3152,-961,-2351,0,0
-212,145,-92,-3022,-908,-2656,0,0
38,98,-94,-3094,-1081,-2192,0,0
349,194,-38,-2798,-1242,-1605,0,0
166,404,56,-2216,-1124,-1473,0,0
-231,586,166,-1773,-1067,-1391,0,0
-333,566,147,-1503,-1154,-1500,0,0
-263,417,153,-2400,-1387,-2048,0,0
-647,146,385,-4143,-2031,-4744,0,0
-887,-335,216,-6790,-2220,-6423,0,0
627,-320,-376,-8212,-2614,-7446,0,0
1378,-29,-894,-7210,-2278,-6761,0,0
1929,386,-1186,-5735,-2178,-4293,0,0
788,632,-276,-2797,-2333,-976,0,0
-1254,363,1017,-1021,-227,1212,0,0
-1410,21,1390,-593,3027,-311,0,0
-652,-477,417,-927,2256,-694,0,0
-25,-368,-1014,-525,-1072,-617,0,0
-175,-401,-1655,-193,-1257,-4,0,0
-309,-319,-1572,34,-512,48,0,0
-68,-203,-1174,331,120,133,0,0
-78,-181,-950,190,707,-1085,0,0
-715,-277,-508,-1424,-504,-3651,0,0
-647,-218,637,-5760,-2517,-5153,0,0
-680,114,1934,-9165,-4582,-8152,0,0
-1944,334,2332,-7066,-1870,-7410,0,0
622,566,1255,-5907,-99,-5511,0,0
1628,355,-166,-4663,-405,-3389,0,0
918,-177,-762,-2981,-1848,-1569,0,0
206,-338,-529,-1830,-2277,-1471,0,0
-46,-152,-8,-1657,-1520,-1900,0,0
25,68,392,-1639,-854,-2239,0,0
-234,89,327,-2410,-456,-2379,0,0
-225,-41,71,-2727,-661,-2193,0,0
128,-155,-87,-2522,-1095,-1872,0,0
32,-158,45,-1946,-996,-1327,0,0
-358,-41,564,-953,-411,-774,0,0
-519,169,1194,-675,-596,-1294,0,0
-697,385,1380,-2868,-279,-3369,0,0
-824,266,1107,-6082,244,-5147,0,0
-37,188,-19,-7199,-466,-6807,0,0
1278,468,-1120,-7026,-1489,-7501,0,0
1812,593,-1669,-6126,-1996,-6552,0,0
1720,663,-2188,-7432,-2175,-5607,0,0
1241,618,-2151,-4288,-1927,-4110,0,0
184,192,-888,-1394,-317,-2052,0,0
-1381,-896,620,964,1432,1698,0,0
-728,-1083,1544,1918,271,586,0,0
394,-606,2677,1323,-628,78,0,0
-586,544,2797,756,-562,894,0,0
-1096,913,1618,-224,210,-1623,0,0
-68,353,454,-2515,1502,-1474,0,0
1051,-470,-848,-2711,1189,-1215,0,0
1256,-1205,-2328,-3857,-1277,-2780,0,0
955,-774,-931,-6962,-4211,-4534,0,0
-2048,191,1153,-9167,-4273,-7990,0,0
-3170,33,533,-7001,223,-7107,0,0
1162,-99,-796,-4452,-195,-5104,0,0
2133,-219,-1741,-2047,-1732,-1797,0,0
1544,-32,-1582,-822,-2099,-334,0,0
743,394,-1081,-543,-1475,-343,0,0
148,705,-742,-1415,-806,-1680,0,0
-560,433,-402,-2912,-568,-3029,0,0
-586,-198,-370,-3162,-1338,-2389,0,0
295,-449,-381,-2857,-2806,-2974,0,0
322,-486,238,-2735,-2762,-3067,0,0
-59,-325,807,-2404,-1964,-2379,0,0
-331,-65,916,-4016,-1646,-2341,0,0
-624,111,887,-1849,-1420,-1965,0,0
-700,255,917,-1849,-1042,-1661,0,0
-832,282,893,-1721,-981,-1457,0,0
-1017,282,712,-2317,-839,-1681,0,0
-995,90,650,-3602,-523,-3610,0,0
-1171,-449,537,-5572,226,-5344,0,0
-368,-769,-100,-7138,-238,-7218,0,0
1301,-597,-499,-7553,-1994,-7044,0,0
1654,-113,-636,-6388,-2576,-6028,0,0
1452,369,-650,-5169,-1379,-4192,0,0
966,793,-514,-3527,44,-2518,0,0
-78,724,-274,-1868,549,-330,0,0
-784,-70,-258,-464,835,1928,0,0
-653,-555,-369,-235,270,2110,0,0
379,-251,66,194,-741,407,0,0
87,59,446,632,-901,-435,0,0
-911,415,919,930,-481,-179,0,0
-1893,921,1400,1545,-293,40,0,0
-1920,1603,1513,202,-930,234,0,0
-1819,2837,2643,-828,-1364,-763,0,0
-3717,4737,5180,2106,200,525,0,0
-2706,7835,8504,10931,-805,270,0,0
-5182,9978,9745,23596,3691,-2677,0,0
872,7779,9024,20196,5689,-6032,0,0
5271,4872,5150,10888,-1353,-4953,0,0
-2585,2523,2355,5727,-1421,-2114,0,0
-7764,1506,1810,5280,179,-1695,0,0
-9470,279,1727,4964,4129,-523,0,0
-4946,-811,2160,2431,5665,174,0,0
-1197,-806,1998,1112,2988,521,0,0
264,-270,1070,2185,1469,146,0,0
99,307,73,2961,24,-141,0,0
-1225,698,-909,3669,93,-730,0,0
-3464,815,-1571,3580,-63,-716,0,0
-416,933,-1675,3425,-500,-797,0,0
189,974,-1572,3881,-596,-1043,0,0
232,1010,-1478,4718,-770,-1129,0,0
355,1081,-1548,5232,-1034,-1503,0,0
791,1101,-1578,5812,-1128,-1350,0,0
1489,991,-1424,6176,-1511,-1331,0,0
1591,595,-1047,5691,-1810,-912,0,0
786,177,-711,5293,-1568,-445,0,0
-87,-201,-519,4880,-1229,-2,0,0
-773,-516,-314,4010,-1255,399,0,0
-1323,-617,-234,3440,-793,537,0,0
-1469,-582,-387,3584,-243,388,0,0
-1217,-502,-584,3320,52,231,0,0
-645,-333,-597,3105,-124,32,0,0
-210,-237,-544,3004,147,-345,0,0
241,-188,-478,3202,52,-468,0,0
103,-82,-280,3679,-256,-738,0,0
-780,41,-57,4030,-285,-1821,0,0
-1694,35,-166,4164,1817,-460,0,0
168,195,-227,3587,1265,-104,0,0
855,177,-32,3345,757,-480,0,0
587,6,69,3393,1259,-221,0,0
544,-178,113,3214,1408,-118,0,0
415,-292,117,3530,1217,96,0,0
83,-275,196,4071,1235,199,0,0
-89,-91,93,4125,1544,-145,0,0
265,173,-325,4231,1400,-284,0,0
1305,417,-786,4036,1004,-377,0,0
2767,425,-865,3867,246,-694,0,0
2628,119,-443,3745,-241,-812,0,0
871,-87,-159,3361,499,-347,0,0
137,-52,45,3446,817,-260,0,0
169,-12,261,3759,994,-335,0,0
489,-13,352,3896,1022,-351,0,0
645,-6,234,3916,791,-520,0,0
298,15,11,3846,719,-778,0,0
-54,18,-124,3752,805,-927,0,0
-158,-41,-103,3674,724,-922,0,0
-280,-111,-40,3549,693,-792,0,0
-360,-70,18,3738,758,-689,0,0
-298,50,133,3831,967,-979,0,0
51,52,193,3679,999,-1049,0,0
278,-21,102,3716,844,-815,0,0
307,-55,-53,3749,730,-711,0,0
