4,10,3,1072,3701,-311,0,0
5,-1,6,1072,3707,-295,0,0
-3,-16,15,1043,3691,-298,0,0
-6,-10,16,1025,3687,-306,0,0
-7,-4,9,1032,3701,-311,0,0
-10,-1,6,1055,3696,-314,0,0
-11,-9,9,1065,3692,-314,0,0
-10,-18,9,1054,3682,-300,0,0
-9,-16,8,1056,3697,-288,0,0
-12,-12,9,1051,3706,-296,0,0
-11,-5,17,1035,3695,-306,0,0
-9,-5,15,1030,3712,-313,0,0
-6,1,7,1053,3703,-304,0,0
-8,-5,9,1045,3687,-307,0,0
-4,-2,8,1058,3696,-311,0,0
2,-3,3,1069,3710,-301,0,0
3,-3,10,1050,3707,-297,0,0
0,-2,11,1031,3700,-305,0,0
0,7,9,1021,3702,-302,0,0
-4,12,3,1041,3706,-303,0,0
-10,7,-4,1065,3706,-312,0,0
-11,-3,-1,1064,3705,-309,0,0
-10,-10,0,1055,3720,-301,0,0
-11,-16,-7,1053,3717,-316,0,0
-10,-28,-6,1047,3694,-319,0,0
-1,-35,-5,1027,3685,-290,0,0
0,-27,-12,1004,3679,-249,0,0
-16,-4,-21,1024,3696,-244,0,0
-39,-10,-28,1041,3710,-306,0,0
-37,-4,-25,1052,3716,-354,0,0
-24,-19,-22,1065,3723,-346,0,0
-21,-67,-32,1039,3729,-321,0,0
-22,-84,-40,1062,3757,-297,0,0
-8,-124,-73,1096,3783,-264,0,0
11,-149,-125,1064,3682,-193,0,0
8,-143,-136,1083,3623,-152,0,0
-7,-199,-144,1078,3621,-146,0,0
19,-205,-155,1078,3762,-125,0,0
87,-104,-139,1039,3850,-64,0,0
120,88,-65,946,3743,-34,0,0
89,262,20,826,3675,-47,0,0
44,326,5,619,3658,-222,0,0
36,414,-101,516,3722,-478,0,0
48,552,-150,700,3809,-706,0,0
92,448,-103,761,3904,-874,0,0
153,443,33,752,3868,-845,0,0
136,485,183,863,3597,-744,0,0
46,141,168,770,3287,-511,0,0
-130,-209,41,805,3320,-140,0,0
-332,-446,-39,761,3628,-200,0,0
-337,-342,-82,764,4503,-403,0,0
-231,272,-90,923,4440,-477,0,0
-187,357,91,920,3236,-398,0,0
-144,-420,192,768,3183,-156,0,0
-71,-671,25,790,3777,118,0,0
-18,-277,-144,841,4148,180,0,0
-2,220,-32,779,4115,-35,0,0
-18,246,164,534,3787,-336,0,0
15,248,148,529,3663,-339,0,0
27,407,14,1028,3722,-129,0,0
-3,329,-83,1216,3733,-97,0,0
-22,153,-77,1172,3643,-184,0,0
-29,149,-17,1160,3672,-268,0,0
-16,23,0,1007,3742,-161,0,0
-30,-35,-19,844,3830,-51,0,0
-101,32,-57,816,3798,-165,0,0
-145,48,-78,937,3749,-200,0,0
-148,-94,-69,1049,3746,-145,0,0
-102,-259,-42,972,3735,-64,0,0
-35,-324,9,849,3754,32,0,0
-3,-332,50,673,3762,88,0,0
-19,-113,50,542,3801,59,0,0
-83,117,31,585,3776,-18,0,0
-147,150,2,681,3809,-131,0,0
-207,71,-41,880,3865,-128,0,0
-243,-152,-78,971,3903,32,0,0
-274,-245,-27,957,3488,62,0,0
-219,-306,63,966,3513,112,0,0
-30,17,33,815,3843,47,0,0
181,533,-48,1016,4018,41,0,0
139,515,-42,982,3717,-2,0,0
-19,505,147,882,3513,-252,0,0
-94,61,165,786,3664,-299,0,0
-131,-93,0,960,3791,-227,0,0
-223,258,-6,1195,3856,-425,0,0
-196,-97,287,2338,3695,-1021,0,0
32,-518,1065,2628,3235,-1299,0,0
163,428,2206,4043,2856,-1582,0,0
359,130,3089,4870,2901,-882,0,0
271,386,4043,5799,3028,-648,0,0
-55,-76,4739,6622,3496,-260,0,0
-370,-1101,5052,7361,3622,-2,0,0
-544,-1947,4932,6143,3336,713,0,0
-196,-3329,3532,3479,3363,744,0,0
8,-2431,2282,3636,930,1381,0,0
-359,-1620,1720,979,92,-67,0,0
-345,-1703,1546,733,-589,-126,0,0
-449,-3547,1534,-663,312,-1029,0,0
545,-1990,1581,-826,583,-63,0,0
844,-1287,1317,-368,1353,296,0,0
606,-2598,1102,1719,1110,-106,0,0
159,-2992,1110,1422,-370,72,0,0
-337,-1613,941,993,-3062,312,0,0
-410,-482,496,2119,-2851,-3084,0,0
24,-444,677,2345,-2904,-5785,0,0
-39,-331,811,1771,-2927,-6451,0,0
-133,-66,627,1125,-2365,-6398,0,0
-8,330,294,1714,-2719,-4860,0,0
290,1308,-463,2619,-3291,-7528,0,0
318,2116,-785,2550,-3534,-5981,0,0
-41,1111,-875,3927,-2916,-5837,0,0
22,834,-590,3965,-2756,-4775,0,0
-102,670,-420,3700,-2387,-4269,0,0
-252,621,-415,3858,-2208,-4684,0,0
-286,513,-448,4471,-2157,-3664,0,0
-562,720,-196,4216,-939,-3202,0,0
-524,617,-259,3000,-75,-3417,0,0
104,1026,-601,1712,-382,-2040,0,0
767,1431,-995,957,-53,-514,0,0
1007,904,-1060,757,202,67,0,0
872,-76,-783,-137,227,132,0,0
916,-261,-505,-319,-238,258,0,0
878,-149,-292,-166,-778,-62,0,0
768,-148,-52,-345,-1271,-13,0,0
520,-172,152,-290,-1619,250,0,0
180,-44,504,-67,-1597,-295,0,0
-378,-123,588,2148,-1803,-2127,0,0
-369,-250,569,4138,-1721,-2864,0,0
-131,190,526,4854,-2506,-2041,0,0
-188,907,266,6631,-1987,-3423,0,0
-73,547,543,4699,-2212,-3670,0,0
143,567,342,4298,-2333,-4372,0,0
330,463,52,4800,-2916,-3702,0,0
230,143,-74,5170,-2870,-3166,0,0
50,-27,-196,5881,-2110,-3220,0,0
-44,-155,-447,5647,-1777,-2733,0,0
-20,-86,-793,5885,-615,-2241,0,0
62,-252,-1247,4541,-708,-1588,0,0
60,-71,-1291,2389,-1432,-1830,0,0
305,532,-1078,1524,-1772,-2253,0,0
575,571,-840,1052,-1401,-2438,0,0
472,162,-586,1500,-1340,-2283,0,0
388,306,-526,2927,-1279,-2584,0,0
294,209,-227,3524,-2659,-2417,0,0
-43,27,93,6404,-3033,-2387,0,0
-322,212,-71,8328,-1766,-1860,0,0
-669,29,121,5837,-1325,-1179,0,0
-1001,-225,103,2118,-1690,-88,0,0
-1035,1122,28,381,-1577,67,0,0
-896,1086,481,-215,-1135,-681,0,0
-858,-150,887,652,-886,-681,0,0
-917,-456,1175,1001,-807,-1229,0,0
-556,-3184,1719,1304,-383,-1942,0,0
-84,-1896,2363,1510,-707,-1002,0,0
-71,-2709,2738,1751,-184,-1065,0,0
-152,-3427,2242,2768,135,-1285,0,0
75,-2105,1166,3090,-427,-1639,0,0
263,-945,-75,3972,-981,-2742,0,0
-89,-427,-709,2881,-2614,-4619,0,0
-634,-814,-408,2127,-3953,-4585,0,0
-606,-410,-558,1131,-3964,-4318,0,0
-239,356,-753,2261,-2931,-4880,0,0
144,138,-636,2631,-2136,-3934,0,0
27,-275,-157,2097,-2331,-3036,0,0
6,-157,108,961,-2472,-3316,0,0
194,566,-124,1880,-2596,-3991,0,0
219,1083,-443,3367,-3014,-4826,0,0
-109,825,-396,3969,-3077,-5381,0,0
-355,483,-90,3976,-3713,-4925,0,0
-586,608,132,4005,-3331,-4059,0,0
-537,988,112,4093,-1380,-3948,0,0
-100,1321,-264,3207,-64,-2955,0,0
168,1422,-675,2380,391,-1437,0,0
319,1443,-1116,1244,513,-764,0,0
424,1226,-1226,392,205,-710,0,0
478,20,-1061,176,-157,-518,0,0
550,-386,-738,-13,-939,214,0,0
598,-180,-453,-286,-1333,-147,0,0
701,-336,-215,-395,-953,-572,0,0
611,-440,72,-467,-1381,89,0,0
124,-430,285,891,-1442,-1423,0,0
-118,-890,427,3565,-1592,-2937,0,0
134,-764,482,4899,-2355,-1968,0,0
289,339,432,5942,-2216,-2945,0,0
448,353,395,4931,-1806,-2984,0,0
200,139,489,3452,-1385,-3666,0,0
77,33,-51,3157,-1503,-4000,0,0
-58,71,-259,3688,-2525,-3432,0,0
-244,-231,-317,3992,-2086,-3249,0,0
-135,-328,-149,3445,-1842,-2829,0,0
-173,-421,-135,2779,-2037,-2658,0,0
-200,51,-257,3301,-1901,-3151,0,0
-44,632,-506,4319,-1437,-3327,0,0
-205,619,-222,4410,-1912,-3155,0,0
-364,189,-57,4234,-2464,-3269,0,0
-65,417,59,4498,-2487,-3237,0,0
154,212,257,4603,-2181,-3228,0,0
289,17,467,4426,-1716,-3421,0,0
421,-143,435,4926,-1838,-3578,0,0
380,-260,420,5313,-2012,-3521,0,0
223,-413,177,5289,-1979,-2868,0,0
118,-120,-275,3646,-1800,-2088,0,0
3,226,-762,1723,-1262,-1418,0,0
-178,556,-799,419,-1842,307,0,0
-361,994,-306,-424,-1313,-79,0,0
-332,575,225,-242,-445,-508,0,0
-347,-118,484,156,-345,20,0,0
-223,-91,625,-153,38,-46,0,0
15,-247,636,377,146,-446,0,0
247,-307,548,745,183,-645,0,0
221,-553,731,1509,-554,-1226,0,0
233,-1127,586,3234,-1085,-2795,0,0
568,-629,283,3750,-2133,-2657,0,0
410,203,77,4591,-2235,-2849,0,0
134,471,-324,4782,-2909,-3172,0,0
-308,295,75,3906,-3328,-3017,0,0
-630,-121,95,2655,-2793,-2637,0,0
-629,258,-470,3024,-2292,-3031,0,0
-399,398,-829,4246,-1374,-2897,0,0
-323,268,-623,3754,-1457,-2074,0,0
-427,342,-214,2682,-1846,-1989,0,0
-410,323,-14,2242,-1755,-2051,0,0
-310,46,123,2495,-1448,-1961,0,0
-178,-242,254,2733,-1179,-1913,0,0
-16,-264,403,2951,-1252,-1926,0,0
116,-268,539,2809,-1322,-2044,0,0
197,-177,515,2855,-1496,-2128,0,0
203,-32,383,3106,-1524,-2339,0,0
136,-23,253,3327,-1666,-2387,0,0
116,139,102,3444,-2056,-2552,0,0
110,311,2,3910,-2493,-2822,0,0
7,297,-190,4594,-2676,-3177,0,0
-109,334,-247,4855,-2519,-3388,0,0
-256,57,-225,4851,-2431,-3300,0,0
-299,71,-126,4850,-2438,-3154,0,0
-346,30,-60,4602,-2378,-3021,0,0
-399,44,56,5315,-2123,-3454,0,0
-298,-125,195,4810,-2292,-2983,0,0
-374,166,269,4384,-1776,-2882,0,0
-154,309,105,3141,-460,-2158,0,0
345,165,-65,1003,167,-818,0,0
527,-245,29,1,106,-94,0,0
526,-909,147,-388,199,-45,0,0
704,-1171,157,-317,-16,69,0,0
883,-1048,-11,-235,-276,169,0,0
932,-812,-46,-350,-492,340,0,0
812,-803,121,-170,-809,77,0,0
476,-886,378,577,-1681,-933,0,0
129,-812,211,2011,-2142,-2544,0,0
418,-129,-124,3859,-3691,-2225,0,0
733,867,-196,5047,-3869,-2901,0,0
770,619,-54,4287,-3323,-3495,0,0
417,336,169,2721,-2973,-4407,0,0
139,-135,65,2422,-3081,-3933,0,0
28,-218,-125,2953,-3340,-2887,0,0
-34,-151,-160,3360,-3229,-2257,0,0
-83,-111,-17,2825,-3246,-2158,0,0
-139,122,29,2788,-3305,-2741,0,0
-151,316,-6,3235,-3306,-2785,0,0
-242,272,10,3348,-3334,-2858,0,0
-248,248,11,3480,-2981,-3300,0,0
-173,203,-58,3943,-3114,-3247,0,0
-163,142,-17,4058,-3089,-3257,0,0
-121,75,45,3784,-3070,-3114,0,0
-111,21,18,3993,-3247,-3128,0,0
-159,-84,-16,4188,-3141,-3111,0,0
-197,-85,-71,4022,-3039,-2999,0,0
-189,175,-346,3872,-2935,-2765,0,0
-9,598,-854,2617,-2365,-2013,0,0
19,660,-860,433,-1932,-368,0,0
-313,679,-398,-727,-1166,-166,0,0
-575,418,83,-225,-797,-151,0,0
-755,-30,501,174,-704,418,0,0
-720,45,737,-210,-241,258,0,0
-503,-63,744,200,-111,-81,0,0
-218,-80,579,805,115,-358,0,0
-51,-100,698,1409,-380,-958,0,0
-47,-492,678,2815,-842,-2811,0,0
236,-450,381,3388,-2071,-2509,0,0
310,480,14,4085,-2214,-2760,0,0
215,358,-176,3940,-2117,-3274,0,0
-90,-165,104,3381,-2819,-2730,0,0
-310,-83,160,2908,-3167,-2321,0,0
-251,150,-118,2872,-3528,-2534,0,0
-77,507,-187,3635,-2837,-3035,0,0
-27,244,-19,3698,-2652,-2498,0,0
-135,57,242,2987,-2581,-2596,0,0
32,151,256,2838,-2498,-2602,0,0
197,249,109,3695,-2661,-2362,0,0
183,152,6,4294,-2514,-2530,0,0
106,60,-14,4236,-2482,-2571,0,0
-46,82,-123,4029,-2683,-2802,0,0
-164,132,-327,4076,-2993,-2880,0,0
-206,169,-457,4449,-2934,-2950,0,0
-230,21,-384,4718,-2963,-2725,0,0
-372,11,-227,4805,-2987,-3095,0,0
-495,-36,-99,4763,-2663,-3219,0,0
-677,46,116,4581,-2474,-2858,0,0
-652,123,15,4227,-1583,-3038,0,0
-87,130,-347,2420,-1126,-1318,0,0
291,404,-304,461,-469,-108,0,0
469,2,4,-185,341,-832,0,0
806,-1136,-40,-607,472,-357,0,0
1117,-1109,-104,-493,245,419,0,0
1211,-846,-241,-186,-104,429,0,0
1163,-552,-293,-142,-761,322,0,0
954,-460,-18,-187,-1241,197,0,0
450,-620,395,351,-2238,-652,0,0
14,-486,409,2284,-2832,-2670,0,0
156,-13,-17,3817,-3342,-2298,0,0
47,954,-192,5288,-3398,-2947,0,0
-274,563,-235,4084,-3013,-3588,0,0
-619,40,-18,3080,-2768,-3809,0,0
-446,-178,-147,3818,-2927,-3037,0,0
-202,-78,-106,3703,-2965,-2295,0,0
-160,9,-39,3947,-2662,-2441,0,0
-64,44,-25,3793,-2746,-2658,0,0
-8,252,-35,3706,-2740,-3000,0,0
5,258,-38,3991,-2775,-2923,0,0
-54,293,-18,4047,-3088,-2656,0,0
-105,289,99,3863,-2959,-2918,0,0
9,127,148,3781,-2883,-2883,0,0
114,86,176,4113,-2982,-2808,0,0
149,-21,210,4347,-2791,-2890,0,0
109,-197,225,4316,-2786,-3180,0,0
29,-298,208,4600,-3090,-3233,0,0
-169,-382,102,4628,-3302,-3057,0,0
-381,-354,-430,4210,-2954,-2826,0,0
-323,43,-800,1951,-2192,-1617,0,0
-162,532,-445,-530,-1669,-227,0,0
-164,707,153,-1284,-1078,16,0,0
-338,196,539,-482,-896,305,0,0
-477,-16,578,-64,-475,646,0,0
-471,187,573,-390,14,334,0,0
-291,151,479,200,133,-136,0,0
-33,130,330,408,189,-206,0,0
61,-23,396,758,2,-335,0,0
13,-289,321,2520,-755,-2311,0,0
463,-223,-39,3189,-1998,-2507,0,0
668,730,-129,5496,-2796,-2584,0,0
583,490,-403,5353,-2813,-2820,0,0
139,31,41,3673,-3398,-2629,0,0
-88,-82,-82,3267,-3498,-2553,0,0
102,189,-407,3588,-3595,-2264,0,0
68,338,-439,4544,-2989,-2534,0,0
-77,180,-185,4387,-2523,-2546,0,0
-203,-231,97,3716,-2756,-2158,0,0
-135,-174,116,3411,-2560,-2438,0,0
40,-109,103,3354,-2593,-2336,0,0
-21,-97,-34,3886,-2552,-2591,0,0
-79,-105,-101,4499,-2705,-2793,0,0
-250,-280,-115,4051,-2907,-2734,0,0
-452,-130,-42,4112,-2861,-3216,0,0
-556,-292,89,4221,-3535,-3502,0,0
-753,-324,300,4362,-3563,-3813,0,0
-697,-506,535,4251,-2891,-3546,0,0
-543,-463,605,4142,-2610,-3109,0,0
-353,-21,424,3846,-1914,-2855,0,0
99,215,62,1972,-968,-1686,0,0
476,503,-207,1214,-285,-443,0,0
692,393,-274,315,442,-274,0,0
627,-431,-288,-75,461,-446,0,0
612,-721,-154,-138,-236,438,0,0
568,-514,-56,-507,-433,164,0,0
633,-605,-67,-498,-406,-105,0,0
669,-542,22,-700,-698,255,0,0
460,-459,189,-29,-1220,-264,0,0
101,-497,296,1510,-2377,-1852,0,0
-51,-2520,101,2925,-3119,-2414,0,0
35,334,-187,4346,-3511,-3004,0,0
78,809,-698,4671,-3345,-4054,0,0
-347,438,-396,3864,-3485,-3878,0,0
-665,-7,-370,3151,-3299,-3344,0,0
-509,204,-327,3372,-3471,-2389,0,0
-594,-7,-286,4033,-2809,-2647,0,0
-496,-212,-137,3806,-2202,-2810,0,0
-268,-162,-113,3202,-2149,-2734,0,0
-170,56,-176,3292,-2321,-2809,0,0
-84,441,-471,3598,-1958,-3117,0,0
-168,439,-266,3321,-1557,-2659,0,0
-361,-215,41,2583,-1729,-2296,0,0
-260,-172,179,2855,-1913,-2617,0,0
-165,-18,281,3313,-2195,-3148,0,0
-322,88,541,3138,-2144,-3920,0,0
-295,-26,508,3249,-2029,-3597,0,0
-14,-166,201,3935,-2204,-2730,0,0
287,-217,-101,3874,-2203,-2524,0,0
397,140,-170,4023,-2213,-3080,0,0
399,148,-181,4491,-2602,-3490,0,0
349,32,-97,4662,-2825,-3369,0,0
202,-209,89,4457,-2805,-3405,0,0
86,-223,91,3982,-2689,-3187,0,0
114,88,-97,3275,-2593,-2580,0,0
81,308,-292,1032,-2095,-1381,0,0
-9,847,54,-804,-1501,0,0,0
-91,848,556,-547,-893,-245,0,0
-280,134,756,-161,-683,402,0,0
-549,81,896,-289,-513,886,0,0
-548,292,904,-168,80,59,0,0
-236,307,871,377,-74,-204,0,0
-16,249,823,939,-356,-335,0,0
-49,-226,736,2541,-835,-2043,0,0
246,-319,324,3098,-1755,-2653,0,0
592,548,-247,5969,-2390,-3060,0,0
750,531,-1253,5331,-1911,-3643,0,0
262,-85,-782,4286,-2540,-3329,0,0
-208,-752,-514,2644,-3027,-2518,0,0
-58,-465,-497,2274,-3515,-1768,0,0
105,-316,-490,2635,-2799,-2277,0,0
291,-254,-321,3422,-2665,-2290,0,0
220,-206,9,3257,-2855,-2034,0,0
-24,-140,310,2703,-3122,-2412,0,0
-65,107,196,2881,-3276,-2742,0,0
-116,293,-85,3763,-3136,-3073,0,0
-254,252,-227,4403,-2873,-3463,0,0
-381,218,-81,4182,-2990,-3309,0,0
-513,60,24,4036,-3105,-3448,0,0
-501,99,79,4198,-3206,-3289,0,0
-475,21,65,4749,-2978,-3215,0,0
-375,82,175,4761,-2578,-3157,0,0
-298,163,291,4541,-2363,-3037,0,0
-206,356,60,3703,-1436,-2738,0,0
41,384,-249,2211,-765,-1370,0,0
324,449,-505,819,-151,-251,0,0
712,257,-362,245,486,-221,0,0
977,-531,-194,-522,730,157,0,0
1141,-361,-174,-186,274,172,0,0
1109,-297,-281,-346,-562,295,0,0
870,-261,-212,-536,-916,25,0,0
604,-349,3,-277,-1602,2,0,0
245,-344,269,709,-2274,-1112,0,0
10,-479,467,2600,-3196,-2067,0,0
-55,-148,292,4514,-3603,-1891,0,0
114,965,-217,5830,-3208,-2487,0,0
56,943,-139,5057,-3177,-2716,0,0
-177,355,-103,4324,-2684,-3251,0,0
37,101,-100,3961,-2917,-2009,0,0
36,-209,160,3681,-2845,-1591,0,0
25,-262,326,3640,-2751,-1918,0,0
124,-235,366,3483,-2803,-2065,0,0
170,-209,168,3505,-3019,-2061,0,0
128,36,-86,3883,-3228,-1970,0,0
-51,30,-205,3910,-3102,-2247,0,0
-166,49,-214,4029,-3083,-2545,0,0
-65,-28,-319,4289,-3179,-2465,0,0
10,-63,-305,4550,-3324,-2241,0,0
-59,-120,-178,4745,-3111,-2572,0,0
-46,-288,3,4566,-2942,-2617,0,0
-14,-472,29,4803,-2964,-2744,0,0
-15,-440,-29,4988,-3401,-2514,0,0
-265,-319,-200,4384,-3483,-2219,0,0
-476,171,-619,2616,-2358,-2067,0,0
-264,664,-637,241,-1885,-507,0,0
-242,854,-259,-998,-1291,315,0,0
-450,675,302,-34,-692,-422,0,0
-428,48,689,-22,-532,37,0,0
-469,268,1068,-93,-358,205,0,0
-513,81,1196,67,-222,-441,0,0
-286,-245,1147,312,-271,-157,0,0
-217,-358,1162,538,-432,-59,0,0
-323,-635,1153,2156,-995,-1768,0,0
99,-931,698,2762,-1757,-1951,0,0
498,15,368,4596,-2773,-2035,0,0
743,387,-528,5274,-2247,-3682,0,0
444,88,-367,4276,-3530,-3531,0,0
-313,-775,36,3260,-4004,-2866,0,0
-409,-658,-27,2095,-4037,-2766,0,0
-189,-500,-172,2591,-3924,-2620,0,0
-183,-432,-136,3300,-3447,-2721,0,0
-294,-610,197,2743,-3027,-2703,0,0
-267,-622,303,1745,-2792,-2655,0,0
-142,-212,126,1962,-3035,-2749,0,0
-114,-47,-105,2856,-3022,-3122,0,0
-361,-131,-303,3054,-3053,-3577,0,0
-854,-160,-437,2951,-3347,-4159,0,0
-1321,-353,-355,2403,-3074,-4523,0,0
-1473,-289,-386,3013,-2979,-4094,0,0
-1436,-173,-428,4149,-2975,-3855,0,0
-1433,-290,-222,4421,-3151,-3556,0,0
-1634,-110,213,4316,-2103,-5142,0,0
-1343,-399,700,3391,-1619,-4810,0,0
-939,-190,785,2779,-646,-3452,0,0
-222,420,584,1295,888,-2297,0,0
357,628,140,512,829,-698,0,0
421,248,-332,19,879,-414,0,0
527,-507,-795,-416,1073,200,0,0
705,-279,-976,-10,180,556,0,0
926,-100,-834,106,-963,472,0,0
983,-416,-568,-105,-1191,99,0,0
888,-681,-278,-283,-1609,213,0,0
424,-529,76,232,-1970,-1504,0,0
140,-838,373,1113,-1829,-2920,0,0
217,-375,431,2015,-3170,-2645,0,0
380,920,193,3109,-2753,-4540,0,0
401,1087,105,3229,-2453,-5592,0,0
-148,652,-220,2937,-1481,-6308,0,0
-424,68,-450,2670,-2089,-4712,0,0
-537,7,-546,2990,-2188,-3711,0,0
-370,-19,-566,3396,-1618,-3577,0,0
-176,-178,-454,2784,-1615,-3436,0,0
-143,3,-396,2403,-1533,-3530,0,0
-116,70,-343,2647,-1597,-3561,0,0
93,279,-277,2625,-1406,-3350,0,0
236,559,-34,2561,-1214,-3371,0,0
124,231,278,2531,-1684,-3235,0,0
41,388,497,3151,-1851,-4164,0,0
135,344,791,3189,-2048,-4240,0,0
52,-84,872,3186,-2285,-4042,0,0
251,-88,755,3176,-2223,-4261,0,0
650,-298,700,2592,-2126,-3906,0,0
655,-279,489,2755,-2265,-3591,0,0
432,25,257,3363,-2451,-3811,0,0
291,-102,47,3664,-2423,-3931,0,0
206,-197,-116,3693,-2707,-3910,0,0
75,-205,-230,3612,-2658,-3917,0,0
23,-102,-377,3222,-2716,-3173,0,0
-107,216,-713,1893,-2283,-2411,0,0
-120,444,-752,671,-1732,-1171,0,0
110,818,-500,4,-1492,-205,0,0
201,1077,49,-480,-1061,-155,0,0
3,329,507,32,-752,-178,0,0
6,-27,666,-89,-580,-52,0,0
197,48,768,-360,-210,-257,0,0
348,-161,673,296,-106,-458,0,0
439,-138,606,654,-304,-782,0,0
268,-447,467,2096,-906,-2198,0,0
175,-663,392,2027,-2043,-2272,0,0
253,155,197,3941,-2387,-2538,0,0
432,492,-563,3805,-1955,-3531,0,0
161,443,-422,4027,-3006,-3825,0,0
-141,41,-318,2841,-3435,-3384,0,0
-138,3,-281,2395,-4077,-2865,0,0
-22,122,-242,2615,-3307,-3009,0,0
114,30,-119,3262,-2583,-3045,0,0
266,-73,-33,3047,-2731,-2946,0,0
244,-56,29,3035,-3145,-2899,0,0
38,-54,6,3039,-3381,-3087,0,0
-113,-86,-71,3140,-3274,-3449,0,0
-179,-48,-195,3326,-3333,-3691,0,0
-242,-108,-152,3443,-3438,-3817,0,0
-270,-229,-38,3436,-3483,-3519,0,0
-379,-136,76,3573,-3308,-3614,0,0
-406,-184,43,3953,-3113,-3753,0,0
-300,29,141,4104,-2750,-3653,0,0
-399,-117,338,3932,-2749,-3641,0,0
-517,6,276,3298,-2399,-3403,0,0
-325,393,-10,2238,-1469,-2377,0,0
118,833,-342,1281,-602,-843,0,0
492,985,-438,619,42,-157,0,0
687,254,-266,-55,545,-545,0,0
816,-383,-163,-457,402,-124,0,0
827,-293,-196,-225,-190,245,0,0
788,-493,-288,-657,-526,63,0,0
715,-591,-299,-699,-952,-41,0,0
479,-564,-103,-79,-2169,-319,0,0
74,-400,232,1109,-2794,-2255,0,0
-95,-585,815,2776,-3648,-1999,0,0
44,21,611,3732,-4150,-2810,0,0
407,1060,190,4547,-3745,-3612,0,0
125,775,84,3883,-3258,-3602,0,0
-134,275,127,3289,-2825,-3668,0,0
26,-34,268,2914,-3114,-2884,0,0
141,-268,238,2351,-3204,-2594,0,0
216,-309,45,2655,-3036,-2382,0,0
275,-194,-126,3107,-3250,-2628,0,0
269,-175,-212,3052,-3528,-2588,0,0
25,-18,-307,3511,-3584,-2848,0,0
-199,-103,-366,3628,-3556,-2909,0,0
-359,-118,-464,3281,-3399,-2855,0,0
-335,49,-588,3392,-3441,-3256,0,0
-152,-96,-628,3960,-3391,-3095,0,0
-55,-162,-559,4232,-3340,-3046,0,0
-77,-216,-376,4883,-3209,-3653,0,0
-98,-418,-58,4613,-3474,-3551,0,0
-37,-480,111,4766,-3648,-3919,0,0
101,-347,188,4081,-3616,-2903,0,0
-110,-231,175,1677,-2772,-1542,0,0
-173,495,186,-143,-1610,-738,0,0
-25,940,427,-1689,-599,-264,0,0
-475,353,724,-1173,-345,47,0,0
-803,28,712,184,-350,308,0,0
-675,227,788,-164,-402,388,0,0
-440,144,835,342,-221,-173,0,0
-69,-31,879,434,-82,-130,0,0
143,-156,971,-87,186,64,0,0
97,-332,1022,796,-536,-977,0,0
184,-688,470,2252,-1701,-2691,0,0
638,153,81,3380,-3304,-2860,0,0
777,739,-555,4588,-3344,-4141,0,0
360,370,-557,3182,-4068,-4084,0,0
-273,-61,-466,2812,-4252,-3838,0,0
-145,206,-870,2176,-4240,-3325,0,0
117,320,-958,2855,-3515,-2989,0,0
215,-65,-552,3446,-3374,-2332,0,0
216,10,23,2496,-3678,-2026,0,0
267,137,267,2111,-3673,-3047,0,0
263,61,140,2908,-3655,-2933,0,0
56,173,-16,3845,-3463,-2782,0,0
-162,-146,-43,4051,-3136,-2972,0,0
-234,-94,-78,3776,-3164,-3038,0,0
-302,-54,-244,4214,-3253,-3073,0,0
-449,-118,-287,4341,-3572,-2933,0,0
-740,-78,-157,4506,-3920,-3391,0,0
-912,-210,165,4539,-4040,-4160,0,0
-1000,-368,459,4525,-3483,-3796,0,0
-1148,43,539,3403,-2152,-2675,0,0
-833,535,339,1378,-637,-1776,0,0
-28,893,92,483,-188,-1017,0,0
499,302,-118,-273,-15,-60,0,0
814,-261,-325,-857,963,-364,0,0
1204,-315,-459,-227,586,-134,0,0
1081,-520,-530,-386,-433,392,0,0
796,-540,-474,39,-855,142,0,0
616,-713,-193,9,-1231,95,0,0
253,-699,213,28,-1979,-795,0,0
-21,-579,447,913,-2815,-2100,0,0
-56,-228,464,2631,-3896,-2151,0,0
145,653,-147,4247,-4153,-3463,0,0
338,1252,-322,4365,-3854,-3398,0,0
-190,575,-160,3332,-2607,-4609,0,0
-228,55,-156,2784,-2473,-3643,0,0
-201,-287,-216,2697,-2637,-2688,0,0
-243,-375,-346,2924,-2610,-2243,0,0
-203,-210,-368,3437,-3135,-2068,0,0
-44,80,-244,3073,-3192,-2617,0,0
196,282,-178,3052,-2969,-2864,0,0
369,280,-155,3190,-2814,-2658,0,0
313,178,-55,2897,-2631,-2372,0,0
192,196,20,2802,-2592,-2381,0,0
203,127,-5,2505,-2320,-2252,0,0
159,60,15,2439,-2177,-2094,0,0
-84,52,146,2473,-2591,-2272,0,0
-385,-56,422,2687,-2844,-2665,0,0
-452,-267,539,2433,-2736,-2439,0,0
-467,61,534,2640,-2768,-2550,0,0
-454,-102,273,3212,-2804,-2730,0,0
-267,-171,-62,3287,-2890,-2937,0,0
-66,-293,-249,3595,-2911,-2909,0,0
78,-411,-320,3881,-3012,-3005,0,0
160,-382,-357,4415,-3114,-3617,0,0
366,-543,-323,4549,-3099,-4040,0,0
461,-633,-156,4299,-3937,-3327,0,0
87,-501,136,4327,-4369,-3894,0,0
93,-699,306,3533,-3875,-3874,0,0
241,-673,319,1828,-3502,-1910,0,0
125,56,221,415,-2505,-462,0,0
119,709,111,-835,-900,210,0,0
-165,1008,458,-1328,-255,172,0,0
-699,560,802,89,-456,-45,0,0
-830,443,1056,-217,-578,506,0,0
-813,441,1247,51,-357,-257,0,0
-472,265,1227,314,-184,-608,0,0
-122,18,1245,49,-220,-158,0,0
-99,-110,1147,1347,-747,-1620,0,0
21,-569,662,1963,-1672,-3024,0,0
273,-113,466,2973,-2835,-3081,0,0
492,525,-660,4294,-3055,-3838,0,0
67,592,-1115,3114,-3453,-4843,0,0
-645,-340,-854,2624,-3863,-3789,0,0
-780,-308,-995,1407,-3653,-2971,0,0
-646,-68,-828,1887,-2630,-2910,0,0
-534,-350,-947,2553,-2206,-2883,0,0
-295,-155,-902,2891,-2354,-3426,0,0
-25,-232,-470,2421,-2917,-3018,0,0
-92,-222,-80,1847,-3110,-3301,0,0
-31,-201,142,2011,-2899,-3852,0,0
236,-129,158,1853,-2514,-3314,0,0
279,100,188,2185,-2643,-3078,0,0
200,-21,163,2282,-2485,-3303,0,0
219,131,-3,2477,-2774,-3285,0,0
122,451,-214,3351,-2804,-3933,0,0
29,499,-268,4162,-3213,-4161,0,0
-178,338,-215,4456,-3575,-4311,0,0
-474,184,-84,4780,-3316,-4481,0,0
-729,240,102,4512,-3046,-3287,0,0
-1022,526,118,4031,-2364,-3177,0,0
-592,886,5,2973,-965,-2697,0,0
107,1523,-199,1621,-73,-1854,0,0
336,1213,-249,619,164,-1825,0,0
466,-191,-229,-877,408,-632,0,0
843,-218,-162,-791,59,306,0,0
1118,-111,-266,144,-621,291,0,0
1285,-384,-347,-480,-544,154,0,0
1088,-485,-202,-555,-1020,313,0,0
612,-393,-24,19,-1561,-575,0,0
-53,-181,181,959,-2586,-1935,0,0
-443,-495,546,2532,-2751,-2192,0,0
-449,-428,393,3113,-3135,-1918,0,0
-57,1047,-190,4783,-2992,-2887,0,0
10,1245,-363,5066,-3119,-3131,0,0
-390,540,-264,4312,-2174,-3445,0,0
-364,253,48,3400,-2483,-3232,0,0
-86,0,9,3136,-2578,-3130,0,0
255,-14,-243,3324,-2686,-2343,0,0
386,-14,-364,3848,-2417,-2466,0,0
316,-36,-263,3869,-2787,-2657,0,0
66,39,-143,3865,-3319,-3161,0,0
-145,-38,-4,4048,-3181,-3582,0,0
-135,-270,-3,4629,-3328,-3338,0,0
45,-433,227,4538,-3458,-2952,0,0
147,-619,475,4282,-3176,-3230,0,0
370,-660,484,4496,-3016,-3536,0,0
509,-897,345,4799,-2973,-3122,0,0
461,-647,475,5017,-3424,-2982,0,0
208,-780,566,4473,-3599,-3315,0,0
-19,-765,268,3587,-2952,-2523,0,0
-259,-546,-399,1045,-2016,-741,0,0
-554,180,-612,-638,-1497,61,0,0
-509,666,-204,-1097,-1186,-2120,0,0
-291,883,381,-855,-888,-311,0,0
-165,330,717,359,-715,-61,0,0
-32,268,805,-36,-307,259,0,0
-100,479,903,315,-36,-26,0,0
-134,91,783,472,259,-682,0,0
31,-31,800,45,46,-368,0,0
-169,-361,640,1137,-682,-1988,0,0
-259,-853,309,1774,-1804,-3140,0,0
-119,-247,283,3290,-3867,-1949,0,0
441,278,-780,5425,-3153,-3746,0,0
625,534,-981,3666,-3527,-4380,0,0
-239,-79,-471,2970,-3846,-4450,0,0
-526,-388,-638,1494,-3875,-3648,0,0
-538,22,-646,2198,-3397,-2768,0,0
-491,-86,-753,2725,-2268,-3114,0,0
-10,91,-595,2915,-2729,-2416,0,0
98,330,-180,2603,-2787,-2392,0,0
54,117,251,2388,-2635,-2623,0,0
227,9,398,2308,-2565,-2372,0,0
382,147,371,2355,-2234,-2351,0,0
357,-47,278,2418,-2067,-2606,0,0
235,-45,167,2350,-2181,-2822,0,0
139,48,25,2613,-2414,-2827,0,0
-31,-81,-42,3100,-2773,-2928,0,0
-236,-137,-134,3229,-2896,-2999,0,0
-483,-86,-154,3125,-3246,-2707,0,0
-613,115,-170,3082,-3093,-2771,0,0
-580,354,-174,3388,-2784,-2865,0,0
-488,463,-322,4493,-2524,-3223,0,0
-259,533,-324,4927,-2597,-3061,0,0
-357,517,-292,4912,-2691,-2754,0,0
-618,730,-379,5457,-2096,-3132,0,0
-786,619,-402,5094,-1632,-2601,0,0
-1051,789,-298,4656,-1284,-3075,0,0
-887,866,-300,3024,-872,-2346,0,0
-420,926,-245,1986,-700,-3992,0,0
248,-123,-46,897,-677,-1212,0,0
960,-1234,135,-1334,492,-302,0,0
1508,-1336,624,-546,549,-1010,0,0
1412,-1923,785,469,-1891,-391,0,0
677,-2106,1242,2192,-2709,-2143,0,0
189,-3002,1666,2462,-3424,-2075,0,0
334,-1234,989,2020,-4025,-2712,0,0
941,1066,16,1181,-2838,-3461,0,0
544,941,285,-4,-2198,-2522,0,0
-459,148,257,1174,-1327,-3176,0,0
-577,-205,126,1942,-1864,-2948,0,0
-430,-472,80,2098,-3290,-1509,0,0
-375,344,-20,2228,-3188,-2380,0,0
-194,698,-107,1258,-2141,-3160,0,0
-241,414,-39,1143,-1876,-3327,0,0
-323,-46,-141,1631,-2162,-3431,0,0
-140,-130,-286,1922,-2519,-3358,0,0
89,-75,-340,2046,-2290,-3266,0,0
84,-141,-219,1811,-2079,-3140,0,0
-109,-271,-56,1656,-2180,-3060,0,0
-181,-286,-40,1719,-2175,-3035,0,0
-80,-254,-57,1749,-2047,-2956,0,0
54,-90,-16,1563,-2131,-2582,0,0
34,100,48,1522,-2252,-2742,0,0
61,138,92,1591,-2258,-3103,0,0
166,101,101,1713,-2323,-3187,0,0
255,77,120,1811,-2435,-3105,0,0
248,-49,162,1816,-2519,-2868,0,0
143,-98,188,1887,-2388,-2808,0,0
94,-54,194,1782,-2406,-2601,0,0
35,31,147,1724,-2535,-2488,0,0
-17,122,104,1717,-2560,-2683,0,0
-7,210,81,1521,-2645,-2492,0,0
-32,424,6,1764,-2716,-2777,0,0
7,451,-95,1963,-2639,-3110,0,0
30,305,-112,1975,-2534,-2973,0,0
-39,179,-49,1895,-2536,-2740,0,0
-147,97,-4,1939,-2560,-2666,0,0
-134,22,-38,1893,-2531,-2566,0,0
-78,-33,-96,1877,-2551,-2403,0,0
-70,9,-165,1980,-2530,-2609,0,0
-54,74,-184,2130,-2569,-2956,0,0
-47,106,-151,2109,-2548,-2991,0,0
-122,61,-54,1984,-2492,-2786,0,0
-247,-32,50,1941,-2351,-2704,0,0
-279,-92,55,2087,-2274,-2682,0,0
-193,-105,-24,2296,-2250,-2693,0,0
-140,-144,-62,2305,-2165,-2664,0,0
-164,-161,-31,2185,-2063,-2739,0,0
-188,-227,-19,1988,-2011,-2850,0,0
-162,-276,-51,1809,-2014,-2875,0,0
-141,-214,-86,1730,-2006,-2932,0,0
-138,-133,-102,1791,-2039,-3014,0,0
-106,-64,-90,1773,-1978,-2944,0,0
-10,-42,-45,1731,-1851,-2900,0,0
75,3,-37,1739,-1874,-2879,0,0
106,106,-79,1889,-1802,-3155,0,0
96,68,-103,2021,-1830,-3229,0,0
60,-15,-69,2068,-1953,-2995,0,0
34,-12,12,2069,-2020,-2956,0,0
74,-43,59,2018,-1947,-3039,0,0
175,-85,74,1961,-1992,-2862,0,0
213,-70,40,1970,-2013,-2890,0,0
214,-13,18,1928,-1956,-2889,0,0
171,121,12,1832,-2029,-2738,0,0
58,186,8,1829,-2202,-2760,0,0
7,187,-21,1846,-2159,-2835,0,0
34,213,-46,1908,-2114,-2823,0,0
92,200,-69,1980,-2109,-2878,0,0
127,151,-67,2054,-2221,-3000,0,0
109,70,-53,2185,-2296,-3187,0,0
128,-9,-46,2271,-2316,-3069,0,0
82,-60,27,2200,-2340,-2818,0,0
-14,-133,122,2059,-2243,-2654,0,0
-14,-112,77,1880,-2036,-2561,0,0
-2,-66,-241,1578,-1710,-2372,0,0
-130,76,-758,1288,-1305,-2254,0,0
-381,269,-1440,1388,-1060,-2062,0,0
-668,421,-2000,1969,-986,-1737,0,0
-972,623,-2334,2097,-734,-1517,0,0
-1219,1036,-2648,2195,-304,-2012,0,0
-1228,1117,-3025,2378,11,-2180,0,0
-1208,1175,-3230,2944,228,-2191,0,0
-1165,1141,-3282,3138,514,-2191,0,0
-1091,1448,-3208,2943,1785,-2086,0,0
-803,1881,-3392,2904,2779,-2167,0,0
-364,2826,-3505,3084,3397,-949,0,0
22,4336,-3526,2864,4398,-457,0,0
274,2648,-3559,2645,4900,-155,0,0
142,160,-3168,2417,4949,-293,0,0
-102,-1155,-2311,2103,4494,-248,0,0
-321,-1029,-1337,1622,3924,-251,0,0
-351,-235,-676,1401,3694,-137,0,0
-320,576,-307,1624,3541,-66,0,0
-316,943,-89,1704,3529,-147,0,0
-336,780,24,1816,3589,-275,0,0
-363,136,92,1688,3804,-274,0,0
-383,-447,182,1375,3979,-223,0,0
-339,-672,240,779,4001,-506,0,0
-108,-440,209,324,3969,-652,0,0
82,-419,100,669,3843,-381,0,0
94,-605,-12,918,3820,-135,0,0
95,-314,-39,1029,3832,-88,0,0
158,-159,-28,1144,3910,48,0,0
170,-244,17,992,3856,176,0,0
100,-122,114,829,3784,93,0,0
11,54,148,801,3782,28,0,0
-70,-32,24,688,3840,-95,0,0
-75,-396,-187,682,3849,-319,0,0
-12,-684,-380,310,3915,-415,0,0
-20,-255,-326,352,3886,-353,0,0
-122,39,-188,327,3760,-385,0,0
-124,129,-152,281,3637,-432,0,0
-65,228,-169,442,3600,-449,0,0
-25,315,-122,691,3556,-502,0,0
28,300,-17,770,3506,-567,0,0
48,121,72,679,3458,-443,0,0
-6,-87,118,644,3508,-318,0,0
-61,-213,170,609,3600,-234,0,0
-116,-265,265,523,3700,-232,0,0
-129,-275,341,549,3983,-286,0,0
-37,-294,307,575,4315,-141,0,0
87,119,326,623,3777,-324,0,0
241,468,495,624,3525,-446,0,0
347,421,508,744,3840,-237,0,0
361,760,431,865,3815,-174,0,0
300,1227,428,1143,3633,-266,0,0
150,773,305,1420,3523,-283,0,0
-20,-219,38,1272,3393,-234,0,0
-160,-639,-133,1065,3158,-183,0,0
-256,-546,-174,1157,3141,-165,0,0
-277,-559,-303,1320,3518,-197,0,0
-182,-723,-526,1394,4093,-212,0,0
10,-718,-702,1400,4711,-211,0,0
202,-316,-620,1170,4542,-156,0,0
281,437,-188,962,4134,-103,0,0
230,862,260,1114,3896,-189,0,0
156,731,479,1203,3577,-277,0,0
112,480,481,1193,3350,-274,0,0
41,221,228,1292,3181,-296,0,0
-36,-51,-186,1448,3143,-347,0,0
-72,-322,-590,1532,3544,-389,0,0
-32,-542,-904,1507,4203,-265,0,0
-3,-379,-866,1283,4190,-160,0,0
-70,66,-358,1138,3793,-287,0,0
-173,18,256,1117,3514,-384,0,0
-211,-384,712,1066,3412,-291,0,0
-111,-405,890,940,3527,-146,0,0
64,13,733,859,3622,-141,0,0
187,429,449,908,3704,-210,0,0
162,589,242,927,3947,-119,0,0
-54,498,129,977,4058,-232,0,0
-301,-64,117,776,3754,-427,0,0
-423,-839,142,591,3776,-587,0,0
-360,-1528,-23,211,3842,-740,0,0
-153,-1133,-255,266,3909,-746,0,0
35,-240,-352,671,4164,-720,0,0
165,91,-248,792,3969,-534,0,0
178,198,109,714,3510,-422,0,0
60,177,371,789,3339,-400,0,0
-39,-203,338,954,3595,-461,0,0
-8,-499,126,902,3910,-325,0,0
21,-211,-19,838,3757,-441,0,0
53,31,-42,979,3614,-573,0,0
76,-95,-66,1143,3836,-544,0,0
82,-373,-105,1046,3805,-522,0,0
105,-338,-43,885,3606,-443,0,0
135,15,48,913,3576,-371,0,0
154,210,23,995,3638,-353,0,0
175,281,-46,950,3547,-318,0,0
199,424,-9,925,3431,-232,0,0
195,534,75,978,3575,-167,0,0
131,569,60,1016,3773,-179,0,0
13,583,-37,1088,3821,-251,0,0
-144,431,-105,1156,3724,-346,0,0
-294,69,-126,1158,3667,-421,0,0
-364,-194,-155,1079,3664,-447,0,0
-340,-139,-190,1073,3726,-516,0,0
-205,267,-201,1085,3798,-777,0,0
68,1353,-81,1334,3769,-924,0,0
272,987,9,1758,3711,-734,0,0
298,-647,-49,1301,3637,-372,0,0
247,-886,-20,849,3596,-207,0,0
215,-14,96,895,3643,-212,0,0
169,530,124,1145,3743,-294,0,0
99,272,38,1218,3763,-349,0,0
14,-69,-9,1107,3872,-308,0,0
-91,-154,82,1017,3862,-431,0,0
-127,-231,209,1000,3680,-452,0,0
-101,-343,205,952,3633,-442,0,0
-36,-218,112,936,3548,-430,0,0
30,54,-6,972,3502,-412,0,0
50,146,-123,1040,3583,-462,0,0
27,74,-211,1075,3600,-484,0,0
3,-5,-243,1094,3601,-467,0,0
9,-64,-218,1071,3679,-445,0,0
29,-6,-157,1037,3703,-386,0,0
65,141,-66,1058,3730,-370,0,0
71,243,37,1047,3822,-342,0,0
2,277,130,1052,3790,-393,0,0
-89,157,170,1060,3658,-445,0,0
-140,-88,151,1046,3589,-484,0,0
-172,-303,84,993,3584,-551,0,0
-130,-243,4,874,3707,-598,0,0
-40,105,-35,911,3793,-638,0,0
13,174,-41,1045,3780,-597,0,0
13,-2,-38,1028,3689,-475,0,0
-1,-64,-16,1013,3657,-412,0,0
-9,-61,-22,1018,3626,-431,0,0
6,-46,-40,1028,3587,-392,0,0
27,-14,-32,1032,3654,-351,0,0
30,40,-11,1028,3710,-330,0,0
1,76,25,1053,3721,-329,0,0
-44,26,71,1047,3712,-355,0,0
-60,-20,107,995,3716,-357,0,0
-50,29,134,941,3683,-395,0,0
-30,65,157,993,3722,-503,0,0
7,-302,155,1041,3698,-552,0,0
22,-638,160,826,3780,-524,0,0
-10,-175,135,887,3766,-566,0,0
-49,86,49,1044,3622,-590,0,0
-53,-3,-8,1106,3597,-505,0,0
-45,-110,-55,1077,3625,-451,0,0
-30,-49,-106,1030,3603,-352,0,0
-18,145,-105,1107,3688,-333,0,0
-14,132,-76,1182,3723,-377,0,0
-21,-30,-23,1125,3714,-347,0,0
-33,-53,60,1101,3751,-312,0,0
-41,0,122,1112,3747,-366,0,0
-30,-13,148,1100,3762,-361,0,0
-7,-20,131,1060,3812,-331,0,0
-18,41,85,1031,3746,-391,0,0
-49,51,42,1044,3665,-490,0,0
-48,-52,-20,1103,3660,-553,0,0
-13,-216,-73,1173,3732,-517,0,0
8,-387,-74,1089,3684,-389,0,0
38,-305,3,977,3600,-258,0,0
79,-14,70,1026,3578,-273,0,0
90,99,52,1069,3550,-272,0,0
73,111,28,1043,3589,-208,0,0
73,306,55,1040,3657,-192,0,0
57,548,106,1161,3615,-270,0,0
-24,476,126,1250,3595,-330,0,0
-125,172,78,1288,3621,-379,0,0
-192,-139,6,1268,3594,-404,0,0
-223,-278,-21,1236,3553,-418,0,0
-229,-311,-17,1243,3563,-378,0,0
-236,-336,-27,1244,3578,-324,0,0
-245,-343,-59,1240,3559,-295,0,0
-248,-295,-65,1123,3371,-185,0,0
-265,-117,-34,1131,3525,-131,0,0
-310,45,-100,1140,3728,-11,0,0
-418,208,-279,1311,3976,-69,0,0
-490,-19,-528,1509,4036,-257,0,0
-412,-587,-641,1331,3947,-137,0,0
-264,-613,-491,1065,3945,7,0,0
-104,-142,-237,1098,3917,28,0,0
34,72,-79,1178,3826,50,0,0
142,13,14,1090,3743,210,0,0
173,-9,61,1071,3760,316,0,0
140,-16,44,970,3803,383,0,0
79,189,26,932,3802,508,0,0
-83,473,19,878,3645,436,0,0
-278,593,87,830,3543,300,0,0
-402,367,130,702,3671,223,0,0
-389,-53,23,271,3836,-21,0,0
-186,111,-117,96,3987,-237,0,0
-19,586,-174,188,3953,-94,0,0
42,940,-147,530,3955,-250,0,0
105,728,-146,679,3879,-199,0,0
94,353,-139,825,3845,-54,0,0
82,234,-35,973,3835,-165,0,0
108,-112,61,743,3820,-87,0,0
101,-355,103,553,3864,25,0,0
94,-377,129,552,3897,12,0,0
160,-307,173,572,3909,99,0,0
193,-212,229,666,3861,205,0,0
160,-192,266,749,3895,220,0,0
109,-233,261,784,3820,112,0,0
94,-295,226,834,3757,40,0,0
119,-351,162,884,3770,44,0,0
163,-336,95,876,3717,14,0,0
229,-224,66,928,3763,-26,0,0
285,-134,52,955,3758,-60,0,0
320,-67,73,936,3718,-68,0,0
338,32,117,916,3715,-24,0,0
311,132,149,915,3646,-71,0,0
267,182,158,933,3510,-110,0,0
215,184,144,935,3364,-148,0,0
180,186,126,934,3295,-156,0,0
146,233,61,1044,3527,-228,0,0
111,200,-90,1140,3745,-342,0,0
67,126,-171,1143,3689,-441,0,0
1,134,-117,1158,3658,-480,0,0
-70,106,-61,1206,3641,-557,0,0
-73,-11,-36,1234,3590,-556,0,0
-22,-82,-34,1181,3628,-477,0,0
26,20,-6,1182,3715,-398,0,0
47,92,39,1199,3761,-389,0,0
55,78,115,1129,3790,-315,0,0
52,164,200,1089,3811,-259,0,0
39,263,240,1079,3699,-258,0,0
4,261,256,1074,3626,-262,0,0
-61,138,239,1107,3720,-282,0,0
-123,-57,151,1116,3798,-354,0,0
-126,-157,66,1056,3722,-398,0,0
-65,-68,62,1072,3684,-429,0,0
15,39,58,1122,3668,-504,0,0
82,88,19,1181,3622,-458,0,0
92,-14,-28,1194,3582,-340,0,0
54,-124,-73,1153,3608,-293,0,0
27,-100,-110,1206,3762,-309,0,0
29,-98,-141,1224,3851,-348,0,0
34,-93,-113,1179,3833,-387,0,0
26,-15,-21,1151,3701,-413,0,0
15,6,42,1151,3554,-392,0,0
15,-44,6,1147,3550,-364,0,0
39,-7,-91,1128,3512,-372,0,0
77,103,-141,1194,3584,-314,0,0
82,134,-157,1215,3763,-245,0,0
24,161,-124,1160,3685,-207,0,0
-100,172,-10,1195,3587,-290,0,0
-200,-16,58,1225,3583,-347,0,0
-231,-215,41,1152,3626,-425,0,0
-168,-163,12,1079,3731,-538,0,0
-34,43,3,1056,3751,-653,0,0
64,33,17,1069,3707,-611,0,0
100,-27,44,1053,3705,-439,0,0
119,59,86,1116,3678,-350,0,0
112,49,85,1124,3627,-350,0,0
65,-11,39,1151,3562,-366,0,0
1,-124,-2,1193,3636,-347,0,0
-52,-203,-26,1183,3679,-354,0,0
-88,-196,-13,1195,3630,-417,0,0
-97,-203,20,1201,3620,-444,0,0
-73,-185,46,1168,3618,-427,0,0
-59,-149,61,1166,3627,-429,0,0
-73,-177,60,1152,3650,-419,0,0
-75,-187,72,1143,3671,-401,0,0
-60,-169,87,1125,3704,-368,0,0
-42,-129,90,1088,3706,-356,0,0
-29,-77,89,1091,3716,-315,0,0
-60,-93,61,1087,3667,-322,0,0
-84,-123,34,1081,3612,-312,0,0
-106,-73,6,1118,3647,-280,0,0
-102,-106,-3,1140,3691,-401,0,0
-38,-64,22,1151,3698,-394,0,0
-40,-63,25,1192,3691,-393,0,0
-33,-135,9,1141,3665,-396,0,0
15,-126,-1,1114,3704,-369,0,0
75,-36,2,1106,3695,-324,0,0
66,30,20,1151,3688,-257,0,0
3,19,23,1112,3663,-270,0,0
-26,42,8,1129,3660,-364,0,0
-38,21,-32,1129,3621,-377,0,0
-38,23,-65,1143,3599,-355,0,0
-28,25,-90,1181,3650,-355,0,0
-22,3,-113,1200,3721,-381,0,0
-18,21,-99,1207,3705,-381,0,0
3,44,-45,1189,3685,-377,0,0
21,60,-4,1152,3718,-353,0,0
10,57,-3,1142,3732,-372,0,0
-5,-7,-31,1142,3717,-424,0,0
28,-45,-54,1103,3715,-460,0,0
95,28,-33,1062,3731,-409,0,0
128,102,-20,1093,3772,-429,0,0
127,59,-57,1080,3756,-460,0,0
139,28,-68,1027,3663,-445,0,0
176,91,-32,972,3580,-387,0,0
186,206,-6,975,3591,-351,0,0
142,239,-29,1024,3550,-368,0,0
73,156,-59,1049,3603,-362,0,0
1,81,-65,1030,3646,-398,0,0
-50,62,-45,1044,3655,-438,0,0
-70,35,-30,1048,3690,-466,0,0
-68,16,-25,1032,3665,-515,0,0
-43,35,-6,1036,3637,-533,0,0
-1,65,12,1026,3683,-510,0,0
21,100,16,1037,3732,-528,0,0
11,83,15,1022,3680,-545,0,0
1,45,28,1013,3630,-527,0,0
1,-2,15,1018,3714,-512,0,0
-10,-40,-38,1008,3761,-506,0,0
-27,-10,-43,1025,3676,-486,0,0
-41,-40,-32,1038,3629,-493,0,0
-43,-82,-53,1027,3639,-457,0,0
-24,-67,-68,1047,3639,-421,0,0
-4,-45,-65,1059,3738,-425,0,0
3,1,-30,1064,3762,-440,0,0
12,32,42,1045,3712,-431,0,0
21,43,93,973,3687,-411,0,0
8,74,78,989,3660,-466,0,0
-16,10,9,1018,3649,-523,0,0
-3,-49,-33,1033,3661,-542,0,0
50,-47,-6,1008,3714,-509,0,0
102,55,72,995,3773,-462,0,0
117,132,145,1008,3740,-440,0,0
87,72,172,950,3690,-423,0,0
41,31,142,916,3667,-429,0,0
2,42,78,961,3663,-454,0,0
-18,37,6,1029,3680,-500,0,0
-28,-7,-45,1054,3691,-536,0,0
-17,-13,-58,1076,3713,-543,0,0
10,1,-52,1094,3694,-530,0,0
30,7,-38,1079,3683,-494,0,0
30,29,-19,1079,3690,-449,0,0
16,37,-3,1056,3699,-423,0,0
-13,34,7,1017,3683,-461,0,0
-28,53,7,991,3671,-498,0,0
-16,88,-3,1001,3697,-545,0,0
-4,109,-15,1032,3685,-539,0,0
-7,78,-25,1058,3675,-532,0,0
-15,37,-35,1059,3670,-524,0,0
-21,16,-38,1069,3651,-523,0,0
-25,-2,-40,1077,3641,-510,0,0
-31,-19,-45,1101,3659,-505,0,0
-36,-41,-47,1098,3651,-496,0,0
-35,-36,-22,1127,3680,-517,0,0
-19,-46,5,1128,3720,-495,0,0
3,-64,35,1073,3733,-478,0,0
-1,-84,59,995,3724,-481,0,0
-16,-68,63,958,3688,-475,0,0
-13,-56,34,976,3697,-484,0,0
7,-45,2,1015,3703,-518,0,0
40,-72,19,1024,3679,-523,0,0
101,-27,68,995,3620,-467,0,0
145,120,117,1005,3594,-400,0,0
120,188,132,1008,3680,-340,0,0
18,179,125,1017,3708,-306,0,0
-125,46,57,1057,3667,-409,0,0
-217,-135,-38,1021,3650,-480,0,0
-199,-28,-62,1071,3725,-640,0,0
-106,145,-37,1225,3785,-763,0,0
-49,-37,-54,1234,3756,-707,0,0
-39,-281,-73,1092,3637,-515,0,0
-35,-250,-47,1023,3622,-398,0,0
-28,-130,-54,1031,3682,-401,0,0
-30,-74,-67,1071,3684,-407,0,0
-44,-89,-34,1071,3694,-409,0,0
-65,-114,1,1046,3684,-427,0,0
-80,-128,-3,1023,3631,-418,0,0
-83,-148,-31,1032,3639,-411,0,0
-75,-157,-50,1047,3679,-419,0,0
-63,-137,-33,1066,3697,-428,0,0
-46,-135,4,1062,3720,-412,0,0
-33,-127,35,1022,3680,-410,0,0
-12,-89,65,1010,3637,-384,0,0
21,-60,75,980,3665,-345,0,0
36,-4,74,971,3714,-323,0,0
23,34,83,977,3680,-306,0,0
-4,22,81,970,3654,-293,0,0
-27,8,45,968,3653,-273,0,0
-45,23,-1,1001,3727,-276,0,0
-76,32,-11,1023,3755,-329,0,0
-88,67,23,1020,3686,-348,0,0
-73,109,55,998,3703,-403,0,0
-41,309,86,998,3754,-468,0,0
-9,696,189,1164,3795,-541,0,0
9,569,205,1253,3667,-504,0,0
15,138,105,1172,3548,-426,0,0
27,-17,5,1186,3562,-302,0,0
39,-8,-58,1220,3663,-240,0,0
38,56,-41,1247,3690,-236,0,0
22,41,18,1235,3728,-281,0,0
18,-27,36,1107,3686,-363,0,0
48,8,32,1036,3626,-366,0,0
69,55,10,1059,3642,-300,0,0
46,69,-23,1116,3622,-269,0,0
17,50,-48,1163,3597,-290,0,0
21,31,-64,1188,3621,-294,0,0
33,30,-69,1165,3681,-303,0,0
24,42,-60,1146,3711,-336,0,0
6,38,-21,1136,3703,-378,0,0
2,20,21,1102,3695,-372,0,0
7,36,28,1098,3680,-355,0,0
10,42,9,1125,3667,-327,0,0
7,41,0,1155,3677,-338,0,0
1,34,4,1170,3680,-349,0,0
3,32,19,1175,3697,-373,0,0
11,11,33,1135,3665,-352,0,0
9,-6,31,1099,3657,-329,0,0
0,16,7,1135,3671,-335,0,0
-2,7,-11,1159,3709,-328,0,0
-4,5,-5,1142,3702,-343,0,0
-13,-7,-2,1119,3668,-349,0,0
-10,2,-12,1138,3666,-337,0,0
-6,4,-18,1157,3677,-336,0,0
-8,-3,-7,1166,3682,-352,0,0
1,-27,8,1134,3674,-359,0,0
11,-20,10,1111,3662,-327,0,0
12,-14,2,1129,3661,-325,0,0
10,-23,0,1147,3668,-321,0,0
2,-39,5,1140,3662,-315,0,0
-7,-52,3,1123,3659,-325,0,0
-5,-53,-1,1143,3691,-327,0,0
-8,-88,2,1118,3714,-327,0,0
-14,-100,7,1082,3690,-346,0,0
-18,-74,5,1064,3649,-351,0,0
-14,-35,-2,1082,3677,-367,0,0
-8,-3,-15,1114,3700,-367,0,0
-7,2,-19,1117,3666,-372,0,0
-10,-8,-10,1119,3649,-377,0,0
-11,-14,-10,1115,3677,-369,0,0
-18,-22,-11,1111,3682,-388,0,0
-20,-25,0,1098,3679,-382,0,0
-15,-32,6,1082,3674,-412,0,0
-4,-26,5,1083,3670,-406,0,0
4,-29,-3,1105,3709,-387,0,0
1,-60,-9,1087,3700,-381,0,0
-8,-75,-3,1082,3669,-392,0,0
-10,-95,-4,1077,3683,-390,0,0
-5,-114,-15,1062,3676,-386,0,0
-1,-90,-15,1060,3681,-385,0,0
0,-60,-5,1068,3699,-389,0,0
1,-52,2,1061,3677,-389,0,0
-1,-46,7,1048,3653,-387,0,0
-3,-41,0,1050,3702,-394,0,0
-5,-42,-9,1049,3735,-419,0,0
-8,-38,11,1040,3741,-454,0,0
3,-41,34,1026,3716,-450,0,0
28,-43,10,1003,3659,-444,0,0
54,-3,-29,1009,3616,-433,0,0
69,32,-42,1062,3658,-416,0,0
63,5,-51,1064,3716,-398,0,0
44,15,-48,1061,3675,-382,0,0
19,19,-23,1074,3647,-398,0,0
-3,-4,-12,1061,3659,-417,0,0
-20,-6,-12,1068,3648,-451,0,0
-29,-23,-5,1072,3677,-469,0,0
-29,-35,4,1058,3719,-489,0,0
-20,-12,15,1055,3662,-502,0,0
-2,-13,25,1054,3681,-493,0,0
11,-19,14,1035,3690,-479,0,0
16,1,14,1036,3659,-445,0,0
12,-9,14,1030,3684,-421,0,0
-3,-14,5,1010,3673,-414,0,0
-21,-6,8,1023,3670,-397,0,0
-35,-24,5,1010,3686,-414,0,0
-45,-14,1,1007,3679,-421,0,0
-50,-6,1,1014,3680,-433,0,0
-50,-15,-2,1009,3680,-440,0,0
-48,-8,-8,1016,3686,-427,0,0
-43,-3,-10,1020,3678,-429,0,0
-35,6,-3,1033,3711,-416,0,0
-29,4,0,1035,3713,-398,0,0
-32,10,6,1028,3688,-396,0,0
-36,5,15,1027,3679,-385,0,0
-33,-8,10,1045,3712,-391,0,0
-25,-22,7,1042,3705,-383,0,0
-16,6,30,1039,3739,-349,0,0
-21,38,49,1031,3763,-367,0,0
-48,40,62,1008,3692,-377,0,0
-73,-3,48,994,3672,-409,0,0
-68,-24,-18,982,3706,-422,0,0
-58,13,-57,1040,3685,-472,0,0
-49,-32,-46,1100,3685,-503,0,0
-24,-118,-37,1080,3702,-450,0,0
19,-109,-20,1044,3692,-380,0,0
57,-27,16,1046,3672,-331,0,0
70,9,52,1061,3661,-293,0,0
55,3,68,1049,3678,-274,0,0
23,-1,77,1048,3681,-272,0,0
-13,-23,89,1036,3672,-286,0,0
-39,-30,91,1021,3669,-315,0,0
-45,-29,78,1009,3711,-365,0,0
-32,-13,68,981,3710,-402,0,0
-15,6,60,970,3698,-423,0,0
-12,46,28,1002,3699,-411,0,0
-22,59,-23,1091,3696,-406,0,0
-36,7,-60,1104,3674,-380,0,0
-48,-6,-55,1113,3652,-373,0,0
-39,13,-30,1126,3671,-366,0,0
-25,17,-8,1146,3714,-389,0,0
-25,-7,8,1155,3749,-391,0,0
-25,-40,27,1128,3721,-388,0,0
-9,-33,72,1063,3687,-366,0,0
8,0,116,1017,3663,-360,0,0
16,-18,123,989,3669,-325,0,0
2,-12,107,992,3689,-296,0,0
-33,-19,75,995,3681,-303,0,0
-48,2,26,992,3708,-298,0,0
-46,30,-12,1016,3707,-263,0,0
-60,19,-34,1055,3717,-298,0,0
-68,-11,-63,1053,3681,-278,0,0
-65,11,-79,1116,3744,-325,0,0
-45,-14,-89,1116,3744,-330,0,0
-26,-11,-65,1149,3753,-362,0,0
-9,-39,-41,1141,3717,-402,0,0
17,-36,-23,1146,3702,-422,0,0
50,-38,-20,1156,3737,-391,0,0
62,-74,-23,1128,3711,-383,0,0
61,-94,6,1100,3665,-388,0,0
66,-93,37,1073,3627,-362,0,0
71,-75,48,1038,3616,-293,0,0
41,-54,44,1046,3645,-282,0,0
-13,-90,29,1051,3655,-274,0,0
-66,-139,15,1030,3628,-278,0,0
-105,-144,4,1013,3598,-267,0,0
-137,-119,-9,1085,3603,-250,0,0
-172,-125,-19,1209,3638,-239,0,0
-178,-183,-37,1261,3707,-167,0,0
-148,-187,-82,1310,3825,-128,0,0
-106,-144,-122,1349,3791,-108,0,0
-46,-124,-115,1349,3692,-95,0,0
36,-104,-70,1250,3526,-155,0,0
154,39,38,1148,3426,-229,0,0
351,334,111,1042,3824,-142,0,0
590,1093,20,1041,4227,-79,0,0
599,1755,-8,1306,3547,-417,0,0
362,1280,179,1358,3291,-626,0,0
159,244,241,1186,3667,-598,0,0
169,-97,98,937,3725,-459,0,0
245,233,6,913,3552,-545,0,0
270,401,84,1031,3565,-590,0,0
233,239,140,1051,3711,-564,0,0
164,65,50,1018,3660,-560,0,0
98,18,-117,1120,3553,-582,0,0
52,-64,-263,1242,3542,-574,0,0
30,-160,-334,1312,3654,-562,0,0
41,-217,-302,1262,3765,-516,0,0
75,-71,-162,1142,3744,-513,0,0
120,226,28,1064,3678,-611,0,0
187,365,124,1012,3630,-760,0,0
288,78,70,816,3626,-1001,0,0
380,69,-30,646,3841,-913,0,0
333,669,-18,844,3810,-763,0,0
153,695,57,1026,3483,-663,0,0
-62,332,46,1142,3270,-636,0,0
-215,-63,-99,1192,3132,-704,0,0
-277,-354,-264,1186,3199,-687,0,0
-276,-424,-309,1246,3488,-657,0,0
-237,-419,-228,1231,3772,-605,0,0
-211,-293,-46,1231,3920,-622,0,0
-218,-235,185,1180,3878,-689,0,0
-248,-398,340,1009,3821,-718,0,0
-256,-667,296,823,3855,-751,0,0
-198,-732,54,595,3936,-995,0,0
19,-228,-129,693,4049,-1128,0,0
204,148,-108,888,3859,-748,0,0
218,207,-5,890,3677,-431,0,0
104,191,62,1080,3607,-393,0,0
-48,-6,41,1143,3587,-527,0,0
-171,-383,-43,1106,3544,-546,0,0
-241,-578,-83,1014,3563,-586,0,0
-231,-515,-68,939,3609,-606,0,0
-191,-340,-41,921,3616,-559,0,0
-161,-189,-16,956,3551,-505,0,0
-145,-171,-21,998,3594,-475,0,0
-126,-233,-46,964,3693,-468,0,0
-81,-200,-32,902,3783,-504,0,0
-11,-68,24,871,3819,-556,0,0
66,66,77,840,3784,-569,0,0
106,147,75,808,3666,-552,0,0
74,183,28,835,3618,-514,0,0
-12,159,20,940,3681,-507,0,0
-113,14,34,1028,3709,-545,0,0
-174,-146,40,1018,3667,-553,0,0
-174,-174,37,1011,3683,-515,0,0
-157,-180,14,990,3692,-486,0,0
-134,-202,12,1008,3773,-457,0,0
-96,-252,17,973,3842,-456,0,0
-44,-247,42,924,3869,-465,0,0
29,-135,101,859,3814,-454,0,0
114,15,157,849,3754,-445,0,0
154,80,158,815,3729,-415,0,0
132,137,123,801,3674,-410,0,0
78,151,88,834,3620,-431,0,0
14,97,23,858,3637,-464,0,0
-23,86,-43,904,3692,-536,0,0
-21,137,-73,986,3702,-620,0,0
-4,138,-83,1020,3661,-635,0,0
14,112,-91,1037,3663,-597,0,0
25,111,-98,1039,3655,-555,0,0
17,92,-100,1069,3650,-554,0,0
19,56,-94,1079,3691,-565,0,0
40,84,-49,1098,3710,-562,0,0
54,84,28,1063,3716,-572,0,0
43,28,64,945,3714,-577,0,0
32,-10,55,857,3696,-599,0,0
30,-23,23,830,3696,-616,0,0
32,-10,-9,871,3733,-602,0,0
37,0,-19,912,3739,-575,0,0
37,0,-4,939,3741,-533,0,0
32,7,16,930,3714,-505,0,0
23,28,30,907,3646,-484,0,0
7,28,14,902,3641,-500,0,0
-5,20,-30,955,3687,-539,0,0
-9,21,-28,985,3708,-582,0,0
-11,13,-11,950,3700,-603,0,0
-4,34,0,928,3696,-577,0,0
-3,56,-3,966,3682,-566,0,0
-5,53,-1,1016,3685,-574,0,0
9,35,14,1016,3682,-562,0,0
10,-7,19,991,3677,-576,0,0
-11,-8,9,972,3720,-585,0,0
-17,4,5,961,3746,-601,0,0
-14,-8,5,928,3710,-590,0,0
2,13,7,915,3685,-570,0,0
23,64,7,951,3682,-533,0,0
17,81,9,987,3686,-532,0,0
-10,47,11,1003,3681,-565,0,0
-27,15,18,986,3651,-605,0,0
-24,-12,13,947,3632,-618,0,0
2,26,8,911,3605,-543,0,0
4,81,24,909,3633,-485,0,0
-22,60,23,926,3700,-498,0,0
-38,43,9,957,3729,-514,0,0
-46,55,19,1006,3755,-536,0,0
-60,36,21,1037,3753,-588,0,0
-56,18,20,1072,3713,-635,0,0
-34,-3,12,1111,3748,-658,0,0
-17,-55,-12,1140,3736,-657,0,0
11,-108,-10,1070,3693,-582,0,0
35,-117,3,965,3698,-488,0,0
34,-81,10,896,3622,-407,0,0
11,-42,7,905,3643,-356,0,0
-31,-49,-2,942,3712,-385,0,0
-69,-78,-6,935,3723,-493,0,0
-67,-71,3,928,3691,-582,0,0
-27,-30,8,933,3664,-575,0,0
7,6,2,955,3685,-539,0,0
15,0,-3,987,3701,-503,0,0
9,-26,5,989,3721,-484,0,0
-5,-54,19,950,3727,-504,0,0
-2,-49,24,887,3696,-521,0,0
17,6,20,882,3722,-535,0,0
38,48,8,909,3756,-529,0,0
54,95,18,922,3709,-520,0,0
51,118,30,947,3686,-510,0,0
35,101,16,994,3696,-518,0,0
15,67,2,1016,3684,-530,0,0
4,46,2,1032,3700,-561,0,0
6,40,2,1029,3717,-596,0,0
27,51,8,1018,3708,-611,0,0
46,64,17,999,3722,-583,0,0
32,40,5,987,3716,-570,0,0
0,-1,1,987,3689,-599,0,0
-19,-61,-1,995,3684,-641,0,0
-2,-70,-10,973,3664,-615,0,0
18,-23,-2,984,3661,-574,0,0
16,-26,0,990,3660,-543,0,0
3,-37,-3,980,3670,-525,0,0
-7,-36,-4,982,3682,-531,0,0
-9,-27,-3,967,3695,-561,0,0
-3,5,7,966,3679,-580,0,0
2,17,17,973,3682,-582,0,0
-10,-8,6,971,3693,-589,0,0
-24,-19,-2,991,3674,-599,0,0
-24,-36,-7,985,3673,-614,0,0
-17,-36,-13,976,3678,-601,0,0
-8,-25,-10,971,3689,-570,0,0
-14,-28,-6,961,3680,-559,0,0
-24,-30,1,955,3666,-550,0,0
-26,-24,0,939,3659,-540,0,0
-25,-9,-8,961,3672,-545,0,0
-22,-5,-7,971,3658,-556,0,0
-8,19,13,959,3685,-539,0,0
-7,9,2,947,3727,-535,0,0
-16,6,-9,950,3719,-553,0,0
-11,9,5,940,3717,-570,0,0
2,18,3,921,3738,-584,0,0
28,65,-1,938,3722,-569,0,0
37,96,9,945,3690,-537,0,0
17,87,10,969,3664,-557,0,0
3,55,-6,994,3661,-576,0,0
0,51,-9,1001,3662,-591,0,0
1,55,4,1001,3666,-608,0,0
8,44,4,983,3688,-611,0,0
19,49,3,968,3686,-589,0,0
12,44,7,960,3678,-553,0,0
-10,3,-11,969,3678,-555,0,0
-21,-7,-14,991,3665,-564,0,0
-20,-21,-6,1005,3667,-577,0,0
-7,-26,2,986,3681,-557,0,0
4,-11,16,964,3704,-539,0,0
3,-5,27,933,3695,-533,0,0
-5,-5,26,916,3690,-548,0,0
-11,5,15,940,3680,-563,0,0
-12,13,8,970,3689,-585,0,0
-7,0,1,998,3712,-607,0,0
14,2,4,998,3722,-596,0,0
22,3,14,966,3720,-545,0,0
11,-2,17,933,3703,-528,0,0
2,7,13,939,3711,-551,0,0
3,13,10,955,3721,-574,0,0
4,28,11,980,3699,-586,0,0
-5,9,10,1000,3678,-597,0,0
-12,-34,5,989,3681,-595,0,0
-13,-60,-3,967,3697,-590,0,0
-7,-54,-6,952,3700,-554,0,0
-4,-37,1,938,3690,-521,0,0
-5,-19,3,955,3691,-535,0,0
-6,-15,1,974,3700,-549,0,0
-10,-20,4,946,3703,-571,0,0
-13,-19,2,921,3698,-584,0,0
-11,-19,-2,938,3707,-577,0,0
-7,-10,0,965,3701,-575,0,0
2,-10,7,974,3713,-562,0,0
-1,-18,5,961,3723,-559,0,0
-14,-19,19,939,3686,-576,0,0
-30,-36,18,939,3651,-595,0,0
-26,-40,-4,974,3675,-580,0,0
-21,-33,-9,996,3709,-571,0,0
-23,-34,10,978,3703,-574,0,0
-32,-61,18,942,3689,-567,0,0
-46,-88,3,927,3699,-573,0,0
-48,-95,-10,929,3713,-593,0,0
-30,-81,-2,923,3732,-590,0,0
-11,-43,15,915,3719,-569,0,0
-2,-26,19,918,3694,-542,0,0
-5,-27,12,934,3677,-536,0,0
-9,-29,11,937,3668,-535,0,0
-9,-21,10,937,3685,-521,0,0
-14,-8,3,950,3708,-537,0,0
-16,-8,3,942,3695,-560,0,0
-3,6,10,935,3698,-554,0,0
9,19,4,933,3722,-546,0,0
2,35,5,948,3706,-554,0,0
-6,25,19,948,3696,-567,0,0
-11,8,13,946,3689,-591,0,0
-9,8,11,968,3678,-592,0,0
-8,-11,9,969,3684,-587,0,0
-9,-24,7,956,3675,-577,0,0
-2,-20,11,951,3680,-558,0,0
0,-16,13,958,3688,-529,0,0
-4,-3,9,963,3697,-540,0,0
-6,12,20,953,3664,-528,0,0
-1,24,30,953,3680,-510,0,0
-11,15,10,940,3709,-501,0,0
-38,8,7,966,3726,-544,0,0
-43,-26,13,943,3732,-600,0,0
-17,-4,5,932,3724,-611,0,0
7,35,-2,965,3705,-570,0,0
9,17,-5,973,3703,-520,0,0
-4,1,-7,965,3690,-506,0,0
-11,-1,-9,953,3682,-494,0,0
-18,0,-11,951,3693,-500,0,0
-25,-3,-15,962,3717,-530,0,0
-19,-1,-12,947,3713,-547,0,0
4,22,-5,923,3701,-536,0,0
20,49,-12,922,3725,-499,0,0
4,55,-8,953,3713,-494,0,0
-9,-8,0,954,3694,-515,0,0
-5,-5,-4,923,3692,-540,0,0
2,54,0,963,3685,-575,0,0
6,54,-2,980,3685,-594,0,0
12,38,-5,980,3689,-600,0,0
15,27,-2,970,3687,-577,0,0
14,19,-1,953,3702,-525,0,0
0,33,5,934,3679,-506,0,0
-27,-5,-2,910,3688,-548,0,0
-31,-21,-16,919,3726,-568,0,0
-19,-5,-18,939,3737,-562,0,0
-16,-9,-17,933,3718,-557,0,0
-16,-3,-10,937,3685,-537,0,0
-22,-25,-12,938,3681,-542,0,0
-23,-40,-16,932,3684,-549,0,0
-17,-36,-12,932,3691,-530,0,0
-15,-39,-9,926,3706,-524,0,0
-14,-42,-4,920,3724,-530,0,0
-8,-33,7,890,3708,-522,0,0
5,-4,16,887,3695,-511,0,0
16,10,11,903,3719,-484,0,0
16,31,18,913,3742,-511,0,0
4,19,31,896,3743,-544,0,0
-1,7,26,882,3722,-573,0,0
7,25,17,901,3698,-565,0,0
13,23,8,935,3706,-543,0,0
18,13,1,927,3715,-511,0,0
19,30,4,919,3716,-472,0,0
7,36,11,918,3715,-482,0,0
-5,27,18,903,3714,-520,0,0
-10,19,16,894,3725,-565,0,0
-2,28,9,919,3717,-568,0,0
9,30,6,946,3718,-549,0,0
16,31,7,968,3713,-533,0,0
12,11,11,951,3715,-516,0,0
-4,-12,7,926,3718,-543,0,0
-8,-20,1,911,3721,-552,0,0
-6,-10,1,915,3725,-552,0,0
-4,-2,4,940,3715,-550,0,0
-6,-13,6,941,3703,-543,0,0
-11,-22,8,946,3702,-548,0,0
-11,-32,6,940,3693,-568,0,0
-5,-39,3,931,3698,-562,0,0
-3,-38,4,933,3706,-542,0,0
-9,-52,1,920,3711,-550,0,0
-8,-53,0,927,3707,-565,0,0
0,-47,10,916,3698,-552,0,0
-1,-45,5,910,3720,-535,0,0
-8,-38,0,922,3717,-549,0,0
-9,-41,7,906,3706,-561,0,0
-6,-32,8,910,3689,-562,0,0
-5,-23,9,914,3692,-556,0,0
-12,-32,4,922,3707,-555,0,0
-19,-37,3,921,3692,-561,0,0
-21,-38,6,902,3680,-556,0,0
-22,-34,2,911,3709,-542,0,0
-24,-35,-6,927,3734,-562,0,0
-13,-21,6,921,3712,-574,0,0
2,-11,14,908,3711,-554,0,0
1,-11,3,911,3726,-554,0,0
-9,-13,2,920,3711,-572,0,0
-12,-29,3,909,3705,-586,0,0
-14,-26,0,923,3700,-593,0,0
-10,-37,2,913,3691,-583,0,0
-10,-36,0,913,3687,-567,0,0
-13,-37,-3,917,3679,-560,0,0
-14,-39,2,900,3677,-533,0,0
-14,-31,4,894,3693,-502,0,0
-20,-24,-2,906,3728,-514,0,0
-23,-9,10,885,3698,-540,0,0
-17,7,13,846,3710,-516,0,0
-25,18,-6,877,3740,-519,0,0
-35,12,-15,903,3730,-547,0,0
-34,0,-4,902,3716,-561,0,0
-22,19,-9,938,3707,-578,0,0
-12,15,-7,955,3703,-566,0,0
-14,-14,1,943,3702,-553,0,0
-20,-41,2,908,3713,-555,0,0
-22,-48,3,880,3725,-542,0,0
-30,-61,-1,869,3729,-524,0,0
-37,-69,-3,864,3720,-523,0,0
-30,-61,-2,850,3729,-523,0,0
-10,-32,2,843,3742,-515,0,0
4,-1,13,837,3759,-474,0,0
-2,10,10,827,3747,-466,0,0
-6,23,3,840,3718,-500,0,0
2,39,-5,870,3714,-521,0,0
11,51,-11,889,3718,-520,0,0
16,59,-4,900,3703,-503,0,0
8,47,0,897,3705,-518,0,0
1,27,-3,901,3720,-545,0,0
1,13,0,886,3721,-552,0,0
5,12,5,874,3709,-536,0,0
7,14,7,877,3709,-538,0,0
15,13,8,891,3729,-534,0,0
25,18,17,883,3723,-521,0,0
24,24,25,860,3730,-520,0,0
20,33,25,856,3731,-538,0,0
19,34,22,881,3724,-554,0,0
19,26,19,907,3726,-559,0,0
20,19,22,908,3715,-553,0,0
13,1,19,902,3699,-552,0,0
8,-11,13,899,3708,-557,0,0
5,-24,9,903,3737,-561,0,0
7,-31,7,896,3730,-563,0,0
11,-15,11,879,3715,-541,0,0
4,-11,8,899,3733,-542,0,0
-2,-26,7,914,3740,-565,0,0
-9,-41,8,878,3719,-579,0,0
-11,-29,5,884,3706,-569,0,0
-10,-27,1,909,3706,-565,0,0
-11,-33,3,911,3698,-565,0,0
-9,-35,7,900,3694,-558,0,0
-14,-39,-3,899,3706,-565,0,0
-19,-43,-6,900,3704,-590,0,0
-15,-45,-2,890,3713,-584,0,0
-15,-37,0,899,3713,-567,0,0
-19,-33,-2,917,3719,-564,0,0
-20,-38,1,905,3708,-579,0,0
-11,-31,11,889,3700,-568,0,0
-13,-37,5,872,3726,-565,0,0
-19,-32,-1,889,3730,-578,0,0
-17,-28,11,878,3725,-585,0,0
-16,-22,16,869,3703,-582,0,0
-17,-21,11,882,3692,-567,0,0
-26,-39,-3,905,3708,-572,0,0
-36,-57,-5,909,3713,-585,0,0
-34,-67,6,877,3701,-577,0,0
-33,-69,8,860,3706,-552,0,0
-36,-71,1,868,3722,-554,0,0
-32,-66,8,847,3692,-555,0,0
-20,-45,17,848,3698,-519,0,0
-19,-36,16,876,3712,-491,0,0
-32,-38,21,868,3709,-486,0,0
-34,-41,27,838,3732,-501,0,0
-24,-17,22,801,3731,-520,0,0
-12,23,17,835,3737,-529,0,0
-10,20,6,871,3738,-520,0,0
-12,14,2,895,3724,-531,0,0
-6,16,6,900,3717,-535,0,0
2,22,8,900,3715,-516,0,0
3,24,10,899,3725,-507,0,0
3,15,6,893,3741,-529,0,0
13,27,8,879,3737,-536,0,0
20,32,15,849,3722,-516,0,0
12,37,6,844,3699,-514,0,0
6,48,-2,875,3678,-519,0,0
-3,34,-18,913,3698,-539,0,0
-6,20,-21,935,3730,-555,0,0
-4,7,0,910,3733,-562,0,0
-2,1,17,875,3739,-576,0,0
13,17,23,860,3734,-557,0,0
18,24,23,871,3735,-531,0,0
11,14,19,881,3717,-529,0,0
7,4,11,895,3717,-555,0,0
14,1,6,918,3730,-570,0,0
20,-3,14,895,3726,-548,0,0
15,-3,16,874,3717,-532,0,0
12,8,13,864,3718,-521,0,0
10,37,17,881,3707,-530,0,0
9,43,16,923,3711,-536,0,0
11,47,15,937,3701,-550,0,0
14,40,18,911,3705,-575,0,0
17,40,13,907,3714,-586,0,0
16,32,11,912,3724,-583,0,0
15,26,10,912,3715,-571,0,0
16,32,11,926,3706,-576,0,0
19,27,13,938,3702,-587,0,0
18,17,13,939,3699,-585,0,0
11,0,13,931,3702,-584,0,0
1,-24,9,918,3712,-581,0,0
-4,-38,9,908,3723,-588,0,0
-1,-27,9,907,3727,-579,0,0
-2,-20,11,912,3707,-573,0,0
-9,-30,9,920,3697,-576,0,0
-14,-34,5,922,3696,-578,0,0
-18,-47,2,906,3701,-580,0,0
-21,-50,-5,916,3715,-578,0,0
-19,-50,-7,913,3726,-582,0,0
-8,-36,0,904,3713,-593,0,0
2,-29,6,892,3714,-580,0,0
-5,-32,0,899,3722,-571,0,0
-14,-30,1,914,3711,-582,0,0
-14,-36,3,909,3699,-590,0,0
-12,-29,2,914,3686,-587,0,0
-11,-32,4,914,3685,-570,0,0
-16,-39,1,915,3694,-572,0,0
-21,-49,1,899,3701,-576,0,0
-20,-48,2,878,3697,-576,0,0
-20,-39,0,880,3706,-556,0,0
-20,-36,-4,891,3718,-570,0,0
-9,-19,6,872,3685,-576,0,0
6,1,10,861,3685,-543,0,0
1,13,-1,885,3712,-531,0,0
-13,7,6,898,3714,-565,0,0
-10,6,14,866,3703,-587,0,0
1,37,8,890,3702,-589,0,0
8,38,7,911,3706,-568,0,0
2,22,6,908,3705,-563,0,0
7,36,7,904,3691,-573,0,0
21,67,21,900,3711,-581,0,0
28,91,36,897,3728,-575,0,0
19,82,31,894,3706,-571,0,0
8,48,13,913,3708,-602,0,0
14,37,5,938,3716,-609,0,0
17,33,11,940,3714,-580,0,0
4,5,6,929,3695,-581,0,0
-1,-15,-2,918,3710,-592,0,0
2,-13,-5,921,3720,-606,0,0
10,-4,-1,913,3710,-583,0,0
8,-11,8,898,3699,-566,0,0
-3,-10,7,892,3708,-576,0,0
-5,-4,5,916,3711,-589,0,0
0,-2,11,915,3709,-591,0,0
4,13,14,899,3686,-572,0,0
4,18,8,924,3697,-570,0,0
7,13,7,952,3704,-596,0,0
12,8,14,923,3710,-601,0,0
13,13,14,897,3696,-597,0,0
8,14,5,910,3704,-582,0,0
3,9,0,931,3723,-600,0,0
6,10,3,927,3720,-602,0,0
9,23,7,937,3705,-599,0,0
2,3,8,933,3706,-611,0,0
-5,-24,8,905,3720,-643,0,0
-5,-33,5,896,3722,-633,0,0
0,-24,7,901,3694,-590,0,0
-1,-20,11,902,3683,-578,0,0
-7,-19,8,933,3699,-615,0,0
-1,-22,14,944,3700,-627,0,0
-4,-49,11,905,3690,-623,0,0
-9,-50,-1,896,3697,-626,0,0
-9,-47,-7,916,3723,-620,0,0
-8,-34,2,909,3699,-601,0,0
-9,-23,10,904,3667,-579,0,0
-17,-27,2,916,3674,-589,0,0
-20,-22,1,931,3695,-597,0,0
-21,-21,9,922,3691,-606,0,0
-21,-12,14,915,3693,-606,0,0
-18,-14,8,916,3703,-621,0,0
-9,-9,7,908,3691,-628,0,0
3,0,11,901,3700,-597,0,0
-5,-6,4,914,3721,-593,0,0
-17,-4,9,924,3708,-619,0,0
-13,-8,15,899,3691,-630,0,0
-8,7,10,917,3673,-615,0,0
-8,0,6,922,3677,-590,0,0
-14,-17,1,926,3696,-594,0,0
-17,-14,4,917,3698,-599,0,0
-14,-8,8,906,3699,-590,0,0
-15,-9,6,912,3707,-579,0,0
-15,-13,1,917,3716,-596,0,0
-1,0,3,913,3706,-611,0,0
23,20,8,904,3708,-585,0,0
31,33,10,897,3730,-561,0,0
23,46,14,894,3734,-587,0,0
21,41,14,876,3720,-627,0,0
27,44,-5,922,3707,-647,0,0
34,22,-26,978,3698,-626,0,0
40,1,-31,960,3684,-590,0,0
39,-6,-31,918,3702,-580,0,0
39,5,-29,888,3749,-587,0,0
36,21,-22,853,3762,-629,0,0
43,47,-26,807,3742,-671,0,0
58,65,-51,818,3790,-706,0,0
75,92,-67,889,3827,-740,0,0
91,112,-50,909,3772,-725,0,0
87,99,-22,903,3688,-744,0,0
82,39,-5,812,3614,-784,0,0
75,14,-20,703,3590,-788,0,0
75,146,-7,839,3636,-808,0,0
74,219,67,1018,3659,-839,0,0
47,104,149,1059,3557,-833,0,0
-11,-15,199,1000,3473,-754,0,0
-74,-82,190,930,3503,-769,0,0
-88,-123,143,887,3564,-769,0,0
-100,-112,117,830,3632,-753,0,0
-127,-121,116,729,3624,-775,0,0
-152,-92,116,733,3660,-698,0,0
-188,-59,67,892,3910,-617,0,0
-185,-142,-30,1010,4101,-657,0,0
-125,-26,5,997,3675,-671,0,0
-69,8,169,958,3375,-654,0,0
-10,-154,175,991,3553,-441,0,0
0,-61,66,991,3660,-288,0,0
-86,53,-6,1105,3617,-382,0,0
-216,-90,-8,1197,3602,-528,0,0
-273,-292,7,1201,3648,-574,0,0
-240,-341,16,1174,3698,-557,0,0
-178,-306,30,1094,3674,-517,0,0
-119,-98,93,1054,3649,-444,0,0
-97,-2,129,1137,3795,-426,0,0
-106,-86,94,1046,3814,-392,0,0
-127,-40,95,1021,3694,-359,0,0
-148,-65,97,997,3581,-357,0,0
-154,-66,48,1029,3513,-417,0,0
-107,71,-97,1208,3518,-463,0,0
-46,179,-265,1355,3554,-459,0,0
-37,-7,-333,1407,3760,-464,0,0
-29,-334,-292,1268,3974,-362,0,0
29,-302,-130,1130,4031,-248,0,0
93,-57,72,1036,3803,-267,0,0
144,122,227,1042,3581,-304,0,0
186,121,249,1055,3489,-297,0,0
245,111,151,1026,3444,-274,0,0
318,210,-7,1063,3612,-202,0,0
331,306,-214,1170,3834,-206,0,0
255,336,-351,1164,3688,-300,0,0
140,359,-265,1212,3514,-389,0,0
21,167,-81,1247,3642,-502,0,0
-44,3,51,1151,3886,-537,0,0
-42,141,123,1113,3900,-538,0,0
-48,257,193,1060,3686,-585,0,0
-93,212,303,1014,3500,-641,0,0
-121,76,347,984,3553,-615,0,0
-109,5,234,909,3666,-667,0,0
-43,39,11,756,3720,-801,0,0
34,117,-180,775,3756,-781,0,0
60,174,-226,985,3750,-600,0,0
38,96,-194,1075,3672,-484,0,0
11,6,-182,1038,3625,-442,0,0
-12,29,-197,1034,3610,-419,0,0
-43,47,-195,1080,3617,-429,0,0
-79,-3,-164,1071,3646,-439,0,0
-106,-21,-108,1072,3681,-455,0,0
-112,-19,-37,1039,3695,-470,0,0
-115,-44,9,974,3652,-566,0,0
-80,-60,5,946,3709,-644,0,0
-6,-55,-4,990,3762,-629,0,0
49,-90,31,1004,3739,-522,0,0
71,-80,77,1002,3728,-433,0,0
80,-27,118,1026,3717,-419,0,0
64,-19,150,1031,3693,-428,0,0
36,-67,160,1011,3706,-446,0,0
23,-97,154,976,3720,-443,0,0
20,-85,151,957,3722,-451,0,0
20,-70,139,937,3712,-447,0,0
18,-48,111,926,3732,-464,0,0
13,-43,71,916,3734,-508,0,0
13,-33,30,916,3747,-510,0,0
17,-10,-3,921,3756,-520,0,0
19,28,-23,955,3727,-537,0,0
16,2,-46,976,3683,-546,0,0
25,-23,-81,982,3642,-551,0,0
41,-23,-112,1010,3642,-541,0,0
54,-32,-132,1038,3664,-537,0,0
60,-16,-126,1051,3683,-535,0,0
57,4,-92,1057,3669,-536,0,0
39,2,-48,1059,3657,-537,0,0
22,3,-18,1049,3650,-537,0,0
22,26,8,1023,3640,-537,0,0
26,53,32,1023,3687,-518,0,0
8,40,38,992,3719,-505,0,0
-23,36,53,970,3696,-513,0,0
-49,19,72,952,3666,-537,0,0
-65,6,69,945,3644,-575,0,0
-68,-3,35,964,3654,-600,0,0
-60,-20,-14,970,3658,-612,0,0
-53,-32,-47,1000,3674,-630,0,0
-42,-57,-55,1013,3675,-623,0,0
-20,-59,-47,1020,3682,-600,0,0
4,-46,-43,1020,3647,-591,0,0
21,-27,-29,1031,3629,-555,0,0
28,-33,-14,1031,3671,-512,0,0
26,-26,-1,1004,3689,-471,0,0
16,18,31,1011,3686,-438,0,0
-7,29,63,985,3682,-424,0,0
-39,37,72,959,3683,-434,0,0
-72,42,73,951,3690,-458,0,0
-96,30,70,948,3713,-503,0,0
-101,26,50,939,3707,-558,0,0
-85,32,22,960,3709,-585,0,0
-51,29,-13,970,3731,-631,0,0
1,51,-33,1021,3740,-642,0,0
46,13,-33,1026,3722,-579,0,0
62,-20,-28,992,3691,-501,0,0
57,-6,-13,988,3681,-440,0,0
44,4,-6,974,3675,-428,0,0
31,35,0,981,3671,-413,0,0
10,47,7,994,3674,-435,0,0
-13,40,14,992,3682,-464,0,0
-29,38,20,987,3699,-509,0,0
-25,38,17,975,3707,-562,0,0
-5,47,12,977,3713,-580,0,0
15,45,7,982,3722,-559,0,0
19,22,1,984,3685,-514,0,0
10,12,-3,998,3663,-495,0,0
4,13,-10,1021,3678,-475,0,0
2,16,-7,1030,3699,-472,0,0
-4,30,15,1032,3698,-497,0,0
-6,24,24,998,3683,-520,0,0
0,27,21,992,3682,-538,0,0
5,21,14,1010,3699,-533,0,0
4,4,12,1020,3696,-513,0,0
-7,-21,11,1017,3673,-504,0,0
-15,-28,6,1022,3672,-485,0,0
-18,-31,-1,1035,3710,-504,0,0
-19,-30,11,1025,3710,-508,0,0
-16,-33,29,990,3688,-509,0,0
-11,-25,20,977,3687,-525,0,0
-11,-19,1,1009,3692,-519,0,0
-15,-40,-5,1028,3690,-520,0,0
-15,-50,-2,1017,3682,-518,0,0
-9,-38,1,1023,3692,-523,0,0
-2,-39,4,1026,3688,-526,0,0
4,-41,14,1009,3682,-526,0,0
9,-34,18,1002,3679,-525,0,0
10,-28,13,1007,3679,-525,0,0
7,-34,9,1010,3681,-523,0,0
3,-39,14,1011,3693,-519,0,0
3,-41,12,990,3681,-522,0,0
18,15,24,960,3599,-494,0,0
19,68,44,1000,3630,-483,0,0
-27,6,24,1001,3689,-497,0,0
-85,-37,2,1021,3706,-523,0,0
-115,-67,-6,1032,3699,-554,0,0
-125,-98,-21,1050,3718,-589,0,0
-117,-124,-23,1056,3709,-583,0,0
-85,-128,-8,1059,3720,-580,0,0
-52,-127,-1,1067,3705,-586,0,0
-19,-130,17,1038,3645,-542,0,0
14,-121,34,1029,3637,-513,0,0
32,-113,35,1021,3631,-462,0,0
44,-79,52,1014,3621,-427,0,0
54,-51,71,1015,3661,-395,0,0
37,-32,85,1012,3694,-368,0,0
6,-13,106,988,3604,-365,0,0
-13,53,148,931,3478,-341,0,0
-37,146,170,1036,3752,-380,0,0
-92,67,96,1102,3837,-468,0,0
-115,-9,71,1097,3744,-499,0,0
-94,-9,106,1060,3733,-562,0,0
-58,4,76,1080,3679,-583,0,0
-7,-27,-13,1104,3666,-566,0,0
53,-26,-74,1130,3709,-536,0,0
85,-21,-75,1154,3703,-512,0,0
105,-3,-40,1139,3659,-470,0,0
121,53,4,1123,3643,-424,0,0
114,95,27,1133,3652,-396,0,0
81,96,33,1114,3648,-372,0,0
35,87,44,1109,3645,-386,0,0
-18,53,34,1089,3636,-429,0,0
-50,32,9,1083,3636,-455,0,0
-61,26,-15,1099,3646,-493,0,0
-61,27,-35,1114,3654,-508,0,0
-52,34,-43,1144,3672,-531,0,0
-37,36,-35,1147,3671,-535,0,0
-26,46,-25,1157,3654,-535,0,0
-20,39,-20,1161,3626,-519,0,0
-23,9,-27,1165,3636,-476,0,0
-30,-16,-33,1156,3666,-439,0,0
-37,-13,-26,1137,3670,-413,0,0
-42,2,-2,1131,3661,-416,0,0
-44,5,11,1106,3662,-431,0,0
-43,6,10,1095,3681,-460,0,0
-36,-3,7,1099,3697,-520,0,0
-14,-3,13,1085,3694,-544,0,0
8,-10,15,1097,3682,-532,0,0
20,-41,2,1091,3675,-485,0,0
24,-55,-6,1101,3675,-471,0,0
28,-55,-7,1099,3652,-482,0,0
37,-42,-7,1118,3655,-477,0,0
37,-47,-4,1117,3666,-447,0,0
17,-45,6,1097,3636,-446,0,0
-15,-51,12,1109,3642,-457,0,0
-34,-77,3,1086,3667,-471,0,0
-42,-74,9,1072,3660,-481,0,0
-42,-79,16,1057,3664,-486,0,0
-31,-71,8,1053,3683,-483,0,0
-15,-48,7,1059,3694,-490,0,0
-7,-41,14,1044,3686,-478,0,0
-8,-43,5,1045,3682,-490,0,0
-4,-45,-10,1039,3660,-499,0,0
10,-28,-13,1059,3688,-494,0,0
15,-32,-20,1056,3702,-484,0,0
5,-26,-19,1057,3672,-490,0,0
2,-26,-10,1052,3667,-493,0,0
8,-24,-18,1038,3652,-498,0,0
12,-7,-22,1050,3652,-484,0,0
9,-15,-23,1061,3670,-484,0,0
2,-14,-17,1059,3665,-493,0,0
-3,-11,-5,1054,3655,-485,0,0
-5,-6,1,1038,3645,-471,0,0
-11,-1,-8,1050,3650,-487,0,0
-12,-1,0,1039,3635,-484,0,0
-2,18,18,1048,3680,-472,0,0
-7,12,13,1033,3678,-458,0,0
-21,31,23,1043,3665,-467,0,0
-31,21,31,1029,3658,-484,0,0
-36,12,16,1030,3664,-518,0,0
-25,3,10,1068,3709,-537,0,0
4,-8,23,1067,3720,-550,0,0
43,18,49,1053,3704,-522,0,0
63,40,62,1048,3679,-500,0,0
48,12,44,1026,3648,-471,0,0
27,14,24,1044,3644,-463,0,0
11,6,6,1051,3654,-476,0,0
2,45,10,1043,3663,-423,0,0
-31,76,22,1070,3664,-428,0,0
-87,11,-11,1039,3625,-464,0,0
-115,7,-35,1067,3645,-481,0,0
-110,-2,-43,1083,3691,-538,0,0
-97,4,-42,1112,3690,-559,0,0
-69,4,-23,1139,3698,-574,0,0
-32,-19,-5,1128,3690,-571,0,0
-4,-41,5,1123,3690,-512,0,0
12,-59,10,1084,3673,-460,0,0
17,-56,18,1071,3664,-430,0,0
23,-41,31,1079,3671,-405,0,0
32,-23,41,1064,3684,-384,0,0
24,7,51,1057,3684,-384,0,0
3,3,51,1036,3667,-395,0,0
-16,-5,40,1018,3668,-412,0,0
-18,7,18,1012,3681,-436,0,0
-13,29,1,1035,3693,-453,0,0
-11,30,-8,1067,3691,-477,0,0
-8,12,-16,1073,3679,-479,0,0
-1,6,-20,1089,3686,-468,0,0
6,-2,-18,1094,3692,-454,0,0
8,3,-3,1103,3673,-457,0,0
9,-8,12,1097,3662,-466,0,0
9,-25,10,1094,3672,-466,0,0
5,-37,12,1089,3684,-478,0,0
7,-39,20,1064,3673,-475,0,0
12,-18,31,1063,3671,-486,0,0
13,-29,22,1058,3674,-485,0,0
13,-32,14,1052,3680,-484,0,0
10,-35,14,1047,3678,-486,0,0
8,-31,9,1043,3657,-479,0,0
6,-31,-1,1047,3655,-475,0,0
-1,-39,-14,1056,3675,-463,0,0
-10,-42,-21,1068,3662,-478,0,0
-6,-23,-10,1070,3659,-475,0,0
2,-4,1,1087,3684,-475,0,0
-10,-10,-1,1078,3675,-477,0,0
-26,-13,9,1070,3663,-495,0,0
-27,-23,7,1060,3664,-517,0,0
-19,-14,-5,1067,3676,-530,0,0
-8,-12,-4,1073,3681,-514,0,0
0,-17,0,1065,3681,-513,0,0
2,-14,2,1061,3671,-500,0,0
6,-17,2,1055,3670,-485,0,0
0,-16,-1,1059,3676,-475,0,0
-10,-25,-6,1053,3649,-481,0,0
-7,-15,1,1055,3659,-486,0,0
-2,-13,-5,1062,3689,-478,0,0
-12,-8,-6,1065,3669,-479,0,0
-21,-10,12,1051,3661,-488,0,0
-16,-13,9,1028,3662,-483,0,0
-9,11,-1,1047,3672,-489,0,0
-11,5,3,1045,3681,-478,0,0
-15,-1,3,1029,3675,-471,0,0
-22,6,-10,1036,3666,-474,0,0
-28,-4,-8,1035,3668,-469,0,0
-34,2,-9,1046,3690,-469,0,0
-39,-10,-8,1044,3669,-485,0,0
-27,0,-2,1051,3677,-486,0,0
-10,9,4,1057,3708,-476,0,0
-12,5,13,1044,3690,-468,0,0
-18,2,21,1023,3662,-454,0,0
-13,5,16,1019,3668,-456,0,0
-9,15,5,1026,3688,-449,0,0
-11,16,11,1033,3700,-437,0,0
-13,15,20,1026,3678,-450,0,0
-12,20,17,1030,3659,-450,0,0
-10,18,8,1037,3680,-443,0,0
-10,18,6,1053,3682,-435,0,0
-16,16,16,1053,3677,-439,0,0
-14,18,20,1055,3672,-444,0,0
-8,38,20,1041,3665,-413,0,0
-24,53,19,1037,3644,-373,0,0
-70,27,1,1053,3649,-406,0,0
-98,-14,-20,1080,3665,-441,0,0
-70,11,-2,1098,3718,-467,0,0
-30,40,29,1106,3722,-481,0,0
-11,16,35,1097,3696,-467,0,0
7,-9,35,1075,3671,-425,0,0
21,-4,36,1082,3686,-389,0,0
18,-2,32,1099,3681,-367,0,0
11,-8,39,1096,3678,-375,0,0
15,1,55,1091,3683,-386,0,0
16,8,54,1105,3716,-402,0,0
12,-13,50,1083,3716,-416,0,0
15,-8,58,1067,3689,-445,0,0
25,-2,49,1050,3664,-445,0,0
35,7,21,1067,3661,-425,0,0
27,-3,-5,1095,3661,-391,0,0
7,-22,-20,1125,3687,-392,0,0
-10,-30,-20,1120,3682,-397,0,0
-15,-14,-3,1111,3649,-412,0,0
-17,-16,-5,1102,3648,-409,0,0
-22,-28,-25,1113,3694,-418,0,0
-21,-29,-26,1114,3676,-448,0,0
-5,-8,-8,1121,3674,-450,0,0
8,-15,-12,1122,3683,-447,0,0
9,-22,-16,1108,3684,-438,0,0
11,-14,2,1098,3666,-444,0,0
16,-19,2,1075,3652,-458,0,0
20,-18,-7,1086,3659,-455,0,0
24,-30,-12,1096,3682,-452,0,0
26,-23,-8,1103,3682,-448,0,0
23,-19,7,1097,3658,-441,0,0
17,-28,6,1071,3644,-424,0,0
0,-35,-7,1076,3659,-435,0,0
-13,-45,-7,1064,3629,-449,0,0
-3,-12,8,1065,3625,-450,0,0
7,3,0,1070,3644,-432,0,0
-7,10,-6,1089,3654,-419,0,0
-21,9,13,1063,3612,-405,0,0
-6,49,22,1066,3606,-420,0,0
10,80,29,1116,3685,-444,0,0
2,91,60,1114,3747,-439,0,0
-25,75,67,1085,3702,-495,0,0
-50,15,28,1066,3653,-508,0,0
-50,-25,-15,1071,3660,-521,0,0
-31,-24,-31,1091,3690,-511,0,0
-16,-12,-20,1123,3689,-513,0,0
2,-14,-5,1117,3683,-487,0,0
20,8,9,1112,3679,-457,0,0
23,5,20,1102,3667,-432,0,0
12,0,24,1085,3650,-421,0,0
2,-1,21,1084,3645,-410,0,0
-10,-11,6,1086,3657,-413,0,0
-23,-7,0,1105,3675,-399,0,0
-38,-24,-4,1114,3674,-422,0,0
-54,-44,-17,1116,3649,-438,0,0
-56,-67,-30,1147,3658,-428,0,0
-42,-88,-42,1157,3678,-401,0,0
-31,-76,-36,1168,3685,-376,0,0
-25,-80,-25,1163,3675,-374,0,0
-12,-115,-18,1145,3681,-348,0,0
-16,-98,-14,1133,3703,-324,0,0
-35,-57,-1,1096,3680,-305,0,0
-51,-51,4,1067,3667,-317,0,0
-65,-81,-17,1045,3687,-344,0,0
-56,-67,-29,1016,3740,-354,0,0
-29,-26,-28,987,3800,-400,0,0
-9,1,-29,931,3803,-454,0,0
3,8,-41,915,3776,-504,0,0
24,-11,-76,920,3773,-490,0,0
43,-19,-111,928,3775,-441,0,0
44,-21,-126,937,3764,-426,0,0
37,-37,-138,909,3727,-433,0,0
41,-22,-145,905,3719,-429,0,0
38,-25,-160,890,3734,-425,0,0
20,-23,-175,882,3741,-444,0,0
9,-10,-163,860,3732,-445,0,0
11,9,-137,809,3728,-447,0,0
6,49,-117,782,3721,-443,0,0
-5,57,-105,759,3707,-456,0,0
-15,56,-82,703,3653,-489,0,0
-26,60,-40,685,3614,-533,0,0
-24,33,6,642,3669,-590,0,0
19,58,62,627,3779,-784,0,0
96,145,151,696,3743,-881,0,0
111,101,212,785,3609,-799,0,0
95,-47,230,860,3489,-746,0,0
80,-142,240,907,3457,-647,0,0
4,-263,235,871,3522,-532,0,0
-115,-413,248,856,3675,-453,0,0
-206,-517,295,912,3929,-537,0,0
-188,-522,302,883,4083,-586,0,0
-80,-343,267,833,3993,-511,0,0
47,-26,282,802,3591,-458,0,0
135,166,322,850,3442,-395,0,0
151,187,233,904,3676,-264,0,0
92,205,45,989,3776,-213,0,0
-38,133,-82,1047,3643,-245,0,0
-185,-25,-103,1051,3508,-306,0,0
-257,-92,-107,1072,3513,-314,0,0
-273,-22,-153,1158,3581,-322,0,0
-290,61,-197,1305,3629,-391,0,0
-299,66,-190,1446,3849,-437,0,0
-242,-30,-202,1546,4012,-471,0,0
-128,-99,-227,1444,3917,-505,0,0
13,103,-143,1419,3751,-527,0,0
119,223,18,1392,3537,-579,0,0
204,194,146,1316,3449,-593,0,0
323,200,133,1396,3971,-432,0,0
381,275,-71,1338,4282,-417,0,0
259,486,-4,1108,3229,-528,0,0
75,329,425,1263,3078,-543,0,0
-40,-366,488,1141,3557,-545,0,0
-4,-480,164,967,3703,-426,0,0
114,-82,-119,1062,3708,-434,0,0
185,23,-93,1063,3731,-531,0,0
164,7,189,885,3712,-463,0,0
95,258,409,957,3719,-444,0,0
1,444,447,1269,3578,-576,0,0
-107,254,455,1375,3306,-571,0,0
-189,361,637,1903,3476,-724,0,0
-233,437,921,2709,3524,-1101,0,0
-269,3,1234,2908,3267,-1226,0,0
-192,95,1848,3421,2544,-1606,0,0
-81,218,2608,3466,1751,-1550,0,0
-14,601,3469,4478,1927,-1427,0,0
212,175,4115,5249,2000,-943,0,0
53,-18,4496,6371,2351,-794,0,0
-193,-1835,4357,6167,1702,-610,0,0
-542,-2788,3581,6299,747,-902,0,0
-560,-3532,2963,5586,-81,-258,0,0
-390,-3241,2307,3769,-445,358,0,0
-588,-2970,1546,1751,-459,120,0,0
-545,-1563,1089,1071,-136,-1155,0,0
-298,-446,822,-165,-387,-318,0,0
-509,232,735,-424,-390,-640,0,0
-347,-482,556,62,-266,-335,0,0
-118,-509,374,470,-165,473,0,0
-99,-265,632,393,-104,-1080,0,0
181,-993,767,675,-348,-2191,0,0
398,-1215,706,1606,-1696,-2341,0,0
1016,-786,262,4087,-1846,-3108,0,0
1452,130,225,3758,-2154,-4058,0,0
909,-134,227,3809,-2584,-4680,0,0
366,-352,277,2071,-2572,-4490,0,0
103,-244,175,2038,-3502,-3796,0,0
-222,379,-49,2356,-3288,-4222,0,0
-249,597,-288,2429,-2713,-3889,0,0
-206,444,-518,2559,-2445,-3511,0,0
-99,588,-724,3221,-2165,-3954,0,0
84,639,-767,3700,-2284,-4236,0,0
144,291,-671,4073,-2584,-4153,0,0
5,141,-440,3718,-2686,-4142,0,0
-91,30,-255,3419,-2787,-4301,0,0
-183,-118,-137,3598,-2849,-4129,0,0
-364,-31,131,4139,-2964,-4485,0,0
-528,-109,504,4404,-2861,-4284,0,0
-767,-204,586,3913,-1877,-3531,0,0
-447,215,634,2302,-494,-2380,0,0
384,273,616,972,-37,17,0,0
826,159,526,14,970,225,0,0
1125,-628,287,-831,1262,226,0,0
1283,-681,-230,-642,674,717,0,0
1230,-170,-700,-110,274,121,0,0
1044,-125,-865,-117,-454,231,0,0
600,10,-695,-265,-1952,747,0,0
132,277,-116,-207,-2711,-467,0,0
-428,-102,469,776,-2850,-3248,0,0
-487,-590,549,2968,-3048,-3938,0,0
-198,27,791,3140,-4401,-3119,0,0
-43,622,597,4388,-4246,-4244,0,0
198,453,563,3140,-3762,-4572,0,0
129,289,199,2923,-3319,-4795,0,0
244,238,-138,3105,-3176,-3985,0,0
271,-30,-289,2760,-2751,-3176,0,0
325,-82,-394,2613,-2711,-2817,0,0
397,-46,-520,2482,-3233,-2655,0,0
428,149,-645,2719,-3325,-2415,0,0
348,389,-564,2974,-3487,-1940,0,0
185,457,-223,3070,-3360,-2290,0,0
76,288,78,2618,-3047,-2495,0,0
-8,258,120,2516,-3050,-2540,0,0
-87,182,11,3020,-3114,-3072,0,0
-90,134,-2,3385,-3796,-3339,0,0
-142,-30,86,3804,-4017,-3686,0,0
-141,-243,326,4222,-4272,-3869,0,0
-114,-546,588,3768,-4092,-3732,0,0
-278,-600,481,3660,-3773,-3416,0,0
-435,-568,-34,3627,-3534,-2678,0,0
-385,-387,-651,1761,-2484,-1274,0,0
-520,210,-649,-6,-1366,-463,0,0
-685,509,-588,-816,-756,105,0,0
-711,880,-460,-1102,-361,368,0,0
-550,405,-204,555,-269,115,0,0
-118,349,140,894,-224,87,0,0
144,177,544,384,-61,-179,0,0
352,-205,651,707,142,-629,0,0
550,-396,619,605,-89,-580,0,0
308,-669,532,2070,-956,-2140,0,0
221,-1076,358,2828,-2352,-3190,0,0
209,-746,328,3711,-4405,-3017,0,0
115,-218,-65,4045,-3618,-4381,0,0
-230,-241,349,2703,-3930,-3941,0,0
-619,-666,541,1813,-3699,-3167,0,0
-513,126,333,1411,-3561,-2942,0,0
-174,810,-20,2521,-2959,-3152,0,0
-8,861,-128,3052,-2329,-2935,0,0
-60,580,-34,3018,-2455,-2888,0,0
-17,346,50,2482,-2158,-3186,0,0
248,89,-194,2327,-1956,-2686,0,0
540,83,-325,2482,-1742,-2293,0,0
703,-171,-304,2422,-2366,-2033,0,0
793,-4,-184,2256,-2477,-2290,0,0
721,12,-20,2172,-2930,-1952,0,0
516,45,164,2051,-2951,-2290,0,0
380,54,311,1881,-3191,-2094,0,0
170,49,308,1871,-3349,-2058,0,0
7,128,372,1958,-3634,-2202,0,0
93,297,-44,2519,-3711,-2163,0,0
166,984,-376,2434,-4011,-2695,0,0
-119,257,-185,2723,-4177,-2941,0,0
-444,-209,49,2889,-3279,-2727,0,0
-545,-278,0,2870,-3024,-2049,0,0
-608,176,-344,3481,-2626,-2458,0,0
-566,216,-576,4348,-2845,-3034,0,0
-423,34,-735,4514,-3388,-3065,0,0
-453,38,-559,4966,-3569,-3147,0,0
-679,-287,-173,4560,-3068,-3472,0,0
-830,-326,77,4334,-3152,-3848,0,0
-756,24,287,3807,-2534,-3155,0,0
-350,152,197,2258,-467,-1722,0,0
362,573,-258,714,358,-2376,0,0
617,655,-467,-592,52,-133,0,0
683,-184,-741,-888,599,-672,0,0
1028,-521,-1020,-168,486,-445,0,0
1163,-418,-1143,216,-500,355,0,0
896,-297,-970,384,-1189,43,0,0
618,-517,-456,58,-1482,50,0,0
224,-834,-5,-217,-1925,-967,0,0
-222,-852,139,1761,-2882,-3080,0,0
-195,-311,22,3843,-3815,-2675,0,0
-140,570,366,5150,-3904,-3137,0,0
-145,568,652,4351,-3443,-3567,0,0
-311,300,689,3018,-2462,-4213,0,0
-118,138,292,3030,-2179,-3642,0,0
0,17,196,3089,-2331,-2422,0,0
-96,-236,262,3168,-2171,-2160,0,0
-37,-275,451,2600,-2348,-2079,0,0
68,-59,482,2326,-2605,-2313,0,0
113,133,337,2773,-2770,-2589,0,0
102,176,312,2899,-2803,-2534,0,0
41,-28,348,2999,-2840,-2589,0,0
38,143,349,2930,-3302,-2947,0,0
79,144,182,3036,-3393,-3339,0,0
126,125,-61,3454,-3354,-3368,0,0
131,72,-156,3568,-3458,-3047,0,0
62,35,-175,3478,-3604,-3180,0,0
44,11,-153,3858,-3623,-3458,0,0
56,-190,-137,3562,-3706,-3138,0,0
4,-122,-59,3500,-3810,-3362,0,0
-58,-158,-9,3352,-3986,-3194,0,0
-252,-301,10,2945,-3628,-3305,0,0
-412,-416,93,2010,-3483,-2316,0,0
-558,-218,229,805,-2593,-336,0,0
-556,229,461,102,-826,204,0,0
-667,135,874,300,-106,-122,0,0
-601,-444,942,333,422,-441,0,0
-391,-806,985,182,200,681,0,0
-543,-699,965,-167,89,344,0,0
-738,-599,793,401,-486,351,0,0
-1414,-604,689,1589,-1152,-1611,0,0
-1679,-1219,475,1618,-769,-3174,0,0
-1178,-867,609,631,-1492,-3465,0,0
-105,-363,210,2689,-2307,-3422,0,0
253,356,-411,2428,-1795,-4674,0,0
195,551,-450,3386,-1126,-6075,0,0
230,-144,-231,1375,-2693,-4268,0,0
-233,-51,-132,830,-3493,-3798,0,0
-377,451,-104,1258,-2567,-4919,0,0
197,432,-151,1697,-1952,-4171,0,0
465,215,-64,2010,-2053,-3831,0,0
480,91,96,1773,-1939,-4123,0,0
543,94,122,1491,-2251,-4021,0,0
496,55,-49,1752,-2579,-4030,0,0
316,134,-159,2075,-2779,-4135,0,0
160,61,-198,2421,-2956,-4611,0,0
103,125,-228,2211,-3255,-4843,0,0
-99,63,-242,2201,-3215,-5106,0,0
-203,-64,-246,2276,-3316,-4809,0,0
-338,144,-142,2556,-3379,-4639,0,0
-438,249,63,2993,-2693,-4781,0,0
-322,193,34,2669,-2020,-4211,0,0
-233,401,-261,1778,-1320,-3400,0,0
-64,772,-241,874,-830,-1201,0,0
270,1033,-23,243,-312,-326,0,0
690,101,-100,-156,533,-893,0,0
1206,-726,-273,-385,608,15,0,0
1426,-530,-453,-439,76,731,0,0
1281,-263,-602,-435,-221,137,0,0
938,-345,-602,-573,-914,52,0,0
360,-376,-331,199,-2438,-569,0,0
-110,-426,171,617,-2770,-3044,0,0
-237,-575,371,1985,-3749,-2814,0,0
-135,146,-2,3309,-4781,-3308,0,0
126,864,-248,4088,-3920,-4427,0,0
-2168,453,119,3174,-3278,-4348,0,0
-448,161,377,2649,-3123,-4116,0,0
-193,101,354,2617,-3242,-3783,0,0
134,-83,176,2659,-2889,-3558,0,0
391,-169,169,2430,-3110,-3029,0,0
372,-222,164,1840,-3213,-2992,0,0
245,-111,132,1726,-3049,-3064,0,0
118,-138,111,1944,-3080,-2791,0,0
69,-201,132,1948,-2762,-2833,0,0
44,-258,158,1466,-2638,-2637,0,0
-75,-310,165,1210,-2704,-2594,0,0
-130,-199,64,1437,-2810,-2820,0,0
-150,-6,-45,1724,-2977,-3143,0,0
-164,41,-149,1822,-3243,-3330,0,0
-141,122,-245,2034,-3520,-3513,0,0
-72,202,-222,2087,-3578,-3759,0,0
46,146,-270,2456,-3661,-3887,0,0
182,184,-145,2967,-3635,-3897,0,0
190,-83,23,2865,-3684,-4067,0,0
203,-166,86,2870,-3728,-4086,0,0
106,-367,122,2685,-3979,-3905,0,0
-61,-351,176,2303,-4028,-3974,0,0
-75,-222,146,2429,-3711,-3614,0,0
13,-111,-20,1563,-2684,-1865,0,0
-83,130,-75,56,-1726,-363,0,0
-170,394,111,-786,-831,-14,0,0
-371,273,380,-467,-782,13,0,0
-334,-140,414,182,-476,-65,0,0
-197,-186,690,58,-391,518,0,0
-246,-259,905,238,-263,176,0,0
-209,-192,958,284,-207,-153,0,0
-232,-227,854,781,-689,-1306,0,0
-394,-432,441,1432,-966,-3677,0,0
-311,-101,257,605,-2615,-3613,0,0
-208,457,-533,2741,-3346,-3920,0,0
-196,937,-939,2771,-2549,-5272,0,0
-202,152,-420,2538,-2443,-4364,0,0
-301,-196,-266,1311,-3075,-3476,0,0
-266,128,-238,1559,-3323,-3360,0,0
-3,9,-209,1627,-2711,-3397,0,0
343,121,-175,1664,-2576,-3264,0,0
485,239,-163,1801,-3142,-3675,0,0
288,259,80,1548,-3377,-4224,0,0
173,55,162,1708,-3324,-3526,0,0
146,226,117,2019,-3219,-3312,0,0
193,281,-1,2255,-3120,-3574,0,0
227,477,-145,2716,-3314,-3711,0,0
44,462,-245,2873,-3341,-3872,0,0
-172,310,-314,3259,-3325,-4279,0,0
-182,160,-312,3146,-3480,-4295,0,0
-295,-37,-226,3100,-3668,-3736,0,0
-577,-68,-7,3391,-3584,-4215,0,0
-654,-175,308,3474,-3461,-4799,0,0
-653,-269,677,3576,-3542,-4694,0,0
-394,-106,922,2768,-2036,-3279,0,0
3,136,685,899,144,-1644,0,0
22,-66,439,-389,369,5,0,0
68,-831,112,-1297,987,923,0,0
501,-741,-714,-764,1147,281,0,0
1049,-281,-1300,76,98,435,0,0
1141,-142,-1339,106,-647,675,0,0
916,-106,-832,245,-1170,49,0,0
583,-314,-52,-540,-2360,-374,0,0
160,-470,471,-300,-2953,-2487,0,0
188,-253,213,1738,-3665,-2956,0,0
356,748,-129,2468,-4551,-3421,0,0
379,1320,-631,3344,-4458,-4646,0,0
-57,1228,-408,2919,-4044,-5212,0,0
-512,222,-132,2316,-3218,-4242,0,0
-595,-275,61,2214,-3411,-3112,0,0
-288,-385,216,2120,-3283,-2754,0,0
110,-272,151,1752,-2904,-2365,0,0
92,26,37,2211,-2711,-3135,0,0
-45,124,-116,2225,-2973,-3169,0,0
-252,83,-246,2463,-2847,-3215,0,0
-334,-106,-267,2267,-2565,-3186,0,0
-241,-109,-190,1945,-2707,-2914,0,0
-208,191,-177,1908,-3263,-3399,0,0
-288,442,88,2267,-3120,-3956,0,0
-404,-152,360,2335,-2943,-3556,0,0
-191,-164,419,2633,-2818,-3069,0,0
69,-168,220,2537,-2818,-2746,0,0
166,122,76,2492,-2900,-3228,0,0
150,134,65,2618,-2898,-3707,0,0
170,-50,38,2824,-3003,-3660,0,0
241,-66,43,3215,-3327,-3891,0,0
369,-197,148,3233,-3764,-3954,0,0
355,-310,349,2988,-4137,-4043,0,0
51,-433,506,2703,-4143,-3987,0,0
-283,-334,228,3289,-3333,-3401,0,0
-358,43,-264,2199,-2249,-2150,0,0
-549,34,-352,-585,-1673,-162,0,0
-409,676,-42,-1577,-1463,629,0,0
71,946,328,-921,-714,-171,0,0
274,292,555,21,-512,77,0,0
324,488,624,429,-352,-13,0,0
177,243,716,412,-360,-190,0,0
-36,-125,687,551,-316,-545,0,0
-82,-329,733,892,-567,-1162,0,0
-300,-730,699,1592,-1614,-3158,0,0
-222,-617,423,818,-2591,-3293,0,0
103,340,-56,2520,-3613,-2825,0,0
436,757,-853,3454,-3296,-4277,0,0
396,542,-437,3261,-3903,-3609,0,0
-81,79,-146,1897,-4080,-3095,0,0
-155,320,-221,1376,-3878,-3321,0,0
24,219,-344,1990,-3130,-3173,0,0
81,55,-312,2290,-2875,-2579,0,0
80,-50,-156,2334,-2863,-2562,0,0
156,-131,-22,1895,-3018,-2674,0,0
66,-56,-76,1754,-3019,-3117,0,0
-34,-25,-174,2041,-3133,-3317,0,0
-66,-88,-345,2064,-3129,-3083,0,0
-96,60,-366,2277,-3161,-3032,0,0
-98,48,-314,2396,-3298,-3226,0,0
-11,133,-195,2706,-3423,-3306,0,0
0,68,-91,3124,-3852,-3390,0,0
-11,44,-69,3666,-3814,-3831,0,0
-49,-14,87,4040,-3904,-4022,0,0
-154,-196,290,4060,-4309,-4438,0,0
-353,-525,520,3722,-4635,-4534,0,0
-660,-478,763,3591,-4313,-4510,0,0
-853,-364,979,2891,-2815,-3465,0,0
-564,-355,877,553,-529,-1627,0,0
-317,44,303,-692,468,-261,0,0
-170,-270,-379,-539,810,676,0,0
252,-701,-1048,-560,1522,905,0,0
781,-258,-1433,382,627,536,0,0
999,-89,-1497,765,-361,120,0,0
812,-282,-1263,261,-762,7,0,0
450,-514,-701,-796,-1453,13,0,0
147,-490,-78,-1056,-2671,-670,0,0
124,-330,308,408,-3417,-2347,0,0
430,142,12,2456,-3863,-2508,0,0
754,1381,-413,3452,-3928,-3641,0,0
609,1634,-782,3858,-3885,-5007,0,0
-93,828,-543,3550,-3207,-5476,0,0
-267,-157,-247,3526,-3355,-3355,0,0
-278,-529,270,3240,-3432,-2761,0,0
-16,-643,457,2348,-3180,-2360,0,0
254,-228,302,2228,-3540,-2598,0,0
418,67,-14,2507,-3352,-2955,0,0
471,151,-186,2589,-3113,-2463,0,0
360,251,-195,2763,-3284,-2277,0,0
363,389,-152,2340,-3228,-2478,0,0
212,528,-68,2303,-2959,-2625,0,0
-100,269,35,2395,-2806,-2717,0,0
-218,20,136,2380,-2931,-2306,0,0
-171,-169,229,2263,-2949,-2216,0,0
-92,-219,273,2066,-2751,-2488,0,0
-50,-156,205,1872,-2729,-2539,0,0
-119,-175,149,1724,-2631,-2666,0,0
-300,-341,156,1541,-2866,-2734,0,0
-618,-291,316,1284,-3247,-3293,0,0
-872,-179,448,1607,-3467,-3375,0,0
-962,-55,403,2378,-3256,-3251,0,0
-758,-451,251,3006,-2736,-2665,0,0
-346,-359,53,3363,-2444,-2467,0,0
88,-106,57,2513,-3164,-2722,0,0
123,45,55,2774,-3338,-4014,0,0
203,-44,-154,3194,-2986,-4334,0,0
270,-151,-260,2503,-3374,-3646,0,0
94,-152,-290,2353,-3522,-3555,0,0
76,-9,-363,1799,-3385,-2859,0,0
-60,452,-308,1010,-3346,-2501,0,0
-354,629,-187,1026,-2707,-1979,0,0
-380,668,55,1333,-1982,-1086,0,0
-426,665,405,1856,-2019,-1228,0,0
-563,364,174,4006,-1464,-2465,0,0
-671,128,-884,2790,-1871,-2096,0,0
-464,560,-375,-693,-2248,432,0,0
29,642,883,-184,-665,198,0,0
447,-51,892,649,-316,-392,0,0
791,416,519,645,-1168,-692,0,0
279,316,724,3730,-1757,-2547,0,0
-553,-860,1360,1240,-1892,-2927,0,0
-834,-984,1864,1454,-2594,-2187,0,0
-355,-193,1280,1095,-1961,-2599,0,0
92,569,574,1416,-1601,-3092,0,0
146,300,-22,2715,-1445,-3137,0,0
294,4,-376,2890,-1524,-2493,0,0
254,-133,-661,2841,-1903,-2667,0,0
104,-159,-637,2596,-2731,-3053,0,0
-33,-413,-702,2517,-3559,-3096,0,0
-40,-272,-619,2109,-3307,-3456,0,0
57,-545,-445,1536,-3082,-3270,0,0
123,-358,-453,1427,-3187,-3074,0,0
184,-180,-466,1730,-3254,-3044,0,0
270,-144,-411,1463,-3137,-2638,0,0
307,-50,-218,1497,-2737,-2833,0,0
343,-84,-196,1179,-2724,-2373,0,0
308,240,-201,1742,-2820,-2546,0,0
305,232,-37,2208,-2836,-2923,0,0
337,87,262,2234,-2922,-2684,0,0
441,233,120,2467,-3315,-2533,0,0
466,780,-191,2130,-3352,-2960,0,0
90,248,-141,2180,-3359,-2869,0,0
-180,-109,137,2356,-2958,-2439,0,0
-203,-191,328,1993,-2938,-2101,0,0
-158,-72,255,1647,-3239,-2142,0,0
-209,53,144,1573,-3110,-2334,0,0
-364,-117,52,1697,-2926,-2363,0,0
-429,-152,2,1773,-2693,-2581,0,0
-411,-207,-2,1553,-2742,-2423,0,0
-548,-279,-59,1488,-2527,-2812,0,0
-702,-296,-307,2517,-2323,-4032,0,0
-726,-465,-987,3108,-2447,-5022,0,0
-832,-626,-1483,2718,-3433,-4249,0,0
-914,-800,-1151,1894,-2975,-2872,0,0
-711,-820,-347,1658,-2086,-1891,0,0
-210,-393,171,1337,-1354,-1858,0,0
279,249,311,1538,-1404,-2235,0,0
563,784,174,2011,-1485,-2694,0,0
632,1023,-66,2750,-1595,-3003,0,0
584,1062,-234,3087,-2195,-3409,0,0
351,950,-149,2647,-2532,-3818,0,0
34,386,40,2307,-2814,-3755,0,0
-91,50,203,2015,-3021,-3430,0,0
-87,103,235,2315,-2696,-3502,0,0
-7,29,65,3443,-2433,-3315,0,0
79,204,-58,4537,-2343,-3422,0,0
-180,170,-25,5131,-2422,-3864,0,0
-374,353,123,4672,-2005,-3310,0,0
-191,527,243,2116,-1033,-1708,0,0
169,652,113,579,-256,-1330,0,0
655,-149,-216,-243,644,-1869,0,0
852,-1230,-139,-1462,192,136,0,0
927,-971,-87,438,-380,-477,0,0
1169,-1110,-15,-186,-897,-62,0,0
924,-1412,427,-878,-1641,-141,0,0
472,-1694,765,-85,-1988,-1011,0,0
26,-1592,863,430,-2684,-1513,0,0
-111,-904,500,1399,-3502,-1967,0,0
79,88,-61,2357,-3867,-2795,0,0
-108,484,-193,2166,-3768,-3928,0,0
-555,343,-110,2298,-2944,-4203,0,0
-748,62,-62,2111,-2703,-3285,0,0
-834,-119,-159,1874,-2436,-3523,0,0
-735,53,-357,2251,-2600,-3210,0,0
-707,248,-571,2524,-2684,-3516,0,0
-518,299,-465,2370,-2547,-3899,0,0
-39,755,-325,1450,-2833,-3587,0,0
88,1532,-155,2295,-2854,-4417,0,0
-57,493,-70,2362,-2456,-4133,0,0
-272,113,388,2493,-2901,-3515,0,0
-373,258,913,2133,-3246,-4676,0,0
-5,16,1108,2326,-3010,-4447,0,0
385,-240,887,2799,-2355,-3218,0,0
383,-26,735,2631,-2217,-2965,0,0
373,-207,657,2346,-3245,-2953,0,0
317,-58,526,2250,-3430,-3941,0,0
188,-125,179,2994,-2702,-3988,0,0
174,-182,-48,3401,-2535,-3421,0,0
155,-268,4,2217,-2761,-3152,0,0
98,-220,-158,1178,-2521,-3543,0,0
46,-315,-285,765,-2759,-3190,0,0
29,-309,-279,298,-2540,-2289,0,0
78,-50,-192,305,-2024,-1862,0,0
150,125,-241,427,-2102,-1647,0,0
33,289,-72,756,-2333,-2156,0,0
-70,62,145,1208,-2645,-2215,0,0
-224,-2,320,1771,-2936,-2735,0,0
-348,-92,526,2289,-3372,-2977,0,0
-597,-320,689,2881,-3135,-2987,0,0
-815,84,-215,3396,-2605,-2721,0,0
-890,793,-1014,1360,-2096,-937,0,0
-392,943,-786,-2624,-1058,123,0,0
369,1257,35,-422,-81,-740,0,0
1016,575,309,904,-1169,-89,0,0
1230,676,247,895,-1529,-630,0,0
784,596,558,2112,-2220,-2674,0,0
304,-290,889,2328,-2211,-3372,0,0
13,-69,1150,1014,-3111,-2159,0,0
-165,329,856,1926,-2905,-2660,0,0
45,589,163,938,-1901,-2660,0,0
45,466,-61,2358,-1373,-2125,0,0
247,-24,-501,3226,-1177,-1871,0,0
405,107,-743,3075,-1784,-2289,0,0
190,-177,-759,3113,-3129,-3080,0,0
-128,-393,-668,2113,-4472,-3487,0,0
-279,-656,-440,2553,-4429,-3412,0,0
-293,-832,-466,2062,-3858,-3559,0,0
-263,-644,-320,1469,-3221,-3070,0,0
-195,-503,-492,1965,-2895,-2640,0,0
109,-244,-526,2509,-2625,-2491,0,0
310,-99,-216,2116,-2885,-2347,0,0
289,8,19,1611,-3030,-2719,0,0
222,45,8,1667,-2886,-2848,0,0
20,238,50,2274,-2810,-2887,0,0
-194,169,285,2560,-2661,-2777,0,0
-192,36,345,2640,-2588,-2307,0,0
20,501,123,2147,-2371,-2430,0,0
102,482,159,2354,-2432,-2514,0,0
145,258,232,2496,-2499,-2248,0,0
200,205,343,2336,-2604,-2152,0,0
163,59,248,1961,-2947,-2349,0,0
-32,36,50,1784,-2847,-2830,0,0
-287,-151,-111,1857,-2972,-2813,0,0
-427,-88,-153,2275,-2950,-2963,0,0
-368,-122,-93,2289,-2970,-2671,0,0
-254,-141,45,2130,-2868,-2465,0,0
-182,-133,105,2035,-2720,-2317,0,0
-138,-7,94,1948,-2386,-2279,0,0
-106,45,60,1947,-2351,-2397,0,0
-32,77,37,1947,-2466,-2420,0,0
74,40,15,1994,-2412,-2493,0,0
204,24,13,2199,-2501,-2499,0,0
331,-56,29,2210,-2514,-2385,0,0
350,-49,49,2168,-2475,-2476,0,0
331,-160,6,2057,-2682,-2443,0,0
275,-148,-85,1950,-2873,-2444,0,0
144,-134,-147,1972,-2950,-2476,0,0
-2,-200,-166,1964,-2935,-2373,0,0
-117,-171,-135,1925,-3008,-2400,0,0
-130,-114,-73,1886,-2959,-2440,0,0
-134,-93,3,1774,-2975,-2442,0,0
-177,-55,76,1717,-2842,-2482,0,0
-204,-43,94,1672,-2763,-2384,0,0
-226,-4,78,1679,-2680,-2295,0,0
-268,48,52,1618,-2672,-2247,0,0
-277,146,33,1559,-2626,-2282,0,0
-238,184,3,1617,-2517,-2189,0,0
-155,298,17,1774,-2438,-2197,0,0
-88,359,-25,1849,-2471,-2356,0,0
-68,310,-77,1877,-2414,-2355,0,0
-83,312,-172,1895,-2517,-2407,0,0
-124,340,-262,2232,-2516,-2738,0,0
-152,203,-298,2516,-2712,-2923,0,0
-218,156,-250,3047,-2733,-3156,0,0
-378,126,-155,3800,-2633,-3804,0,0
-458,-11,-500,3927,-2327,-4502,0,0
-297,-193,-1391,3853,-2451,-3435,0,0
-268,-269,-1395,2872,-2534,-2504,0,0
-327,-616,-420,2272,-2589,-2372,0,0
-62,-659,339,1481,-2098,-1646,0,0
361,-164,473,2021,-1434,-2426,0,0
841,191,179,3219,-1056,-2990,0,0
826,284,-91,3903,-1383,-2744,0,0
249,307,-444,3807,-1367,-3263,0,0
-213,319,-784,3677,-1483,-3628,0,0
-536,282,-1020,3404,-1577,-3565,0,0
-764,81,-911,2934,-1651,-2591,0,0
-877,-161,-519,2222,-1291,-2274,0,0
-593,-483,-84,1524,-1228,-1789,0,0
-317,-633,137,1138,-1208,-1311,0,0
-95,-551,348,881,-1024,-1381,0,0
131,-266,564,657,-1103,-1657,0,0
204,-21,704,980,-1721,-2329,0,0
64,-2,662,1187,-2403,-3054,0,0
-182,100,575,1758,-2678,-3842,0,0
-309,146,389,2479,-2808,-4687,0,0
-261,-47,194,3642,-2273,-5089,0,0
-265,-344,56,4156,-1554,-4703,0,0
-419,-323,-1,4941,-955,-4706,0,0
-308,332,2,3969,-752,-3693,0,0
-46,836,-21,1674,-591,-2045,0,0
569,880,-454,1097,-310,-1772,0,0
1075,649,-796,730,193,-655,0,0
1276,42,-540,191,342,70,0,0
1381,-431,-332,371,-178,-736,0,0
1428,-723,-270,339,-620,-629,0,0
1307,-986,35,-393,-1363,156,0,0
792,-1169,246,-302,-2107,-118,0,0
385,-971,533,536,-2659,-1572,0,0
372,-485,458,1311,-4082,-1349,0,0
359,923,403,3433,-4599,-2434,0,0
345,822,728,4439,-3742,-2666,0,0
256,862,904,4967,-3165,-3318,0,0
61,561,767,4165,-2588,-3651,0,0
-160,506,507,3302,-2544,-4172,0,0
-474,101,78,3758,-2936,-4372,0,0
-587,-365,-104,3524,-3393,-3056,0,0
-531,-298,-40,3073,-3289,-2798,0,0
-224,-113,-129,2441,-3305,-2635,0,0
218,531,-312,2457,-3067,-2942,0,0
282,319,-249,2454,-2568,-2991,0,0
161,-266,-180,2350,-2322,-2461,0,0
-5,-435,-68,2489,-2192,-2440,0,0
-161,-832,61,2161,-2042,-2504,0,0
-105,-745,-20,1904,-2312,-2396,0,0
39,-7,-172,1918,-2457,-2732,0,0
-105,-181,-79,1830,-2376,-2900,0,0
-206,-491,19,1625,-2271,-2746,0,0
-68,-324,40,1840,-2304,-2587,0,0
95,-210,21,1763,-2559,-2378,0,0
179,45,58,1720,-2484,-2730,0,0
164,23,60,1872,-2389,-2882,0,0
91,-18,71,1895,-2335,-2850,0,0
62,-84,109,1772,-2345,-2827,0,0
15,-113,73,1686,-2315,-2851,0,0
-72,-45,-1,1640,-2339,-2796,0,0
-104,81,28,1788,-2316,-2623,0,0
-75,17,80,2058,-2255,-2253,0,0
24,33,4,2346,-2252,-2182,0,0
139,180,-95,2555,-2140,-2382,0,0
220,227,-161,2194,-2227,-2487,0,0
162,294,-162,1783,-2433,-2968,0,0
45,98,-187,1481,-2591,-3185,0,0
47,8,-192,1439,-2533,-2971,0,0
-29,-82,-144,1367,-2891,-3164,0,0
-176,-210,19,1288,-3397,-3293,0,0
-613,283,333,1409,-4400,-3033,0,0
-1220,843,666,2412,-4335,-3574,0,0
-1213,202,720,2489,-2739,-3149,0,0
-731,39,601,3572,-1205,-2535,0,0
-466,-56,291,3264,-1212,-3267,0,0
-469,-760,204,2792,-2088,-3429,0,0
-371,-1119,198,2586,-2413,-2999,0,0
-107,-711,-38,2630,-1855,-3027,0,0
223,-252,-41,2172,-2096,-3276,0,0
403,-186,16,1613,-2493,-3561,0,0
369,232,-3,805,-2993,-3788,0,0
115,316,-18,1200,-3336,-4474,0,0
177,-44,-83,1704,-2906,-4251,0,0
253,75,37,1524,-2956,-3611,0,0
-30,-12,195,1949,-3078,-3398,0,0
-264,181,313,3012,-2441,-3093,0,0
-457,203,-95,3888,-1620,-3194,0,0
-592,96,-716,1386,-1962,-1959,0,0
-629,582,-468,-578,-2966,26,0,0
-487,853,320,-885,-1570,-1110,0,0
-105,178,1089,-243,-1244,-794,0,0
113,-517,1136,872,-933,-276,0,0
425,-343,1227,903,-231,-625,0,0
531,-527,1353,767,-647,-731,0,0
185,-691,1060,1189,-999,-2202,0,0
-108,-629,738,233,-569,-3566,0,0
-173,-619,359,2042,-1564,-3158,0,0
-234,-278,-621,830,-1059,-4091,0,0
-545,1,-981,1312,-1466,-3899,0,0
-830,-335,-1428,2227,-1965,-3217,0,0
-522,433,-1121,1716,-1667,-3446,0,0
-172,114,-921,2154,-2041,-3358,0,0
-134,268,-840,2042,-1974,-3803,0,0
-7,206,-681,2294,-2253,-3878,0,0
-77,255,-608,1740,-3336,-4210,0,0
-73,642,-310,2052,-3063,-4795,0,0
71,169,-187,1901,-2516,-3986,0,0
88,296,6,2048,-2190,-3902,0,0
200,226,164,1743,-1998,-3637,0,0
207,242,352,1848,-2161,-3520,0,0
182,151,409,1583,-2270,-3493,0,0
328,200,516,1769,-2045,-3343,0,0
465,244,400,1596,-2133,-3137,0,0
372,351,311,1857,-2106,-3283,0,0
311,125,227,1960,-1993,-3207,0,0
294,195,150,1875,-2059,-3129,0,0
209,147,42,1981,-2423,-3095,0,0
132,64,30,2000,-2601,-2987,0,0
128,-9,98,2025,-2567,-2771,0,0
97,-118,159,1596,-2634,-2676,0,0
128,-40,226,1859,-2658,-2816,0,0
199,-86,257,1749,-2611,-2756,0,0
169,41,262,1515,-2530,-2733,0,0
103,4,174,1805,-2483,-2882,0,0
53,-32,111,1652,-2596,-2706,0,0
-1,75,81,1637,-2617,-2790,0,0
14,26,56,1663,-2670,-2879,0,0
62,27,74,1676,-2663,-2736,0,0
78,-10,113,1689,-2635,-2594,0,0
62,-8,120,1593,-2656,-2608,0,0
53,71,108,1642,-2616,-2702,0,0
37,2,94,1647,-2640,-2673,0,0
13,53,54,1720,-2594,-2618,0,0
4,87,26,1693,-2574,-2548,0,0
28,110,-27,1477,-2546,-2492,0,0
70,185,-142,1169,-2738,-2318,0,0
29,288,-242,1014,-2905,-2549,0,0
15,224,-250,1160,-2878,-2634,0,0
43,177,-247,1582,-3073,-2172,0,0
43,323,-278,1868,-3009,-2305,0,0
-13,412,-239,1922,-2944,-2583,0,0
-204,417,-130,1953,-2842,-2798,0,0
-429,264,-40,3102,-2091,-3626,0,0
-573,61,-326,3787,-1775,-4702,0,0
-768,-143,-1120,3893,-3063,-4156,0,0
-912,-663,-1643,2760,-2629,-3134,0,0
-897,-827,-1161,1315,-2191,-2907,0,0
-819,-1006,-659,1238,-2295,-2751,0,0
-387,-433,-179,1839,-1995,-2849,0,0
185,-390,101,2259,-1693,-3382,0,0
539,-279,378,3299,-1707,-3584,0,0
466,-195,527,3575,-2417,-4699,0,0
443,-122,582,3418,-2460,-5044,0,0
135,209,498,3270,-3359,-5264,0,0
-362,-334,767,3088,-2933,-5592,0,0
-369,-474,831,1830,-2202,-3443,0,0
-507,218,838,1806,-672,-2746,0,0
-562,20,873,274,267,-1072,0,0
-23,483,604,293,1291,-1007,0,0
691,148,58,638,472,-2088,0,0
1093,-19,-381,631,501,-9,0,0
1402,-91,-413,785,40,232,0,0
1201,-264,-427,-1,-355,123,0,0
763,-396,-440,-276,-706,-10,0,0
267,-489,-331,-705,-1809,-255,0,0
-310,-416,-198,232,-2861,-2364,0,0
-552,-665,429,1137,-3862,-3246,0,0
-229,-410,320,1418,-4200,-3414,0,0
288,863,403,3272,-4087,-4192,0,0
263,213,310,3069,-2944,-5454,0,0
124,-12,197,2181,-2299,-4546,0,0
-286,-437,-115,1734,-2414,-3828,0,0
-501,-311,-590,2093,-2107,-3828,0,0
-537,-59,-703,1425,-2837,-2682,0,0
-436,1205,-566,1136,-3490,-3918,0,0
-324,1096,-835,2954,-2748,-5476,0,0
-342,220,-220,2500,-3475,-4717,0,0
-635,-56,500,2336,-3246,-5548,0,0
-427,-580,831,2198,-3273,-4404,0,0
148,-697,639,3300,-1591,-3629,0,0
385,-786,538,2840,-1168,-3665,0,0
330,-1029,557,1560,-2600,-2796,0,0
242,-321,593,1383,-2780,-2954,0,0
336,-280,361,1646,-2144,-3274,0,0
421,-91,323,1608,-2417,-3811,0,0
428,-95,250,1251,-2834,-4113,0,0
270,-148,134,698,-3043,-3994,0,0
-4,-106,-83,1080,-2799,-4169,0,0
-153,85,-187,960,-2896,-3514,0,0
-423,-32,-113,1265,-2415,-2863,0,0
-365,202,4,1419,-1703,-2229,0,0
-147,514,140,1298,-1768,-1437,0,0
-95,854,247,1285,-2289,-1482,0,0
-34,1000,385,1184,-2035,-1866,0,0
-47,1091,669,791,-2397,-1519,0,0
