165,145,-899,321,3458,-1440,0,0
192,648,-647,435,3564,-1280,0,0
178,860,-467,605,3702,-1451,0,0
177,755,-336,696,3556,-1339,0,0
112,482,-235,622,3357,-1455,0,0
49,312,-140,487,3213,-1500,0,0
-13,323,-78,430,3171,-1628,0,0
-77,362,-81,460,3158,-1729,0,0
-143,266,-130,537,3236,-1892,0,0
-158,-4,-150,484,3332,-1895,0,0
-123,-104,-101,400,3448,-1834,0,0
-71,17,1,384,3570,-1795,0,0
-19,156,139,389,3595,-1766,0,0
26,230,284,408,3603,-1718,0,0
38,158,392,410,3642,-1726,0,0
32,-24,490,357,3560,-1705,0,0
3,-165,576,362,3489,-1674,0,0
-45,-346,622,265,3474,-1747,0,0
-37,-244,601,239,3495,-1666,0,0
-75,375,590,632,3483,-1672,0,0
-148,333,767,1569,3759,-2011,0,0
-48,-757,1066,1345,3671,-2200,0,0
167,-657,1255,849,3087,-1807,0,0
237,245,1208,991,2615,-1622,0,0
191,524,969,1008,2301,-1401,0,0
88,567,585,942,2431,-1053,0,0
-94,559,-189,1155,3327,-1099,0,0
-43,-74,-1234,1308,4459,-1075,0,0
213,-188,-1722,1553,5055,-596,0,0
516,507,-892,1266,5259,-1371,0,0
805,1113,1194,4519,5254,-1396,0,0
780,1335,2966,5119,4058,-1139,0,0
342,489,3417,3461,1117,-243,0,0
-294,42,3117,1704,-914,6,0,0
-798,-155,2676,1183,-892,-649,0,0
-985,-100,2421,444,-499,-941,0,0
-818,-64,2042,1855,-73,-3100,0,0
-174,-1272,1359,3400,1065,-3685,0,0
485,-53,1203,6568,2819,-6195,0,0
1716,-1648,1554,6609,3023,-7093,0,0
2540,-2212,2080,5873,1676,-6602,0,0
2229,-2726,2491,5857,1005,-6165,0,0
1697,-3851,2335,4466,782,-4079,0,0
951,-3541,1759,1815,798,-1709,0,0
470,-1896,1236,-938,471,-417,0,0
370,-781,831,-1064,-203,1792,0,0
-111,-663,508,-309,-1274,2912,0,0
-697,-195,500,-886,-1377,2145,0,0
-841,872,281,-717,-814,1411,0,0
-756,390,116,-352,-736,1299,0,0
-670,1171,135,-512,-891,93,0,0
-438,2337,-456,1611,-1075,-2504,0,0
-48,2163,-913,4193,-654,-5344,0,0
182,1518,-542,4641,-371,-5470,0,0
-23,658,163,4001,-1415,-4598,0,0
-631,697,217,4223,-1730,-4730,0,0
-916,803,161,4023,-933,-5120,0,0
-568,-55,207,4006,-770,-4183,0,0
-160,-434,110,4345,-388,-2930,0,0
15,-547,110,3654,-257,-3048,0,0
398,192,-71,2903,-381,-2689,0,0
632,191,-707,3502,-747,-2215,0,0
501,858,-1193,3641,-1247,-2827,0,0
415,1774,-1234,4942,-1460,-3790,0,0
207,1103,-943,4992,-1865,-3985,0,0
79,1596,-394,4469,-1631,-4594,0,0
243,1960,-86,5165,-1068,-4350,0,0
409,1312,317,5733,-707,-3280,0,0
498,267,665,5464,-686,-2601,0,0
547,-335,758,5051,-755,-2552,0,0
584,-679,786,4914,-664,-2504,0,0
632,-777,701,5465,-893,-2467,0,0
647,-588,699,5320,-1100,-2528,0,0
738,-719,446,4628,-1084,-1933,0,0
873,126,-174,3425,-1443,-657,0,0
786,1198,-602,1075,-1622,-364,0,0
517,1414,-762,-1073,-2145,-401,0,0
352,1743,-749,-1143,-2067,-99,0,0
-94,905,-336,-1281,-1575,59,0,0
-672,-94,-121,-1029,-1039,157,0,0
-924,237,-178,-622,-99,192,0,0
-867,889,-226,-261,362,591,0,0
-811,570,-258,187,314,410,0,0
-749,135,-240,483,101,-672,0,0
-448,-684,-516,3685,109,-2221,0,0
82,-1369,-1152,6822,970,-2530,0,0
987,-466,-1176,8627,1006,-2453,0,0
1284,-335,-24,6897,-1094,-2677,0,0
835,-818,946,4477,-2076,-2274,0,0
442,-1050,1217,2588,-2781,-1775,0,0
293,-604,1113,2920,-3302,-1282,0,0
323,235,900,3581,-2299,-1507,0,0
454,304,893,4433,-1483,-1459,0,0
359,432,955,5442,-1563,-1293,0,0
338,60,1116,4946,-1393,-1643,0,0
272,-149,1255,3767,-2187,-1168,0,0
77,349,1095,3594,-2587,-2212,0,0
72,129,914,3447,-2838,-1314,0,0
-250,32,557,3592,-3015,-1922,0,0
-336,-82,110,3547,-3130,-2137,0,0
-321,-40,-388,3677,-2728,-1952,0,0
-215,381,-697,4711,-2674,-1998,0,0
-163,29,-641,5121,-2463,-1740,0,0
-145,-204,-409,5408,-2600,-2448,0,0
-106,-523,-129,5175,-2827,-2427,0,0
-254,-984,111,4948,-3434,-2568,0,0
-445,-862,403,5172,-4259,-2706,0,0
-500,-827,789,4703,-4060,-2670,0,0
-261,-364,627,3336,-2660,-2142,0,0
27,765,-154,1511,-604,-1205,0,0
148,796,-740,165,499,80,0,0
-55,210,-815,-289,607,612,0,0
-171,-388,-972,-1140,935,-220,0,0
259,-254,-1501,-975,990,-656,0,0
704,358,-1875,-104,308,24,0,0
842,242,-1892,91,-441,333,0,0
832,407,-1618,-443,-848,382,0,0
687,1018,-1130,518,-2102,367,0,0
29,1749,-1164,3219,-4242,-833,0,0
-246,2525,-1519,7744,-2192,-4784,0,0
-135,483,-120,8920,-2312,-2583,0,0
-1197,-337,1503,6374,-2897,-2240,0,0
-1487,16,1300,6232,-1277,-3571,0,0
-1008,-1132,1440,5878,-1013,-2760,0,0
-1187,-1858,1944,3815,-1032,159,0,0
-1074,-1340,1664,3754,-23,-999,0,0
-433,-1512,1368,2742,299,-337,0,0
-94,-534,1175,2613,-653,-349,0,0
49,-499,912,2577,-1193,-798,0,0
73,-1,534,2708,-1783,-1210,0,0
10,873,54,3462,-2551,-1947,0,0
-95,237,-569,3431,-2653,-3227,0,0
-199,417,-1227,5104,-2448,-4620,0,0
4,194,-1482,7251,-1730,-3907,0,0
-32,-1185,-958,7436,-1646,-2987,0,0
-35,-1101,-355,7204,-1361,-3229,0,0
208,-1271,-94,7592,-1397,-3211,0,0
288,-1464,131,6056,-2080,-2935,0,0
273,-344,30,4394,-2640,-2883,0,0
393,314,-695,2313,-2366,-2972,0,0
645,1284,-1236,-15,-1937,-1506,0,0
560,1811,-785,-569,-1499,162,0,0
-66,313,-113,-1192,-1277,216,0,0
-632,-244,127,-769,-1135,-442,0,0
-675,161,161,-155,-554,-126,0,0
-665,351,220,-391,-190,568,0,0
-782,412,262,-290,292,545,0,0
-841,681,332,-346,474,309,0,0
-654,-124,221,87,-64,-366,0,0
-580,-498,-67,1717,-665,-1830,0,0
-318,-826,-575,3971,-64,-3255,0,0
468,-79,-915,5836,344,-3502,0,0
852,901,-311,7393,-1011,-2944,0,0
855,-238,60,6245,-1076,-2821,0,0
748,-214,493,3590,-732,-2540,0,0
601,-220,521,2943,-1750,-2058,0,0
316,669,117,3613,-2006,-2583,0,0
325,510,145,4281,-2163,-2563,0,0
322,-184,247,4260,-2235,-1897,0,0
55,445,523,4055,-1712,-2141,0,0
18,-81,618,3569,-1592,-2235,0,0
-22,326,565,3670,-1817,-1916,0,0
-124,490,403,3607,-1914,-2072,0,0
-104,239,19,3973,-1933,-2400,0,0
-74,634,-213,4663,-1726,-2292,0,0
-99,267,-309,5091,-1709,-2291,0,0
-139,-30,-325,5385,-1880,-2388,0,0
-251,116,-291,5755,-1730,-2323,0,0
-367,-567,-279,6405,-1397,-2619,0,0
-279,-583,-77,6649,-1389,-2739,0,0
-150,-693,139,6799,-1798,-2581,0,0
-219,-855,297,5181,-1998,-2362,0,0
-292,88,-5,3573,-1584,-1930,0,0
-169,745,-553,1983,-903,-822,0,0
47,1389,-771,223,96,-70,0,0
247,1200,-500,-309,253,-342,0,0
470,-173,-342,-676,-49,-658,0,0
732,-285,-460,-903,-102,-445,0,0
833,-130,-626,-502,-420,-30,0,0
580,-292,-604,-306,-997,-141,0,0
265,-22,-325,-240,-1282,-691,0,0
-98,-46,-30,1154,-2130,-863,0,0
-580,463,-181,3079,-2958,-1811,0,0
-692,1276,-318,4826,-1443,-2845,0,0
-697,-147,433,5463,-1599,-2528,0,0
-689,-576,929,5001,-1181,-1749,0,0
-627,39,952,5375,-478,-1949,0,0
-454,-86,929,4649,-1167,-1423,0,0
-413,-81,845,4879,-962,-1528,0,0
-279,-509,905,4822,-378,-1565,0,0
-169,-869,983,4463,-734,-1182,0,0
-171,-836,901,4454,-799,-1500,0,0
-35,-921,785,3993,-1218,-2047,0,0
94,-728,578,4011,-1769,-1716,0,0
41,-568,456,3698,-2237,-1747,0,0
-194,-491,223,3406,-2548,-2245,0,0
-418,-466,-221,2817,-2335,-2620,0,0
-439,-510,-719,3618,-1988,-3248,0,0
-386,-119,-840,4417,-2084,-3917,0,0
-194,73,-481,5620,-2362,-4425,0,0
152,167,223,5779,-2335,-4354,0,0
554,-538,708,5240,-2116,-3416,0,0
707,-1070,911,5011,-1784,-3076,0,0
763,-3152,933,4531,-1681,-3251,0,0
760,-1210,607,4119,-2061,-3404,0,0
609,-945,191,3426,-2766,-3653,0,0
362,-612,-564,1688,-2743,-3001,0,0
76,757,-1275,698,-2159,-1249,0,0
19,1857,-1176,-529,-986,27,0,0
6,1140,-561,-1031,-793,300,0,0
-325,-74,-273,-619,-983,365,0,0
-646,509,-152,-183,-356,143,0,0
-716,507,-97,-59,183,-43,0,0
-635,498,44,-112,133,-113,0,0
-504,625,229,-356,-78,234,0,0
-366,177,149,-100,-381,-585,0,0
-1,-431,-226,1085,-599,-1696,0,0
64,-591,-574,3820,-2355,-3005,0,0
395,585,-1443,6555,-1292,-1938,0,0
1479,687,-843,5980,-1103,-3349,0,0
941,-683,453,4030,-2783,-1441,0,0
188,43,681,2712,-2055,-3302,0,0
228,-273,604,2789,-2436,-3057,0,0
194,-338,408,3180,-2860,-2318,0,0
73,97,464,3556,-2476,-2229,0,0
-63,-347,578,3533,-2000,-2288,0,0
-143,201,726,3620,-2180,-2666,0,0
-121,293,625,3607,-2375,-2485,0,0
-203,473,505,3775,-2345,-2555,0,0
-224,760,221,4265,-2302,-3382,0,0
-33,331,-217,4731,-2112,-2840,0,0
-14,218,-347,4861,-1832,-2679,0,0
-24,580,-349,5171,-1726,-3383,0,0
132,-245,-269,4892,-2091,-2730,0,0
19,-456,-245,4852,-2077,-2888,0,0
-10,-655,-235,5000,-2010,-3296,0,0
57,-1095,-150,5123,-2613,-3165,0,0
-17,-872,-29,5609,-3426,-3542,0,0
-53,-689,59,4693,-3235,-3331,0,0
-30,-156,86,3116,-2902,-2225,0,0
-47,529,-394,1396,-1810,-1051,0,0
15,1227,-856,702,-185,-333,0,0
134,308,-434,-226,-1,442,0,0
133,-170,49,-1499,-207,300,0,0
288,215,-188,-1115,-97,-152,0,0
516,553,-646,-738,-130,-424,0,0
758,652,-855,-93,-333,-439,0,0
837,-50,-661,-71,-523,63,0,0
534,218,-264,489,-873,-92,0,0
-132,545,55,1826,-2119,-1201,0,0
-779,1104,-88,3368,-1846,-3468,0,0
-685,995,81,5019,-2647,-2925,0,0
-1186,-110,294,5199,-3317,-2680,0,0
-1239,186,-99,5852,-1213,-4576,0,0
-431,-910,208,5999,-1337,-2677,0,0
-202,-1405,697,3437,-1009,-1017,0,0
-127,-540,738,3252,-941,-1847,0,0
226,-877,403,3029,-1142,-1899,0,0
395,-437,185,3345,-1426,-1391,0,0
327,-177,180,3569,-1817,-1902,0,0
209,42,45,3773,-2247,-2145,0,0
118,90,-162,4244,-2168,-2429,0,0
82,99,-251,4187,-2200,-2384,0,0
-89,395,-353,4857,-2342,-2663,0,0
-196,53,-360,4616,-2355,-3054,0,0
-237,265,-331,5240,-2123,-3107,0,0
-283,-66,-62,4958,-1953,-2879,0,0
-230,-316,82,4319,-1608,-2850,0,0
-139,-273,34,4425,-1398,-2663,0,0
-25,-483,-63,4284,-1136,-2748,0,0
266,-418,-38,5012,-1132,-3209,0,0
480,-433,154,5642,-1357,-3443,0,0
559,-561,458,6100,-1885,-3654,0,0
564,-956,576,4851,-2482,-3548,0,0
552,-602,245,3201,-2382,-2512,0,0
486,5,-215,739,-1769,-567,0,0
365,663,-305,-779,-892,491,0,0
130,668,91,-1460,-641,587,0,0
-325,505,297,-1568,-676,525,0,0
-821,889,-17,-1343,-576,183,0,0
-1033,1430,-324,-424,-432,126,0,0
-1094,1029,-309,-242,-874,619,0,0
-1102,936,1,122,-943,349,0,0
-1025,523,330,1217,-600,-949,0,0
-872,-122,419,3390,-965,-2281,0,0
-522,53,-98,7350,-796,-4349,0,0
683,419,-331,6558,-45,-4193,0,0
1113,84,919,3324,-1782,-1876,0,0
389,-376,1315,2852,-2924,-1908,0,0
137,5,757,2945,-2182,-2996,0,0
492,-366,571,3139,-2644,-1741,0,0
323,96,395,3466,-2944,-2992,0,0
76,492,223,4344,-2251,-2061,0,0
248,328,138,4603,-2229,-1713,0,0
200,662,209,4428,-2416,-1091,0,0
128,579,291,4036,-2241,-2200,0,0
399,375,340,3386,-2365,-1600,0,0
283,590,193,3460,-2675,-1326,0,0
146,373,-43,4238,-2923,-1653,0,0
-20,1,-250,4809,-2772,-1241,0,0
69,133,-284,6082,-2441,-2491,0,0
574,-994,-157,5400,-2748,-1415,0,0
609,-1236,-130,4850,-2916,-1941,0,0
667,-1548,-232,4434,-3066,-2481,0,0
543,-2201,-323,4535,-3796,-1779,0,0
-114,-1855,-264,4697,-3870,-2452,0,0
-394,-1116,-31,4261,-3485,-3328,0,0
-558,-319,37,4192,-3267,-3149,0,0
-714,356,-373,2648,-2072,-3107,0,0
-275,1138,-823,1759,-860,-869,0,0
-87,-361,-780,166,-107,1600,0,0
-618,308,-457,-966,54,1302,0,0
-711,1194,-253,-158,-462,-569,0,0
-48,131,-240,-17,-767,-738,0,0
425,-404,-296,265,-990,-231,0,0
348,-950,-273,217,-1000,138,0,0
-25,-764,114,-145,-352,-809,0,0
26,-500,731,-655,-805,-922,0,0
-116,623,574,1545,-2397,-1256,0,0
-303,1597,-122,3758,-2298,-3289,0,0
-339,1355,-16,5757,-2339,-3791,0,0
-412,303,492,5004,-2205,-2675,0,0
-610,314,795,3110,-1874,-2095,0,0
-497,526,473,3334,-1486,-3011,0,0
-113,136,383,3511,-1895,-2007,0,0
-228,-245,365,3652,-1883,-1369,0,0
-88,-284,165,4343,-1356,-2112,0,0
43,-397,-62,4395,-2206,-1261,0,0
-378,-30,-423,4121,-1907,-1980,0,0
-510,236,-588,4342,-1177,-2543,0,0
-460,97,-512,4208,-913,-1143,0,0
-774,451,-490,3767,-1205,-1102,0,0
-1132,1190,-657,4770,-1938,-3234,0,0
-1041,850,-598,4573,-2573,-3916,0,0
-783,231,-240,4803,-2575,-3063,0,0
-578,72,126,5229,-2018,-3387,0,0
-23,-611,389,5275,-1644,-2461,0,0
264,-783,619,4759,-1005,-1668,0,0
482,-824,668,4555,-874,-1918,0,0
649,-632,538,4033,-1069,-2308,0,0
626,-436,327,4146,-1406,-2681,0,0
421,-573,306,4845,-1817,-3072,0,0
199,-489,516,5452,-1887,-3590,0,0
186,-921,707,5632,-1981,-3877,0,0
296,-1855,491,4603,-2633,-3590,0,0
377,-1409,-105,2511,-1797,-2618,0,0
541,-370,-458,-25,-1358,-35,0,0
531,610,-169,-916,-1326,1275,0,0
119,829,197,-1743,-984,674,0,0
-300,817,130,-1568,-494,371,0,0
-692,1138,-281,-898,-61,245,0,0
-814,1475,-619,-620,359,196,0,0
-638,1273,-685,-315,300,349,0,0
-506,1160,-598,650,270,16,0,0
-361,241,-591,1974,-434,-1082,0,0
-138,-136,-951,4778,-431,-3088,0,0
633,957,-1597,6897,187,-3770,0,0
1182,1314,-1356,7106,-1236,-2205,0,0
382,101,-366,5924,-1882,-2182,0,0
-172,-2384,141,4003,-1198,-2226,0,0
-221,-474,314,3387,-1429,-1847,0,0
-185,-158,311,3422,-1806,-1481,0,0
-151,-54,474,3673,-1425,-1732,0,0
-94,-280,656,4172,-1249,-2006,0,0
-12,-488,716,4311,-981,-1410,0,0
-72,-646,564,4231,-756,-2352,0,0
7,-324,275,3580,-1139,-2961,0,0
83,-392,12,3133,-1775,-2088,0,0
-57,230,-129,3447,-1750,-2614,0,0
-60,793,-82,4249,-1546,-2493,0,0
-18,-1,56,4921,-1575,-1746,0,0
93,-2136,215,5928,-1033,-2870,0,0
609,-587,234,4997,-1126,-3151,0,0
1107,-648,65,4889,-1561,-2783,0,0
1147,-854,96,4625,-1954,-2780,0,0
863,-809,133,4417,-2236,-2791,0,0
583,-810,304,4978,-2220,-3072,0,0
345,-1032,543,4549,-2128,-2764,0,0
114,-630,629,4586,-2318,-2812,0,0
9,-307,524,4506,-2602,-2904,0,0
102,171,327,3749,-2280,-2525,0,0
377,410,178,1650,-1160,-1287,0,0
603,407,358,176,-256,446,0,0
325,-317,628,-1535,351,1387,0,0
-34,-545,60,-2776,708,169,0,0
251,-145,-1085,-1673,764,-938,0,0
911,619,-1844,-322,555,-189,0,0
1182,308,-1961,-495,-275,1064,0,0
570,659,-1685,36,-1055,507,0,0
-290,1429,-1062,2324,-3063,-1219,0,0
-797,1465,-941,5291,-2943,-3926,0,0
-617,43,-738,5907,-2217,-3186,0,0
-796,-679,47,6020,-1770,-1385,0,0
-962,-580,405,4652,-716,-2238,0,0
-648,-329,476,3723,-997,-1790,0,0
-611,8,209,3700,-1152,-1881,0,0
-510,261,51,4504,-1145,-2360,0,0
-333,-193,75,4930,-1274,-1977,0,0
-268,27,51,5310,-632,-2697,0,0
86,-128,198,4581,-796,-2218,0,0
236,-14,173,4055,-1294,-1785,0,0
172,128,58,4267,-1678,-2040,0,0
63,72,-103,5094,-2136,-2391,0,0
-131,227,68,5445,-2156,-2547,0,0
-416,-219,362,4715,-1894,-2284,0,0
-616,-51,455,4629,-1466,-2850,0,0
-381,-309,378,4926,-1168,-3410,0,0
-31,-924,360,5153,-1459,-2814,0,0
15,-637,621,5943,-1711,-3030,0,0
166,-1166,867,6850,-1740,-3998,0,0
507,-1537,1152,5943,-1542,-3370,0,0
599,-1142,1420,3873,-1971,-1921,0,0
296,-611,1046,2057,-2046,-2320,0,0
302,106,163,753,-1587,-2605,0,0
679,915,-411,-425,-802,-570,0,0
750,1048,-206,-779,-930,656,0,0
364,-367,-81,-1112,-1203,786,0,0
-137,135,-88,-1012,-1080,331,0,0
-461,982,10,-800,-756,953,0,0
-953,1344,101,-483,-238,778,0,0
-1288,1083,363,-295,-80,-419,0,0
-1166,475,472,-220,-187,-725,0,0
-870,9,274,2284,-902,-1835,0,0
-417,-479,-486,3873,-592,-3780,0,0
674,360,-1659,6947,-751,-3798,0,0
1259,757,-1711,7274,-1437,-2113,0,0
743,646,-337,3965,-1776,-2823,0,0
345,-95,288,2660,-2595,-2497,0,0
-76,-311,28,3280,-2961,-2024,0,0
-306,-111,-19,3248,-2630,-2092,0,0
-343,-421,114,3580,-2070,-1960,0,0
-275,-795,171,3492,-1725,-2234,0,0
-92,-130,165,3453,-1642,-2327,0,0
29,220,113,3808,-1461,-2413,0,0
223,-19,223,3306,-1521,-2254,0,0
283,252,284,3549,-2113,-1911,0,0
125,192,4,3423,-2195,-2482,0,0
212,401,-434,4082,-1801,-2913,0,0
461,-122,-825,5203,-1697,-2212,0,0
342,584,-817,5621,-1893,-2007,0,0
294,970,-470,5494,-1823,-2886,0,0
310,-14,-309,4663,-1913,-2284,0,0
62,-21,-201,4747,-1991,-2212,0,0
-118,-721,-131,4444,-1742,-2730,0,0
-157,-1230,-176,4274,-1480,-2515,0,0
-323,-1105,-61,4795,-1628,-2516,0,0
-421,-951,84,5684,-1448,-3626,0,0
-322,-638,358,5925,-2047,-2974,0,0
-539,-149,555,4654,-1724,-2008,0,0
-579,566,464,2249,-660,-1906,0,0
-10,570,-209,228,-8,-1117,0,0
599,528,-703,-962,492,-26,0,0
715,50,-611,-1728,269,218,0,0
625,130,-847,-1511,276,-314,0,0
812,348,-1229,-872,11,-262,0,0
964,216,-1488,-143,-632,57,0,0
804,354,-1588,517,-882,-346,0,0
331,810,-3168,2504,-1775,-1334,0,0
-255,665,-387,4364,-1925,-2905,0,0
-534,8,560,4382,-2030,-2831,0,0
-721,-345,1105,5193,-1747,-2978,0,0
-654,-545,1314,4738,-1546,-2197,0,0
-574,-555,1436,5137,-1183,-2180,0,0
-422,-612,1730,3791,-961,-1400,0,0
-450,371,1663,4138,-1010,-1536,0,0
-296,-45,1167,4223,-652,-2555,0,0
81,-156,735,3772,-1319,-1937,0,0
72,-123,296,4351,-1488,-2049,0,0
100,-552,-20,3960,-1473,-2348,0,0
227,27,-202,3790,-2211,-1879,0,0
47,68,-464,4283,-2718,-2123,0,0
-196,523,-565,4444,-2931,-2434,0,0
-386,997,-276,5190,-2967,-2737,0,0
-456,126,30,4554,-2330,-2928,0,0
-249,58,145,4077,-1648,-3052,0,0
129,-74,75,4828,-1396,-2077,0,0
235,-435,68,4639,-1257,-1954,0,0
395,-273,87,4914,-1359,-2342,0,0
475,-271,247,5740,-1797,-2554,0,0
361,-317,587,6617,-2172,-3342,0,0
294,-554,1155,5868,-2512,-2685,0,0
18,-932,1427,3207,-2715,-1967,0,0
-123,-905,691,1386,-2427,-1745,0,0
145,-296,-459,49,-1674,-546,0,0
429,892,-804,-471,-912,493,0,0
315,855,-279,-698,-645,723,0,0
3,311,107,-1317,-381,385,0,0
-172,625,49,-3176,-223,8,0,0
-257,671,-310,-674,38,197,0,0
-396,978,-577,-411,328,240,0,0
-424,1553,-562,682,-94,-452,0,0
-369,1507,-696,3099,-700,-1005,0,0
-182,1774,-882,6063,-534,-1565,0,0
248,489,-587,5859,-326,-1991,0,0
448,-64,-226,4519,-828,-1806,0,0
557,-108,-485,5630,-1623,-2223,0,0
729,-160,-572,4960,-1935,-1250,0,0
384,-14,-1,4005,-2949,-192,0,0
-221,-216,157,4004,-2899,-1176,0,0
-342,-103,317,4416,-2185,-1745,0,0
-205,-114,644,3751,-1868,-691,0,0
-301,526,794,2982,-2137,-348,0,0
-454,1500,658,3667,-2516,-625,0,0
-504,994,393,4846,-2728,-877,0,0
-452,501,112,6235,-1906,-1082,0,0
-292,167,130,6453,-1319,-1067,0,0
16,-492,133,5852,-1406,-1047,0,0
467,-1582,-188,5380,-1438,-2053,0,0
1062,-3250,-738,5318,-1361,-2522,0,0
1454,-3169,-880,4951,-1605,-1756,0,0
1378,-2500,-849,4377,-1887,-1641,0,0
930,-1566,-590,4461,-2406,-2197,0,0
419,-1397,-253,4372,-2716,-3021,0,0
77,-609,50,6028,-2907,-4606,0,0
61,-797,731,6584,-2873,-4746,0,0
-164,-847,1318,4745,-2340,-3499,0,0
-750,967,1410,2361,-2438,-1040,0,0
-1266,1918,850,300,-1457,146,0,0
-1183,1465,174,-1635,-156,-238,0,0
-598,869,-91,-1546,374,-410,0,0
66,-338,-236,-1072,309,109,0,0
682,-850,-781,-894,147,512,0,0
997,-389,-1359,-1023,19,1029,0,0
842,567,-1450,-415,-366,923,0,0
547,320,-1164,393,-695,-363,0,0
247,772,-536,1567,-1743,-1653,0,0
165,490,-296,3647,-3136,-2885,0,0
87,740,-460,3314,-2552,-3337,0,0
-433,1010,272,5654,-2597,-3318,0,0
-515,-1058,690,4698,-1895,-2558,0,0
-495,-150,426,3780,-725,-1798,0,0
-499,541,478,4835,-682,-2411,0,0
-120,-486,927,4012,-1482,-1363,0,0
-144,-21,878,4511,-1193,-871,0,0
-302,550,806,3919,-1115,-1368,0,0
-493,797,722,3925,-1614,-2246,0,0
-453,-15,467,4017,-2087,-2839,0,0
-363,-239,136,4237,-2308,-2028,0,0
-717,-270,19,4290,-2745,-3029,0,0
-1009,-348,-17,3850,-2859,-3455,0,0
-1066,-917,-381,4418,-1892,-3435,0,0
-874,-986,-487,4145,-1160,-3451,0,0
-636,-788,-515,4449,-1235,-3674,0,0
-401,-814,-462,4761,-1470,-4085,0,0
-326,-776,10,5051,-2509,-4612,0,0
-450,-1425,732,5374,-2507,-6309,0,0
-188,-1894,1358,5412,-1576,-5524,0,0
4,-755,1838,5039,-993,-3250,0,0
-98,157,1673,4499,-816,-3357,0,0
285,420,996,4176,-949,-3057,0,0
659,799,609,1239,-1605,-690,0,0
715,1463,121,-1113,-1713,1258,0,0
620,1610,-280,-1853,-702,504,0,0
578,906,-16,-1615,-72,-1207,0,0
643,-21,200,-1401,-90,-592,0,0
697,357,-82,-1165,-176,537,0,0
497,1400,-638,-600,-168,754,0,0
115,2256,-727,598,-430,1037,0,0
-425,1700,-463,517,-626,1009,0,0
-808,1500,-142,2079,-975,-941,0,0
-664,53,-112,4065,-1466,-2810,0,0
-93,498,-430,5909,-827,-4092,0,0
850,568,-917,6303,-817,-2937,0,0
853,412,-746,5336,-1800,-1925,0,0
321,217,-106,4354,-2601,-1812,0,0
-120,7,213,3413,-2659,-1502,0,0
-279,347,375,3134,-2905,-944,0,0
-446,1025,147,3576,-3098,-1287,0,0
-202,772,-253,4368,-2583,-1551,0,0
182,-107,-422,5671,-2411,-1024,0,0
419,-431,-316,5983,-1803,-1581,0,0
705,-129,76,5069,-1649,-1239,0,0
658,263,297,4660,-1944,-470,0,0
192,691,283,4478,-2024,-693,0,0
-86,296,68,4917,-2117,-437,0,0
-235,-174,-189,5508,-1594,-892,0,0
-119,-581,-255,6644,-1424,-1459,0,0
202,-2053,-271,6432,-1531,-1805,0,0
414,-2096,-207,6380,-1935,-2333,0,0
589,-2492,43,6561,-2239,-2625,0,0
314,-1824,482,4933,-2819,-1512,0,0
-315,-181,619,3299,-2447,-1480,0,0
-278,1287,293,1917,-1501,-1495,0,0
556,2011,-519,1815,-1016,140,0,0
982,1261,-973,692,-253,70,0,0
884,234,-753,-618,-98,-757,0,0
944,-295,-678,-1030,-370,-502,0,0
1125,-66,-939,-878,71,-199,0,0
1246,-121,-1093,-1183,470,134,0,0
1131,-69,-1137,-1192,428,938,0,0
582,158,-1491,-143,-1089,767,0,0
-234,175,-2164,684,-1362,-195,0,0
-1375,1114,-2385,3944,-1344,-3031,0,0
-1737,408,-1379,8215,-1299,-5368,0,0
-1389,-1900,341,7128,-1345,-2180,0,0
-1229,-1860,1039,6014,-879,-1501,0,0
-700,-1422,1003,6843,372,-3143,0,0
77,-2282,1246,5068,502,-1676,0,0
356,-1670,1217,4581,-35,-1592,0,0
668,-1650,884,4556,250,-2439,0,0
981,-1143,625,4419,-103,-2257,0,0
931,-259,745,4659,-816,-2263,0,0
760,-148,789,3744,-1102,-2540,0,0
579,60,474,3718,-1423,-2340,0,0
210,-112,-105,3184,-1788,-2216,0,0
-305,1076,-634,4699,-1680,-3271,0,0
-627,348,-466,5585,-1572,-3502,0,0
-947,-257,128,4845,-1293,-3472,0,0
-920,231,687,4865,-999,-4894,0,0
-250,-817,811,4299,-1175,-4396,0,0
313,-985,686,5234,-1099,-3823,0,0
657,-829,584,5877,-822,-3801,0,0
944,-728,525,5204,-1159,-3410,0,0
849,-256,187,3598,-1473,-2667,0,0
503,158,-394,788,-1336,-1442,0,0
185,549,-960,-1043,-1163,264,0,0
-166,1573,-962,-688,-660,865,0,0
-2512,886,-224,-697,-1017,666,0,0
-806,429,-29,-1251,-979,851,0,0
-1119,1351,-297,-869,-605,380,0,0
-1189,1734,-589,-1033,-498,118,0,0
-889,1765,-942,-1395,-432,448,0,0
-354,1130,-1344,-431,-127,74,0,0
-72,624,-1505,3048,369,-1152,0,0
256,355,-1466,8284,2198,-3088,0,0
725,264,-743,9646,2677,-4642,0,0
965,1075,474,6761,325,-3656,0,0
795,42,1355,5101,-951,-2341,0,0
404,-387,1581,3440,-2015,-1451,0,0
117,8,1223,3511,-2232,-1533,0,0
44,-485,962,2495,-1826,-1099,0,0
-65,124,795,3354,-1861,-1064,0,0
-12,-188,837,4765,-1728,-1550,0,0
134,-427,920,3964,-1760,-800,0,0
130,230,978,5006,-1752,-1397,0,0
217,-278,984,4978,-1901,-945,0,0
19,-14,812,4942,-1829,-1025,0,0
-96,186,491,5018,-1691,-2046,0,0
-18,-458,-29,4360,-1872,-1352,0,0
-110,-88,-641,4829,-1565,-2821,0,0
310,-221,-809,5118,-1538,-2579,0,0
408,-417,-539,5485,-1861,-2102,0,0
392,-541,-234,5583,-2076,-2634,0,0
465,-798,-117,6061,-2190,-1683,0,0
337,-550,84,6435,-2518,-2073,0,0
228,-403,187,5718,-2342,-1474,0,0
-110,372,230,4395,-2298,-192,0,0
115,1572,-93,885,-665,674,0,0
1761,2063,-1350,-1265,628,-1274,0,0
2702,394,-2187,-587,-246,-607,0,0
1180,-1530,-1821,-1058,-807,-753,0,0
-307,-1619,-1293,-1524,-206,-2248,0,0
-331,-1226,-1328,371,422,-460,0,0
-309,-881,-1208,1235,-311,298,0,0
-449,-499,-888,615,-1111,-531,0,0
-681,97,-755,1765,-1800,-1217,0,0
-820,866,-941,4324,-1664,-2052,0,0
-768,774,-494,5993,-986,-3322,0,0
-463,126,700,6615,-1086,-3141,0,0
-353,-2504,1634,4901,-1123,-1555,0,0
-517,-167,1927,5895,-755,-2336,0,0
-244,-1360,2268,4859,-272,-1305,0,0
-131,-1439,2362,3576,-358,-109,0,0
-426,-654,2073,3390,-633,-854,0,0
-641,-484,1650,3130,-845,-1923,0,0
-620,-735,1253,3672,-1325,-2381,0,0
-629,18,924,3619,-1357,-3063,0,0
-361,520,592,4058,-1188,-3404,0,0
-12,-239,225,3800,-1751,-2539,0,0
-132,447,4,4120,-2450,-2538,0,0
-339,722,4,4719,-2661,-3292,0,0
-418,-169,39,5545,-2532,-3442,0,0
-325,-337,250,5666,-1963,-3255,0,0
-23,-722,413,4347,-1752,-2963,0,0
169,-695,321,3423,-1957,-3077,0,0
186,-437,115,3638,-2116,-3388,0,0
235,-474,-166,4200,-2124,-4141,0,0
367,-464,-303,5431,-2555,-4301,0,0
278,-906,-430,5139,-2654,-3383,0,0
52,-390,-512,2989,-2157,-2101,0,0
-58,395,-596,781,-1864,-438,0,0
-50,1395,-570,-770,-1123,463,0,0
148,1466,-332,-1517,-492,568,0,0
176,409,-66,-1869,-964,1002,0,0
-141,345,-230,-1446,-1024,777,0,0
-498,881,-483,-769,-477,389,0,0
-804,1389,-559,-51,-195,113,0,0
-880,772,-433,1112,37,-511,0,0
-885,-146,-63,1938,-354,-1033,0,0
-941,-713,-176,3532,359,-2308,0,0
-490,-458,-498,5188,957,-3895,0,0
401,-684,-588,5869,728,-4271,0,0
811,-410,-276,4675,-682,-2677,0,0
626,483,-199,4874,-1819,-3229,0,0
814,518,-274,4819,-1692,-3835,0,0
1153,127,121,4518,-2188,-2072,0,0
773,216,526,4326,-2443,-1534,0,0
333,304,766,3847,-1784,-2209,0,0
193,-95,836,3622,-1463,-2234,0,0
143,2,708,3178,-1661,-1783,0,0
60,185,521,3379,-1965,-2093,0,0
-47,78,337,3370,-2092,-2035,0,0
-210,650,173,3455,-2183,-1686,0,0
-357,420,-85,4271,-2062,-2063,0,0
-388,77,-296,4887,-1732,-2277,0,0
-236,268,-404,5851,-1363,-2782,0,0
142,-466,-424,5640,-1206,-3046,0,0
506,-552,-364,5121,-1465,-2635,0,0
569,-133,-278,5042,-1855,-2431,0,0
457,-488,-202,5278,-1980,-2924,0,0
430,-921,-64,5016,-2226,-2346,0,0
211,-570,156,5244,-2416,-2208,0,0
-2,-384,316,4828,-2311,-2551,0,0
-5,-52,410,3289,-2089,-1905,0,0
27,165,300,1548,-1398,-1046,0,0
71,522,253,308,-82,-311,0,0
229,177,414,-219,539,320,0,0
463,-736,365,-1166,689,485,0,0
747,-547,-240,-1375,989,38,0,0
1063,-145,-1023,-974,853,-574,0,0
1184,-419,-1506,-578,-439,-503,0,0
462,-13,-1498,30,-2217,-828,0,0
-437,533,-1367,2479,-2554,-2948,0,0
-730,45,-1030,4255,-2435,-3403,0,0
-867,-118,-112,4740,-2786,-2499,0,0
-975,117,491,5262,-1694,-3000,0,0
-664,-213,792,3884,-972,-2286,0,0
-568,0,475,3585,-604,-2263,0,0
-263,55,25,4474,-54,-2970,0,0
85,-326,179,3833,-706,-1391,0,0
-278,435,233,3749,-984,-1843,0,0
-373,370,198,4021,-1084,-2700,0,0
-264,-287,178,3694,-1319,-1876,0,0
-384,100,186,4069,-1495,-1866,0,0
-381,-25,86,4104,-1470,-2343,0,0
-295,144,-135,4418,-1258,-2443,0,0
-238,229,-216,5157,-1471,-2544,0,0
-215,-81,-251,5497,-1397,-2930,0,0
-186,-70,-67,5576,-1353,-2837,0,0
-231,189,160,5346,-1375,-2666,0,0
-253,273,434,5379,-1323,-3043,0,0
-147,-630,600,5231,-1277,-3254,0,0
-50,-650,786,5381,-1187,-2845,0,0
17,-524,960,5469,-1063,-2973,0,0
194,-768,874,5419,-1124,-3251,0,0
394,-702,552,4913,-1334,-3024,0,0
463,-419,0,3220,-1451,-2094,0,0
407,216,-481,1825,-1408,-510,0,0
275,272,-558,236,-983,736,0,0
42,593,-204,-901,-572,920,0,0
-258,677,261,-1090,-794,494,0,0
-592,391,302,-1419,-813,183,0,0
-778,895,21,-1040,-445,-388,0,0
-723,1015,-254,-625,-209,-655,0,0
-579,908,-373,-276,-175,-590,0,0
-456,-110,-130,1189,-571,-476,0,0
-740,-138,11,3278,-161,-1732,0,0
-543,-681,-42,5129,496,-3751,0,0
81,-640,-163,5659,108,-4087,0,0
649,-595,-332,5347,-322,-3437,0,0
825,-358,-238,4212,-1309,-2435,0,0
629,533,-189,4296,-1794,-3029,0,0
839,-34,139,4159,-2362,-2885,0,0
815,-260,286,3315,-2675,-1716,0,0
484,328,280,3556,-2441,-1937,0,0
319,7,284,3641,-2241,-2498,0,0
171,562,231,4156,-2150,-2366,0,0
13,518,233,4849,-1906,-2298,0,0
-56,260,296,4912,-1730,-2351,0,0
-106,236,285,5113,-1507,-2662,0,0
-79,-253,125,4676,-1586,-2846,0,0
80,252,-35,4429,-1570,-2709,0,0
200,-59,-175,4390,-1749,-2362,0,0
119,-108,-201,4295,-2022,-2403,0,0
57,-111,-134,4834,-2248,-2702,0,0
0,-358,-161,5015,-2268,-2708,0,0
-54,-400,-9,5477,-2276,-3122,0,0
-27,-877,109,5496,-2056,-3156,0,0
57,-1040,80,4821,-1533,-2561,0,0
112,-1349,-193,2394,-1138,-1413,0,0
123,-284,-505,571,-565,4,0,0
4,99,-683,-294,-247,800,0,0
-88,138,-709,-1372,208,313,0,0
161,-65,-966,-1248,522,-2712,0,0
656,-403,-1344,-714,580,-289,0,0
1022,-127,-1438,-34,-112,130,0,0
944,-87,-1186,441,-1264,161,0,0
312,273,-555,985,-2020,-1188,0,0
-168,30,184,2202,-2737,-2674,0,0
-732,194,368,3232,-2758,-3275,0,0
-932,816,126,4768,-1377,-4812,0,0
-574,-207,189,5580,-1168,-3352,0,0
-619,212,275,5944,-788,-2520,0,0
-580,402,546,5029,-742,-2541,0,0
-337,-49,617,3652,-425,-2471,0,0
-53,170,548,3433,-468,-2105,0,0
83,16,453,3371,-760,-2082,0,0
63,-141,199,3614,-847,-2546,0,0
106,-472,-266,4495,-354,-3405,0,0
354,-599,-312,4874,-567,-2865,0,0
273,-293,-140,4702,-1070,-2162,0,0
-20,-91,-72,4201,-960,-2502,0,0
-107,-172,-153,3892,-861,-2819,0,0
-80,-19,-227,4229,-863,-2688,0,0
-109,20,-90,3919,-915,-2168,0,0
-198,145,-9,3351,-782,-2311,0,0
-185,383,-93,3232,-734,-2511,0,0
-125,405,-184,3224,-779,-2255,0,0
-123,429,-240,3147,-730,-2135,0,0
-114,316,-307,2897,-651,-2160,0,0
-144,129,-382,2915,-542,-2067,0,0
-176,-95,-366,3246,-415,-2223,0,0
-113,-1065,-335,3032,-347,-2267,0,0
-156,-1271,-282,3003,-314,-2287,0,0
-248,-639,-177,2997,-313,-2508,0,0
-195,-528,-95,3395,-253,-2686,0,0
-93,-421,103,3162,-505,-2324,0,0
-135,148,202,2822,-474,-2276,0,0
-76,58,126,2699,-319,-2607,0,0
20,209,-20,2292,-330,-2261,0,0
-21,638,-166,2591,-118,-2492,0,0
70,210,-289,2439,101,-2928,0,0
155,406,-381,2235,-2,-2645,0,0
124,470,-504,2536,44,-2960,0,0
169,180,-543,2455,-132,-3012,0,0
200,284,-530,2562,-312,-2846,0,0
195,106,-475,2928,-391,-2885,0,0
209,74,-369,2984,-430,-2696,0,0
215,150,-372,3295,-220,-2470,0,0
231,218,-316,3662,-49,-2214,0,0
214,286,-193,3659,29,-1920,0,0
83,302,-110,3567,-7,-1607,0,0
-131,494,60,3547,21,-1296,0,0
-412,382,241,3447,-54,-1007,0,0
-718,358,378,3430,-120,-909,0,0
-968,228,376,3591,-96,-986,0,0
-1135,193,273,3921,14,-1120,0,0
-1120,307,259,4313,219,-1549,0,0
-935,206,379,4189,168,-1602,0,0
-756,271,521,3855,57,-1639,0,0
-595,101,534,3823,36,-1736,0,0
-459,-203,480,4094,257,-2100,0,0
-191,-686,348,4402,691,-2258,0,0
140,-830,133,4276,856,-2029,0,0
329,-511,-51,3608,625,-2135,0,0
384,-285,-103,3372,282,-2272,0,0
305,-177,42,3430,-48,-2168,0,0
97,-312,264,3041,-304,-1901,0,0
-157,-362,357,2766,-324,-1831,0,0
-327,-485,406,2803,-220,-1873,0,0
-447,-555,478,2814,-230,-1952,0,0
-491,-605,426,3147,-46,-2563,0,0
-344,-806,327,3564,124,-2816,0,0
-159,-729,329,3224,193,-2748,0,0
-8,-527,300,2479,155,-2629,0,0
44,-536,110,2151,139,-2792,0,0
34,-652,-131,1999,123,-2784,0,0
-16,-574,-362,2087,192,-3087,0,0
24,-854,-603,2228,384,-3662,0,0
183,-647,-689,2459,238,-3434,0,0
307,-317,-606,2730,146,-3556,0,0
459,118,-471,2395,22,-3712,0,0
665,788,-387,2418,-135,-3240,0,0
844,34,-378,2765,-180,-2735,0,0
825,52,-304,2514,-283,-2486,0,0
790,645,-214,2876,-197,-2754,0,0
836,356,-197,2812,-181,-2783,0,0
891,339,-202,2624,-231,-2732,0,0
856,306,-161,2738,-430,-2632,0,0
632,254,-98,2574,-587,-2718,0,0
422,297,-59,2552,-616,-2862,0,0
274,168,-10,2767,-699,-2534,0,0
50,-45,13,2630,-730,-2536,0,0
-44,57,19,2865,-669,-2844,0,0
23,-141,23,2770,-633,-2508,0,0
9,-170,2,2778,-652,-2410,0,0
-43,-201,-84,2803,-626,-2761,0,0
3,-33,-151,2882,-481,-2748,0,0
16,-126,-118,2798,-512,-2571,0,0
-28,74,-98,2711,-546,-2729,0,0
0,102,-91,2828,-573,-2744,0,0
6,4,-85,2673,-625,-2585,0,0
-60,146,-128,2836,-536,-2778,0,0
-92,-71,-110,2927,-507,-2938,0,0
-121,-158,8,2680,-523,-2667,0,0
-254,-13,139,2770,-554,-2790,0,0
-312,-131,168,2631,-684,-3043,0,0
-279,-54,123,2770,-776,-3028,0,0
-264,-130,197,3167,-803,-2807,0,0
-284,-359,330,3082,-778,-2756,0,0
-264,-307,362,2683,-752,-2622,0,0
-271,-77,273,2367,-764,-2332,0,0
-357,-116,160,2655,-659,-2577,0,0
-438,-271,178,2771,-504,-3152,0,0
-375,252,247,2992,-349,-3603,0,0
-252,318,318,2843,-341,-3403,0,0
-138,125,304,2370,-267,-3495,0,0
61,141,187,2327,-329,-3590,0,0
216,13,29,2482,-513,-3273,0,0
246,-142,-44,2589,-598,-3062,0,0
122,-164,9,2621,-748,-2722,0,0
-111,-119,61,2624,-705,-2923,0,0
-261,-157,129,2602,-724,-2844,0,0
-401,-224,200,2662,-702,-2839,0,0
-561,-327,261,2619,-531,-3044,0,0
-575,-42,298,2552,-429,-3126,0,0
-545,92,339,2480,-319,-3128,0,0
-565,102,301,2315,-359,-3040,0,0
-592,248,245,2634,-389,-2946,0,0
-586,205,240,2642,-153,-3062,0,0
-521,223,275,2437,-178,-2883,0,0
-278,298,254,2212,-372,-3195,0,0
129,285,140,2946,-504,-2344,0,0
-10,426,123,2923,-390,-2303,0,0
107,514,129,3217,-124,-3450,0,0
409,209,164,3154,-129,-2659,0,0
428,295,138,3056,-90,-2877,0,0
501,114,96,2743,-90,-2765,0,0
425,99,-13,2553,-129,-2481,0,0
283,230,-147,2570,-196,-2633,0,0
222,192,-294,2719,-312,-2483,0,0
124,126,-368,2983,-373,-2462,0,0
88,194,-353,3099,-443,-2615,0,0
144,133,-311,3271,-448,-2564,0,0
227,39,-279,3300,-430,-2586,0,0
334,-5,-252,3337,-328,-2556,0,0
423,-44,-221,3170,-319,-2434,0,0
457,-62,-221,3005,-358,-2347,0,0
467,-51,-235,2952,-434,-2332,0,0
453,-138,-292,2982,-449,-2469,0,0
413,-309,-350,3015,-482,-2388,0,0
261,-168,-394,3079,-425,-2305,0,0
170,146,-385,3351,-460,-2708,0,0
269,127,-281,3098,-572,-2487,0,0
352,262,-249,2996,-520,-2389,0,0
456,256,-270,3235,-508,-2583,0,0
569,43,-263,3167,-369,-2547,0,0
612,-146,-257,3188,-142,-2737,0,0
638,-316,-266,3015,-100,-2841,0,0
582,-345,-359,2861,-186,-2656,0,0
404,-365,-511,2792,-284,-2571,0,0
262,-245,-666,2900,-244,-2779,0,0
309,-201,-725,3067,-225,-2639,0,0
393,-136,-724,3097,-258,-2544,0,0
498,-37,-714,3093,-294,-2579,0,0
614,30,-653,2974,-392,-2479,0,0
649,82,-589,2829,-424,-2540,0,0
653,123,-499,2937,-388,-2685,0,0
640,106,-328,2976,-407,-2694,0,0
556,16,-133,2880,-471,-2670,0,0
414,-9,40,2870,-503,-2793,0,0
314,-104,160,2818,-480,-2735,0,0
206,-67,197,2902,-432,-2728,0,0
137,-16,229,3057,-329,-2993,0,0
168,-101,267,2850,-288,-2783,0,0
167,-25,267,2591,-307,-2692,0,0
174,33,192,2593,-320,-2837,0,0
211,-21,72,2744,-255,-2808,0,0
226,5,2,2825,-199,-2918,0,0
261,32,-49,2896,-183,-3078,0,0
313,-38,-64,2826,-276,-2943,0,0
315,-34,-54,2745,-436,-2898,0,0
288,-64,-101,2807,-509,-3004,0,0
295,-172,-162,2970,-453,-2886,0,0
364,-55,-73,2983,-531,-2518,0,0
437,133,50,2725,-808,-2185,0,0
440,195,2,2551,-1002,-1948,0,0
370,476,-88,2891,-1204,-1871,0,0
247,543,-79,3133,-1403,-1754,0,0
55,550,-3,3293,-1538,-1841,0,0
-153,481,33,3262,-1587,-1959,0,0
-346,379,-76,3640,-1366,-2188,0,0
-369,249,-67,3978,-1037,-2220,0,0
-223,360,175,3513,-1079,-1930,0,0
-86,415,267,3051,-1297,-1822,0,0
-25,325,192,3293,-1442,-1857,0,0
-1,116,176,3699,-1379,-1769,0,0
18,-96,242,3844,-1180,-1803,0,0
77,-176,287,3585,-1030,-1868,0,0
137,-127,292,3418,-1093,-1713,0,0
139,-10,281,3489,-1280,-1737,0,0
113,-73,263,3468,-1383,-1729,0,0
49,-52,258,3508,-1412,-1634,0,0
-30,-1,270,3487,-1386,-1663,0,0
-111,-38,277,3282,-1376,-1594,0,0
-255,-9,239,3128,-1370,-1524,0,0
-394,76,233,3196,-1364,-1559,0,0
-517,106,280,3405,-1454,-1572,0,0
-664,117,251,3399,-1495,-1674,0,0
-745,141,141,3533,-1176,-1895,0,0
-713,32,165,3346,-799,-1985,0,0
-649,35,230,2740,-648,-2135,0,0
-603,95,119,2507,-614,-2374,0,0
-561,10,-127,2805,-614,-2684,0,0
-525,-77,-393,3281,-571,-3011,0,0
-513,8,-633,3645,-462,-3309,0,0
-467,257,-709,3600,-431,-3468,0,0
-380,266,-481,2831,-722,-3070,0,0
-411,138,-174,2256,-1053,-2575,0,0
-468,-53,2,2654,-1152,-2553,0,0
-440,-360,140,3138,-1026,-2434,0,0
-365,-344,278,3543,-729,-2857,0,0
-133,-306,426,3465,-526,-2861,0,0
76,-147,588,3106,-404,-2501,0,0
180,-30,632,2747,-319,-2450,0,0
214,-36,538,2571,-193,-2327,0,0
167,-47,357,2679,1,-2479,0,0
139,-159,144,2754,173,-2701,0,0
146,-174,-57,2770,228,-2824,0,0
170,-111,-221,2766,152,-2872,0,0
230,-107,-372,2783,40,-2912,0,0
324,-149,-549,2850,-55,-2828,0,0
460,-31,-640,2833,-282,-2537,0,0
632,83,-558,2955,-758,-2149,0,0
736,-72,-442,3318,-1259,-1944,0,0
725,-99,-477,3782,-1601,-2108,0,0
669,-71,-651,4262,-1481,-2251,0,0
672,-98,-654,3898,-1169,-2165,0,0
702,97,-526,3056,-1108,-2040,0,0
689,357,-500,2724,-1183,-1944,0,0
617,491,-445,2835,-1432,-1786,0,0
460,452,-250,3078,-1743,-1784,0,0
255,296,-28,3484,-1808,-1875,0,0
108,120,200,3700,-1665,-1810,0,0
8,31,350,3663,-1479,-1760,0,0
-31,25,395,3582,-1257,-1765,0,0
-8,41,424,3346,-1166,-1689,0,0
-10,184,400,3199,-1211,-1745,0,0
-45,240,312,3270,-1241,-1860,0,0
-128,160,282,3416,-1296,-1883,0,0
-251,172,287,3476,-1335,-1931,0,0
-348,126,335,3444,-1303,-1903,0,0
-435,16,398,3242,-1295,-1881,0,0
-513,-18,362,3213,-1240,-1892,0,0
-519,-20,304,3360,-1207,-1923,0,0
-466,-36,301,3379,-1239,-1901,0,0
-393,5,296,3266,-1281,-1914,0,0
-311,39,268,3279,-1299,-1909,0,0
-245,77,226,3415,-1350,-2002,0,0
-214,153,163,3475,-1334,-1988,0,0
-269,177,101,3232,-1242,-1970,0,0
-388,111,76,2814,-1127,-1985,0,0
-534,105,67,2907,-1124,-2121,0,0
-666,-54,68,3454,-1091,-2310,0,0
-731,-163,154,3486,-1022,-2241,0,0
-711,-67,243,3322,-949,-2260,0,0
-604,-66,285,2986,-1006,-2319,0,0
-488,-8,224,2982,-1017,-2335,0,0
-395,54,164,3124,-1001,-2342,0,0
-324,75,141,3141,-1010,-2328,0,0
-279,191,168,3156,-1063,-2140,0,0
-279,264,279,3135,-1182,-1924,0,0
-331,324,358,3290,-1285,-1773,0,0
-440,295,394,3656,-1377,-1674,0,0
-547,36,393,3452,-1098,-1721,0,0
-506,-99,384,3267,-650,-1926,0,0
-300,-143,390,3187,-623,-2169,0,0
-53,-36,206,3387,-704,-2509,0,0
192,33,-65,3595,-698,-2516,0,0
354,142,-100,3464,-939,-2407,0,0
392,14,-46,3095,-1171,-2350,0,0
348,-174,-27,2861,-1156,-2252,0,0
263,-163,-1,2867,-1114,-2161,0,0
156,-159,-13,2870,-1143,-2099,0,0
25,-108,-44,2847,-1201,-2081,0,0
-70,-159,-28,3096,-1174,-2089,0,0
-126,-274,87,3122,-1196,-1945,0,0
-173,-249,140,3083,-1227,-2058,0,0
-168,-220,15,3346,-1185,-2326,0,0
-78,-186,-182,3715,-1016,-2570,0,0
88,-100,-316,3444,-880,-2646,0,0
272,34,-407,3052,-891,-2643,0,0
410,13,-461,2723,-1003,-2429,0,0
467,-9,-460,2584,-1148,-2267,0,0
484,-60,-453,2725,-1311,-2143,0,0
453,-137,-454,3197,-1403,-2191,0,0
417,-169,-374,3539,-1347,-2269,0,0
419,-246,-275,3671,-1199,-2320,0,0
439,-227,-206,3364,-1047,-2189,0,0
458,-70,-167,2966,-955,-2085,0,0
448,45,-163,2708,-989,-2039,0,0
397,78,-202,2740,-1023,-2054,0,0
316,76,-262,2917,-1023,-2007,0,0
200,143,-339,3386,-1112,-2171,0,0
138,106,-336,3712,-1155,-2341,0,0
127,89,-218,3717,-1090,-2340,0,0
161,108,-73,3301,-1090,-2366,0,0
239,56,-19,2878,-1103,-2347,0,0
271,15,-57,2819,-1058,-2277,0,0
256,-8,-68,3006,-1012,-2331,0,0
243,-86,-47,3128,-1078,-2398,0,0
213,-103,-20,3356,-1176,-2345,0,0
148,-106,40,3573,-1258,-2214,0,0
70,-75,156,3362,-1364,-2072,0,0
-15,-105,196,3009,-1398,-1943,0,0
-145,-71,169,2893,-1374,-1899,0,0
-229,-51,141,3029,-1259,-2067,0,0
-254,-106,165,3140,-1179,-1975,0,0
-276,-112,184,3207,-1052,-2086,0,0
-232,-86,166,3121,-942,-2220,0,0
-159,-4,122,3109,-957,-2157,0,0
-130,93,63,3127,-1031,-2183,0,0
-103,189,-6,3234,-1086,-2393,0,0
-82,190,-58,3115,-1146,-2242,0,0
-133,179,-73,3136,-1156,-2231,0,0
-182,161,-61,3049,-1129,-2403,0,0
-188,142,-56,3075,-1125,-2350,0,0
-210,91,-41,3311,-1102,-2285,0,0
-214,84,26,3439,-1033,-2303,0,0
-177,-20,112,3360,-1000,-2219,0,0
-141,-156,144,3140,-973,-2134,0,0
-48,-9,92,3150,-992,-2119,0,0
17,-15,30,3206,-1020,-2100,0,0
50,-31,-10,3361,-1032,-1998,0,0
20,-30,32,3295,-1139,-1851,0,0
-54,28,113,3279,-1240,-2104,0,0
-16,23,146,3336,-1250,-2388,0,0
58,-14,147,3353,-1264,-2107,0,0
46,-70,185,3469,-1252,-2387,0,0
142,-91,244,3067,-1227,-2461,0,0
247,44,251,3128,-1192,-2151,0,0
205,-80,246,2839,-1230,-2066,0,0
188,41,224,2804,-1175,-2484,0,0
233,-194,162,3124,-1184,-2484,0,0
236,-483,102,2799,-1275,-2259,0,0
170,-203,32,3000,-1253,-2290,0,0
114,-195,9,2964,-1329,-2254,0,0
78,-184,-46,2970,-1359,-2216,0,0
87,-579,-126,2985,-1336,-2351,0,0
63,-436,-231,2635,-1293,-2365,0,0
29,-138,-336,3213,-1237,-2493,0,0
-26,-285,-365,3041,-1286,-2445,0,0
-60,42,-311,3029,-1237,-2448,0,0
-57,62,-239,2734,-1267,-2426,0,0
-50,147,-266,2462,-1283,-2372,0,0
-22,251,-290,2734,-1305,-2448,0,0
-35,176,-337,2704,-1350,-2112,0,0
-55,322,-297,3486,-1300,-2248,0,0
-60,148,-142,3436,-1361,-2395,0,0
-65,165,-36,3223,-1335,-2153,0,0
-145,214,30,3247,-1243,-2095,0,0
-188,111,77,3004,-1224,-2263,0,0
-200,75,53,3117,-1191,-2189,0,0
-244,28,61,3403,-1154,-2175,0,0
-263,-49,132,3325,-1215,-2320,0,0
-241,-30,172,3139,-1242,-2302,0,0
-244,15,146,3040,-1222,-2150,0,0
-262,34,130,3286,-1176,-2078,0,0
-301,-34,165,3285,-1228,-2112,0,0
-323,-37,178,3308,-1231,-2197,0,0
-324,-95,217,3318,-1248,-2103,0,0
-369,-88,271,3278,-1234,-2052,0,0
-331,38,289,3423,-1204,-2410,0,0
-245,-96,217,3376,-1247,-2125,0,0
-270,2,130,3532,-1062,-2274,0,0
-248,31,209,3252,-938,-2347,0,0
-243,-11,333,2746,-1004,-2331,0,0
-309,-119,356,2802,-895,-2650,0,0
-328,-445,311,2865,-647,-2997,0,0
-299,-620,223,3034,-287,-2909,0,0
-325,-567,160,2792,-83,-2879,0,0
-324,-320,78,2424,-193,-2914,0,0
-310,-247,-58,2299,-385,-2864,0,0
-328,-207,-152,2418,-459,-2968,0,0
-331,-287,-165,2468,-545,-3067,0,0
-340,-340,-151,2350,-631,-3138,0,0
-376,-177,-131,2520,-668,-3288,0,0
-350,-161,-60,2623,-663,-3398,0,0
-259,-159,1,2518,-610,-3337,0,0
-135,-66,45,2557,-527,-3181,0,0
-21,-45,67,2444,-480,-3114,0,0
92,48,3,2363,-382,-3225,0,0
233,144,-98,2217,-343,-3122,0,0
343,511,-122,2327,-372,-3058,0,0
362,357,-114,2628,-412,-3031,0,0
309,150,-147,2280,-575,-2880,0,0
167,414,-146,2587,-680,-2887,0,0
-37,227,-19,2644,-804,-2773,0,0
-251,104,158,2468,-881,-2890,0,0
-367,127,311,2676,-950,-2943,0,0
-465,-300,390,2963,-900,-3017,0,0
-535,-906,379,3190,-540,-3455,0,0
-486,-689,520,2929,-315,-3002,0,0
-343,-281,690,2354,-506,-2673,0,0
-213,1,631,2495,-713,-2313,0,0
-306,-60,451,2557,-868,-2372,0,0
-379,182,355,2766,-991,-2785,0,0
-408,307,465,3201,-1201,-2699,0,0
-566,242,626,3103,-1221,-3046,0,0
-581,151,739,3230,-1029,-3074,0,0
-546,-88,839,2801,-955,-2695,0,0
-548,-135,821,2479,-852,-2505,0,0
-576,-155,684,2414,-765,-2637,0,0
-539,34,530,2626,-782,-2796,0,0
-419,138,406,2854,-912,-2947,0,0
-217,81,323,2915,-982,-3126,0,0
8,4,246,2792,-1072,-2881,0,0
133,-164,206,2809,-1129,-2612,0,0
257,-145,173,2536,-972,-3212,0,0
378,167,-38,2508,-1032,-2631,0,0
300,507,-105,3019,-1004,-2575,0,0
256,446,12,2408,-890,-3114,0,0
296,-43,-45,2160,-757,-3006,0,0
301,-228,-39,2510,-590,-3221,0,0
221,-455,40,2190,-549,-3959,0,0
146,-403,46,2224,-654,-3763,0,0
-86,-200,-38,2064,-836,-2904,0,0
-429,438,-42,2104,-980,-2731,0,0
-681,1075,2,2291,-1188,-2437,0,0
-882,1454,11,2736,-1285,-2549,0,0
-884,1241,22,3111,-1191,-2760,0,0
-611,769,47,3472,-1013,-2850,0,0
-229,218,98,3149,-927,-2799,0,0
88,637,184,3154,-760,-2610,0,0
284,938,255,3127,-757,-2332,0,0
357,800,237,3191,-893,-2199,0,0
364,391,206,3340,-946,-2227,0,0
306,-98,183,3429,-919,-2187,0,0
206,-452,197,3300,-825,-2326,0,0
161,-380,250,3066,-764,-2417,0,0
130,-214,253,2959,-798,-2251,0,0
68,-230,171,2916,-825,-2112,0,0
-4,-232,60,2965,-878,-2031,0,0
-53,-100,-53,3124,-922,-2127,0,0
-52,-18,-132,3092,-948,-2230,0,0
-7,68,-190,3117,-1008,-2335,0,0
49,65,-232,3186,-1040,-2319,0,0
87,55,-237,3221,-1055,-2286,0,0
115,143,-211,3182,-1117,-2321,0,0
140,180,-190,3138,-1175,-2298,0,0
139,125,-167,3220,-1199,-2254,0,0
104,61,-116,3258,-1180,-2266,0,0
67,2,-71,3294,-1119,-2298,0,0
29,-40,-35,3321,-1059,-2234,0,0
-10,-45,19,3293,-1041,-2187,0,0
-38,-5,84,3196,-1079,-2083,0,0
-75,-22,104,3035,-1111,-1994,0,0
-134,-36,57,3073,-1076,-2021,0,0
-162,-122,6,3332,-914,-2209,0,0
-139,-177,37,3366,-862,-2220,0,0
-123,-36,90,3300,-906,-2199,0,0
-122,3,106,3135,-931,-2193,0,0
-122,-38,76,3080,-943,-2220,0,0
-109,-55,24,3132,-905,-2277,0,0
-89,-36,-15,3216,-867,-2347,0,0
-58,-20,-11,3209,-880,-2350,0,0
-26,0,15,3115,-941,-2309,0,0
-14,-4,-6,3091,-961,-2283,0,0
-13,-27,-40,3127,-938,-2325,0,0
-5,-35,-27,3233,-937,-2351,0,0
11,-66,11,3207,-932,-2287,0,0
18,-51,34,3097,-931,-2232,0,0
15,-34,9,3018,-914,-2259,0,0
16,-34,-40,3035,-888,-2281,0,0
17,-18,-63,3168,-881,-2320,0,0
31,-9,-53,3195,-899,-2329,0,0
58,-7,-45,3153,-931,-2311,0,0
76,10,-46,3081,-963,-2264,0,0
75,59,-39,3094,-1010,-2234,0,0
70,62,-39,3055,-1016,-2234,0,0
56,62,-61,3106,-976,-2273,0,0
48,67,-64,3274,-950,-2300,0,0
45,64,-25,3248,-976,-2242,0,0
23,82,4,3161,-1023,-2232,0,0
5,39,-9,3143,-982,-2258,0,0
9,32,0,3246,-937,-2272,0,0
16,33,32,3212,-941,-2257,0,0
12,27,31,3172,-934,-2295,0,0
11,13,17,3197,-942,-2295,0,0
5,15,15,3209,-953,-2244,0,0
-5,18,15,3188,-967,-2205,0,0
-13,18,6,3083,-991,-2204,0,0
-32,29,-23,3178,-996,-2209,0,0
-45,3,-36,3305,-946,-2238,0,0
-17,11,18,3323,-930,-2224,0,0
8,12,64,3179,-952,-2172,0,0
20,4,46,3111,-914,-2162,0,0
25,28,5,3183,-875,-2213,0,0
31,41,-16,3231,-862,-2221,0,0
24,55,-18,3231,-909,-2201,0,0
6,50,-26,3229,-957,-2195,0,0
-20,40,-35,3216,-985,-2166,0,0
-47,31,-25,3244,-1001,-2178,0,0
-61,13,-7,3222,-1000,-2194,0,0
-72,13,7,3336,-1003,-2214,0,0
-73,-22,41,3345,-965,-2216,0,0
-52,-47,72,3289,-937,-2164,0,0
-40,-25,81,3253,-949,-2114,0,0
-39,-22,77,3193,-959,-2100,0,0
-50,-20,73,3194,-958,-2100,0,0
-65,-34,72,3210,-928,-2128,0,0
-74,-33,69,3231,-899,-2183,0,0
-68,-43,56,3205,-873,-2210,0,0
-64,-28,41,3229,-863,-2235,0,0
-55,-15,40,3202,-888,-2222,0,0
-49,-26,22,3143,-901,-2246,0,0
-46,-32,-6,3250,-902,-2270,0,0
-25,-46,5,3296,-906,-2252,0,0
6,-32,43,3194,-952,-2199,0,0
22,-21,42,3125,-985,-2179,0,0
29,-28,11,3165,-964,-2208,0,0
37,-33,6,3189,-951,-2228,0,0
40,-23,6,3180,-941,-2226,0,0
34,-10,2,3147,-947,-2255,0,0
24,-2,-2,3088,-973,-2233,0,0
2,0,-13,3120,-984,-2223,0,0
-12,0,-16,3173,-993,-2212,0,0
-11,0,-23,3186,-985,-2265,0,0
-2,-4,-30,3253,-956,-2238,0,0
14,24,-9,3191,-960,-2186,0,0
29,34,-2,3082,-991,-2169,0,0
24,30,-41,3103,-977,-2165,0,0
8,53,-65,3222,-940,-2247,0,0
9,24,-52,3215,-921,-2262,0,0
15,4,-47,3185,-902,-2234,0,0
20,16,-67,3181,-909,-2255,0,0
33,25,-89,3219,-921,-2247,0,0
38,43,-71,3281,-976,-2220,0,0
25,38,-38,3189,-1013,-2198,0,0
2,26,-30,3159,-1007,-2217,0,0
-8,5,-15,3330,-990,-2224,0,0
6,-29,32,3297,-965,-2146,0,0
26,1,63,3212,-967,-2142,0,0
48,-9,53,3202,-928,-2158,0,0
60,-10,24,3190,-854,-2172,0,0
61,33,0,3201,-843,-2213,0,0
47,47,-29,3197,-885,-2209,0,0
15,42,-44,3207,-907,-2219,0,0
-12,34,-52,3240,-938,-2227,0,0
-25,6,-33,3292,-967,-2198,0,0
-25,-24,-21,3227,-943,-2149,0,0
-16,8,-21,3260,-922,-2190,0,0
4,-15,-13,3311,-909,-2192,0,0
20,-28,8,3273,-885,-2153,0,0
19,-10,14,3212,-891,-2177,0,0
9,-17,3,3195,-886,-2190,0,0
-8,-33,-3,3214,-871,-2203,0,0
-22,-48,-7,3249,-846,-2218,0,0
-24,-43,-4,3275,-868,-2196,0,0
-22,-37,4,3259,-917,-2181,0,0
-24,-35,8,3228,-922,-2200,0,0
-20,-32,26,3199,-938,-2176,0,0
-21,-36,38,3170,-930,-2145,0,0
-38,-25,24,3196,-914,-2194,0,0
-43,-15,28,3343,-882,-2286,0,0
-18,-32,78,3269,-911,-2237,0,0
-7,-41,97,3128,-949,-2163,0,0
-17,-36,63,3134,-937,-2231,0,0
-23,-35,33,3173,-927,-2253,0,0
-33,-37,38,3265,-920,-2277,0,0
-35,-38,64,3184,-950,-2271,0,0
-43,-18,68,3087,-1004,-2204,0,0
-67,-7,61,3188,-1029,-2276,0,0
-56,-9,69,3291,-1046,-2368,0,0
-23,-29,97,3233,-1067,-2310,0,0
-10,-38,114,3263,-1078,-2417,0,0
22,-101,152,3343,-1076,-2467,0,0
70,-154,234,3236,-1080,-2318,0,0
99,-131,280,3029,-1121,-2282,0,0
118,-110,262,2929,-1159,-2216,0,0
110,-112,217,2911,-1152,-2187,0,0
82,-93,188,2955,-1117,-2221,0,0
69,-101,159,2832,-1063,-2148,0,0
42,-45,89,2817,-1007,-2081,0,0
8,31,-5,2870,-1002,-2131,0,0
-26,87,-83,2962,-1066,-2198,0,0
-66,127,-167,3048,-1092,-2275,0,0
-98,161,-216,3062,-1095,-2255,0,0
-144,188,-217,3178,-1162,-2294,0,0
-180,134,-203,3169,-1196,-2246,0,0
-207,153,-185,3164,-1172,-2256,0,0
-194,142,-160,3263,-1157,-2391,0,0
-148,81,-124,3310,-1107,-2453,0,0
-103,53,-77,3305,-1032,-2459,0,0
-62,12,-26,3226,-1002,-2412,0,0
-44,-21,2,3142,-984,-2324,0,0
-61,-40,-1,3097,-963,-2260,0,0
-85,-55,-8,3195,-939,-2253,0,0
-106,-68,-5,3235,-921,-2221,0,0
-120,-54,0,3226,-859,-2213,0,0
-130,-29,5,3207,-828,-2250,0,0
-116,-23,-4,3144,-808,-2209,0,0
-102,13,-20,3151,-818,-2236,0,0
-89,6,-41,3114,-801,-2300,0,0
-63,6,-59,3118,-762,-2310,0,0
-39,14,-64,3210,-746,-2348,0,0
-10,0,-50,3208,-752,-2331,0,0
22,12,-44,3183,-775,-2299,0,0
45,24,-40,3175,-818,-2270,0,0
56,28,-32,3151,-839,-2257,0,0
61,24,-37,3175,-833,-2230,0,0
59,36,-45,3208,-806,-2273,0,0
55,49,-34,3261,-828,-2312,0,0
52,30,-9,3244,-831,-2265,0,0
52,17,21,3239,-813,-2265,0,0
79,15,33,3205,-854,-2320,0,0
106,-3,28,3206,-853,-2258,0,0
106,9,42,3310,-852,-2289,0,0
109,-21,76,3265,-923,-2287,0,0
99,-47,90,3189,-944,-2244,0,0
80,-61,88,3151,-940,-2262,0,0
67,-65,89,3122,-937,-2241,0,0
58,-67,91,3185,-936,-2219,0,0
59,-81,100,3235,-887,-2252,0,0
61,-63,114,3127,-916,-2207,0,0
50,0,105,3108,-988,-2163,0,0
28,38,82,3095,-1022,-2138,0,0
1,34,41,3076,-1041,-2151,0,0
-27,35,-27,3135,-985,-2241,0,0
-46,45,-61,3239,-949,-2324,0,0
-52,29,-43,3237,-947,-2352,0,0
-51,9,-27,3138,-980,-2342,0,0
-45,-9,-39,3136,-991,-2298,0,0
-35,-28,-50,3143,-962,-2257,0,0
-17,-21,-51,3139,-955,-2235,0,0
-8,19,-64,3167,-971,-2237,0,0
-2,22,-86,3203,-892,-2278,0,0
12,-6,-70,3258,-861,-2223,0,0
26,-1,-35,3187,-869,-2143,0,0
35,13,-39,3165,-862,-2139,0,0
38,-24,-100,3122,-802,-2139,0,0
36,38,-175,3204,-754,-2197,0,0
40,94,-224,3293,-718,-2288,0,0
42,40,-248,3226,-724,-2314,0,0
48,34,-244,3217,-729,-2290,0,0
70,40,-210,3218,-755,-2214,0,0
116,66,-172,3197,-761,-2159,0,0
160,61,-176,3272,-709,-2154,0,0
203,31,-235,3244,-656,-2210,0,0
244,48,-327,3286,-609,-2226,0,0
277,63,-428,3347,-565,-2328,0,0
312,64,-493,3416,-531,-2352,0,0
329,98,-533,3518,-495,-2291,0,0
325,155,-520,3496,-544,-2129,0,0
304,226,-445,3342,-633,-1997,0,0
273,92,-380,3180,-652,-1888,0,0
239,-60,-351,3114,-560,-1918,0,0
247,-101,-343,3295,-376,-2109,0,0
309,-208,-324,3390,-226,-2263,0,0
384,-215,-304,3363,-119,-2350,0,0
438,-109,-291,3184,-74,-2371,0,0
448,68,-282,3145,-119,-2350,0,0
412,88,-267,3127,-229,-2230,0,0
333,61,-241,3158,-290,-2158,0,0
244,76,-212,3210,-327,-2168,0,0
177,49,-152,3298,-334,-2172,0,0
127,9,-90,3336,-329,-2236,0,0
116,39,-17,3517,-352,-2339,0,0
130,-225,82,3510,-356,-2242,0,0
158,-213,151,3418,-356,-2241,0,0
248,-325,209,3386,-399,-2190,0,0
306,-522,215,3075,-495,-2097,0,0
285,-264,183,3282,-571,-2120,0,0
219,-427,210,3486,-670,-2178,0,0
164,-466,296,3062,-686,-2178,0,0
169,-171,377,2773,-712,-2028,0,0
89,221,331,2786,-903,-2124,0,0
-12,258,245,3157,-1046,-2198,0,0
-218,330,260,3075,-1136,-1939,0,0
-518,959,466,3657,-1161,-1995,0,0
-701,453,668,3528,-1138,-2349,0,0
-654,270,743,3373,-1060,-2149,0,0
-595,117,737,3673,-988,-1862,0,0
-545,-1,718,3477,-967,-1989,0,0
-394,133,634,3319,-959,-2063,0,0
-268,-65,510,3163,-1148,-2059,0,0
-251,-172,418,3122,-1291,-2002,0,0
-303,-212,368,3227,-1264,-2163,0,0
-279,-485,406,3204,-1340,-2222,0,0
-290,-544,488,2957,-1425,-2001,0,0
-376,-380,482,2983,-1397,-2209,0,0
-398,-347,400,3068,-1303,-2553,0,0
-351,-199,366,2865,-1278,-2530,0,0
-263,-66,297,2751,-1213,-2539,0,0
-179,-24,164,2767,-1238,-2524,0,0
-136,33,37,2762,-1397,-2433,0,0
-91,97,-59,2966,-1510,-2404,0,0
-40,61,-100,3054,-1600,-2431,0,0
1,15,-121,2964,-1629,-2484,0,0
92,-125,-148,2995,-1593,-2456,0,0
218,-205,-153,2914,-1591,-2443,0,0
329,-238,-147,2791,-1649,-2255,0,0
350,-177,-178,3051,-1714,-2226,0,0
298,-83,-201,3216,-1685,-2327,0,0
272,-66,-213,3072,-1603,-2315,0,0
178,-4,-163,3139,-1460,-2336,0,0
53,-30,-55,2641,-1322,-2443,0,0
70,-96,-15,2309,-1032,-2761,0,0
47,25,-59,2450,-821,-2771,0,0
-165,199,-166,2585,-679,-2786,0,0
-324,322,-225,2801,-430,-3410,0,0
-287,317,-244,2681,-438,-3336,0,0
-213,309,-227,2965,-550,-2934,0,0
-207,332,-132,3013,-704,-2598,0,0
-173,283,-142,2765,-859,-2548,0,0
-121,265,-227,2702,-886,-2670,0,0
-88,197,-271,2802,-914,-2748,0,0
-90,112,-281,2795,-793,-2797,0,0
-28,103,-191,3270,-603,-3029,0,0
108,-116,-29,2941,-671,-2750,0,0
184,-28,-26,2764,-667,-2509,0,0
177,87,-23,3228,-553,-2648,0,0
219,-165,-43,2852,-586,-2392,0,0
218,33,-123,3066,-494,-2499,0,0
273,-72,-131,3161,-467,-2594,0,0
337,-195,-201,3018,-532,-2460,0,0
291,69,-254,3313,-547,-2485,0,0
240,165,-217,3093,-665,-2285,0,0
180,305,-224,3079,-766,-2188,0,0
140,237,-255,3216,-840,-2174,0,0
97,154,-296,3149,-963,-1902,0,0
-15,361,-311,3479,-966,-1909,0,0
-49,309,-233,3524,-977,-1892,0,0
-36,208,-143,3286,-1079,-1598,0,0
-96,392,-103,3428,-1073,-1623,0,0
-107,244,-48,3588,-1127,-1669,0,0
-120,230,33,3639,-1167,-1562,0,0
-149,394,129,3686,-1137,-1519,0,0
-142,353,161,3613,-1082,-1481,0,0
-134,383,135,3566,-998,-1430,0,0
-98,372,81,3623,-943,-1451,0,0
-19,199,22,3805,-863,-1430,0,0
80,96,-34,3672,-813,-1380,0,0
204,147,-93,3536,-889,-1241,0,0
281,265,-215,3705,-927,-1241,0,0
413,190,-330,3898,-811,-1285,0,0
502,-87,-333,3651,-642,-1110,0,0
360,99,-320,3658,-561,-1183,0,0
252,22,-359,3663,-312,-1682,0,0
318,-113,-393,3605,39,-2100,0,0
368,-140,-421,3539,270,-2156,0,0
416,-187,-353,3474,409,-2369,0,0
500,-141,-299,3265,431,-2268,0,0
482,222,-378,3462,241,-1985,0,0
324,712,-412,3528,-85,-1629,0,0
117,1166,-401,3774,-294,-1712,0,0
130,972,-303,3769,-304,-1877,0,0
279,678,-201,3546,-241,-1475,0,0
425,330,-256,3211,-191,-1221,0,0
490,668,-310,3259,-271,-1011,0,0
421,913,-308,3268,-377,-799,0,0
356,897,-292,2674,-458,-897,0,0
383,831,-290,1909,-474,-679,0,0
389,401,-274,1379,-461,-387,0,0
325,44,-359,1813,-652,-570,0,0
360,-712,-518,4789,-667,-697,0,0
366,-1815,-592,7684,133,-326,0,0
294,-1601,-124,10289,1718,-1104,0,0
538,-1681,867,8779,1200,-2038,0,0
798,-1559,1350,7262,230,-2164,0,0
565,-1632,1526,6286,-384,-2270,0,0
-11,-1265,1498,4299,-1345,-2178,0,0
-606,-915,753,2498,-1636,-2046,0,0
-787,-666,-19,422,-1052,-1123,0,0
-734,-284,-182,-616,-1163,335,0,0
-708,27,-62,-155,-905,1055,0,0
-672,-30,157,-909,-707,744,0,0
-475,427,75,-1377,-353,428,0,0
-288,690,-61,-916,-273,836,0,0
-430,955,-257,-668,-391,188,0,0
-647,830,-713,873,-122,-1888,0,0
-617,-126,-932,3499,160,-2572,0,0
-585,-64,-498,7172,894,-3356,0,0
-231,-498,291,5964,1468,-3599,0,0
227,-58,700,3349,302,-2223,0,0
168,556,493,4761,-357,-2487,0,0
153,54,340,4539,-631,-2223,0,0
157,374,182,5884,-585,-2062,0,0
143,-33,-96,7744,1330,-2994,0,0
271,144,-50,6443,1996,-3082,0,0
266,586,-220,6057,1325,-3359,0,0
183,327,-534,5812,475,-2663,0,0
0,847,-472,6300,-254,-2741,0,0
-29,-57,-153,5975,-802,-2894,0,0
-108,-641,142,5073,-902,-2483,0,0
-188,-656,442,4951,-550,-2652,0,0
-55,-1031,696,4579,-694,-2396,0,0
-41,-843,614,6212,46,-2576,0,0
-93,-865,930,5753,200,-2527,0,0
-108,-233,1167,5158,370,-2423,0,0
-115,-76,1051,2839,663,-1258,0,0
-234,0,720,182,865,-224,0,0
-372,298,209,-1268,908,82,0,0
-230,204,-87,-1645,371,-133,0,0
104,-219,-347,-1624,-146,-205,0,0
425,-89,-759,-1383,-356,266,0,0
559,-1,-1009,-884,-608,720,0,0
264,199,-970,-1036,-1446,687,0,0
-237,975,-984,-515,-2015,-188,0,0
-876,1720,-1062,2154,-2518,-1273,0,0
-1649,1530,-990,6638,-1315,-3371,0,0
-1998,655,-105,8505,725,-3812,0,0
-1679,-93,818,7308,1665,-3560,0,0
-1018,-759,1289,4972,1059,-2016,0,0
-728,-659,1424,3455,797,-2095,0,0
-327,-833,1223,4718,1232,-2333,0,0
260,-1281,1054,4184,1216,-1505,0,0
578,-610,671,4503,712,-1321,0,0
803,-424,217,5035,549,-2210,0,0
1060,-513,-56,3943,-48,-1987,0,0
889,-2,-440,4943,-743,-2187,0,0
602,-750,-810,5115,-1115,-3066,0,0
163,-431,-824,5645,-1766,-3223,0,0
-142,37,-392,7198,-1394,-4051,0,0
8,-632,270,6294,-704,-3616,0,0
310,-948,533,6125,394,-3288,0,0
731,-805,670,5806,576,-3269,0,0
1018,-489,749,5966,-12,-3300,0,0
914,-500,583,4619,-1135,-2734,0,0
511,-147,-83,2839,-1544,-2474,0,0
416,20,-910,-344,-1925,-1054,0,0
269,1397,-1055,-1039,-2230,-2072,0,0
-87,1584,-434,73,-1472,-122,0,0
-459,148,-52,-1306,-1168,428,0,0
-772,294,-246,-1372,-580,574,0,0
-909,625,-504,-231,-76,-283,0,0
-844,414,-637,-467,146,-31,0,0
-640,601,-593,-293,169,215,0,0
-411,613,-313,675,313,-170,0,0
-140,69,-48,803,112,-825,0,0
54,-419,-64,3220,303,-2072,0,0
224,-544,-535,4213,1285,-3318,0,0
531,480,-783,7835,1814,-3647,0,0
765,624,230,6232,-40,-3505,0,0
836,410,423,4132,-732,-2267,0,0
568,60,280,4305,-1189,-2158,0,0
379,83,180,4900,-1363,-2486,0,0
265,105,243,5408,-1129,-2231,0,0
20,169,332,5750,-1308,-2595,0,0
-38,62,243,5968,-648,-2826,0,0
49,-460,161,5214,-403,-2418,0,0
-62,93,-35,4737,-375,-2343,0,0
-104,343,-111,5048,-245,-2386,0,0
-114,4,-46,4661,-657,-1776,0,0
-270,125,127,4669,-902,-1963,0,0
-340,-397,289,4405,-757,-2276,0,0
-311,-529,312,4867,-433,-2252,0,0
-188,-218,392,5717,-381,-2417,0,0
11,-313,405,6739,-254,-2835,0,0
206,-344,597,6626,-603,-2690,0,0
333,-232,610,5205,-1069,-2493,0,0
312,162,133,3371,-1237,-1303,0,0
229,107,-197,1061,-696,-683,0,0
242,-83,-174,-1157,-169,-313,0,0
276,20,-110,-1619,-81,-173,0,0
390,-148,-278,-1291,-35,-189,0,0
561,-185,-616,-1145,-68,78,0,0
549,246,-845,-549,-337,182,0,0
359,82,-827,-172,-585,33,0,0
90,-68,-687,18,-537,-5,0,0
-252,175,-344,994,-804,-194,0,0
-839,321,-147,2261,-1606,-2061,0,0
-1245,866,-746,6591,-1052,-4152,0,0
-1187,91,47,7781,-276,-2925,0,0
-1290,-695,1116,4900,-989,-2098,0,0
-927,-275,546,5163,-88,-3075,0,0
-290,-745,429,4972,148,-2084,0,0
-218,-723,626,4686,-14,-1863,0,0
-145,-408,648,4900,336,-2778,0,0
146,-717,550,4034,158,-2757,0,0
285,-134,251,4304,50,-2817,0,0
330,167,11,4549,-78,-2719,0,0
353,225,-300,5421,-419,-2985,0,0
212,226,-302,5679,-957,-3004,0,0
-87,191,43,5939,-1186,-3583,0,0
-187,330,336,5569,-973,-2820,0,0
-364,130,626,6714,-611,-2287,0,0
-185,-709,824,5644,-255,-2901,0,0
364,-168,621,6033,-127,-2980,0,0
602,115,436,5613,-874,-2640,0,0
519,417,-123,3924,-1310,-2338,0,0
517,1026,-1037,1784,-1358,-3280,0,0
591,1429,-1292,388,-1565,-408,0,0
34,1071,-546,-665,-1586,-675,0,0
-500,434,63,-1205,-1389,-206,0,0
-767,198,156,-1142,-969,775,0,0
-945,645,-101,-854,18,502,0,0
-802,695,-410,-418,346,158,0,0
-449,513,-533,-556,494,426,0,0
-46,470,-595,-344,722,396,0,0
157,80,-612,533,442,2,0,0
195,106,-655,3626,366,-962,0,0
264,-137,-784,7496,600,-2097,0,0
484,1211,-535,9264,785,-2839,0,0
835,433,465,6810,126,-2279,0,0
831,-247,1011,4426,-746,-1525,0,0
603,-215,831,5013,-1289,-1237,0,0
425,-648,604,4189,-1200,-832,0,0
181,-235,370,4789,-794,-979,0,0
-50,-409,253,4733,-748,-1112,0,0
-234,-20,102,5059,-830,-1178,0,0
-404,-61,88,6165,-712,-902,0,0
-554,-393,354,5498,-615,-907,0,0
-579,-290,388,6399,-54,-1668,0,0
-458,-920,398,6065,178,-1903,0,0
-198,-738,351,6167,296,-2292,0,0
181,-1002,296,6255,-186,-2669,0,0
505,-1176,280,6516,-868,-3052,0,0
688,-1053,513,6349,-1640,-2634,0,0
345,-1091,601,5298,-1938,-2154,0,0
-165,-278,349,2777,-1813,-1838,0,0
-205,742,-346,1079,-817,-1234,0,0
165,1139,-812,263,90,-342,0,0
536,1083,-530,-623,249,-60,0,0
757,173,-302,-1369,-96,-535,0,0
966,-284,-675,-1146,83,-493,0,0
1039,-552,-1062,-534,290,240,0,0
772,-695,-1224,-412,439,614,0,0
435,-413,-1120,-488,-246,823,0,0
-23,209,-1172,564,-818,456,0,0
-754,536,-888,1696,-1367,-857,0,0
-1623,588,-903,4365,-1322,-3410,0,0
-1726,-230,-976,8688,229,-4110,0,0
-1514,-835,538,5928,-149,-2307,0,0
-1420,-427,1377,5696,-721,-2402,0,0
-988,-1445,1389,5841,164,-2368,0,0
-494,-1536,1339,4574,723,-1951,0,0
-200,-580,879,5959,863,-3375,0,0
536,-820,518,4438,1015,-3433,0,0
858,-70,240,3378,285,-3863,0,0
561,205,312,3745,-1532,-5053,0,0
326,-266,313,5531,-1758,-4111,0,0
179,-605,733,6159,-1314,-3533,0,0
230,-485,1123,5282,-614,-3184,0,0
433,-546,1137,4487,385,-3138,0,0
715,-507,869,4837,984,-3159,0,0
811,-200,741,5240,328,-3101,0,0
343,328,663,5220,-1974,-3934,0,0
25,219,499,4429,-3553,-3804,0,0
99,-59,170,1798,-3030,-1932,0,0
31,608,-657,-682,-1190,-836,0,0
51,1360,-901,-245,-535,-233,0,0
-11,846,-405,-427,-724,30,0,0
-237,697,-161,-920,-762,180,0,0
-456,734,-228,-253,-721,81,0,0
-477,228,-346,-402,-299,-71,0,0
-357,264,-555,-465,252,225,0,0
-261,506,-653,18,633,132,0,0
-98,320,-495,270,433,-709,0,0
154,228,-409,1929,-328,-1662,0,0
220,-86,-854,5243,-986,-2706,0,0
396,155,-1395,7805,-68,-3027,0,0
501,542,-528,6611,-261,-2849,0,0
466,104,380,5136,-1339,-2713,0,0
353,-339,317,3942,-1267,-1808,0,0
85,-43,211,3431,-1200,-1567,0,0
21,220,-30,3412,-1275,-2028,0,0
118,487,-390,4385,-1117,-1928,0,0
132,756,-405,5580,-1049,-1889,0,0
181,540,-186,6395,-903,-2599,0,0
337,172,7,5677,-589,-2034,0,0
252,282,116,5970,-307,-1878,0,0
202,-199,249,5939,-119,-2212,0,0
162,-221,326,5430,-66,-1625,0,0
-104,-143,282,5593,-19,-1851,0,0
-190,-489,162,5794,-115,-2182,0,0
-181,-620,70,5886,-81,-2089,0,0
-337,-431,74,6486,-177,-2507,0,0
-382,-540,268,5941,-596,-2576,0,0
-257,-442,435,4491,-1120,-1869,0,0
-156,-311,252,3111,-1182,-1249,0,0
-47,-431,107,794,-373,-117,0,0
37,-21,248,-1486,204,351,0,0
101,122,247,-2376,98,113,0,0
257,-42,-299,-2136,145,-139,0,0
575,199,-986,-1115,67,471,0,0
670,319,-1311,-440,-90,639,0,0
633,496,-1307,104,-317,192,0,0
589,586,-1068,1290,-525,-254,0,0
333,210,-572,2692,-1216,-692,0,0
-319,489,-257,5554,-2239,-2178,0,0
-710,190,-427,7831,-1061,-2853,0,0
-898,-321,146,7082,55,-2074,0,0
-1122,-76,1051,4918,-252,-2274,0,0
-1117,-418,923,4419,-111,-2233,0,0
-962,-646,556,4426,223,-2299,0,0
-661,-514,363,5008,645,-2776,0,0
-252,-646,307,4954,501,-2598,0,0
28,-346,79,5113,187,-2168,0,0
75,-64,-29,5726,-201,-2476,0,0
24,-250,38,5321,-378,-3012,0,0
35,-447,127,5071,-382,-2884,0,0
39,-384,309,5264,-381,-2763,0,0
62,-358,490,4907,-568,-3116,0,0
267,-428,685,5237,-588,-3139,0,0
436,-448,894,4953,-464,-3016,0,0
391,-382,1017,6503,-476,-3982,0,0
434,-1899,1074,5073,-768,-3891,0,0
233,-1068,706,3345,-1216,-2322,0,0
-198,160,152,2384,-1520,-793,0,0
-401,530,-159,-132,-1220,424,0,0
-445,1243,-116,-1152,-962,692,0,0
-478,988,-99,-515,-1065,249,0,0
-501,529,-160,-200,-594,123,0,0
-635,682,-212,-419,101,36,0,0
-873,800,-268,-507,184,-195,0,0
-908,878,-282,89,361,-698,0,0
-494,254,-169,229,610,-744,0,0
-92,-395,59,849,-21,-1238,0,0
102,-505,-120,3251,-39,-2843,0,0
541,-546,-889,5953,88,-2808,0,0
717,493,-1069,9073,-185,-3609,0,0
797,807,57,5898,-301,-3502,0,0
813,389,693,3478,-1331,-2404,0,0
425,128,427,3577,-1736,-2309,0,0
219,172,328,3657,-1787,-2521,0,0
149,236,348,4270,-1744,-2131,0,0
-22,76,355,4318,-1432,-2337,0,0
-35,297,360,5001,-1259,-2431,0,0
35,5,365,5471,-1128,-2375,0,0
125,-344,158,5584,-701,-2539,0,0
347,-174,-23,5313,-344,-2458,0,0
433,-158,-159,4660,-662,-2770,0,0
423,-208,-304,4774,-1078,-2879,0,0
387,-271,-329,5137,-1374,-2344,0,0
148,-413,-193,5814,-1422,-2528,0,0
11,-617,86,7070,-1306,-3117,0,0
255,-1484,518,7592,-666,-3660,0,0
495,-2535,889,4717,-1194,-1592,0,0
107,-1696,766,72,-1193,401,0,0
-185,-17,-98,-3808,-671,-521,0,0
397,362,-1294,-2318,161,201,0,0
550,67,-1835,-2097,532,1597,0,0
373,996,-2616,-911,952,906,0,0
424,989,-2945,1309,688,-323,0,0
585,925,-2587,1300,-50,-869,0,0
588,1054,-1896,2148,-400,-1598,0,0
77,760,-810,2118,-2064,-4016,0,0
-882,1194,-752,3959,-1830,-3768,0,0
-1159,-43,-478,6881,-664,-3859,0,0
-1238,-761,581,6862,83,-3282,0,0
-964,-567,1304,5990,912,-2672,0,0
-624,-907,1868,3861,201,-1438,0,0
-523,-354,1657,3336,-151,-1403,0,0
-433,-79,1352,4126,44,-1934,0,0
-266,-89,1184,4545,223,-2263,0,0
-117,99,1078,4944,239,-1943,0,0
-228,-121,1057,3858,174,-2157,0,0
-240,-130,736,3900,199,-2527,0,0
-74,-248,247,4447,59,-2089,0,0
-53,227,-178,4320,-215,-1917,0,0
-10,647,-277,4388,-641,-2680,0,0
42,450,-283,4682,-867,-2852,0,0
15,34,-139,5544,-485,-3099,0,0
82,-666,372,6293,99,-4623,0,0
341,-1917,956,5776,-39,-4731,0,0
347,-1578,1311,6194,-515,-2833,0,0
-177,-1421,1244,5640,-759,-3175,0,0
-401,-1369,915,4115,-1491,-2912,0,0
-469,-833,268,2627,-1634,-1317,0,0
-854,-204,-783,793,-915,33,0,0
-1149,866,-1577,-651,-1097,436,0,0
-833,1160,-1473,391,-1110,19,0,0
-561,494,-661,-493,-1409,-131,0,0
-370,1299,-172,-1169,-1443,-47,0,0
-16,1511,-171,-2232,-703,-314,0,0
304,765,-200,-62,-370,-395,0,0
498,798,-119,214,-69,-422,0,0
647,547,142,742,225,-1365,0,0
699,-38,160,1633,108,-2645,0,0
685,-98,-538,3574,986,-3314,0,0
849,777,-824,7721,569,-3500,0,0
815,-287,-412,7344,233,-4047,0,0
849,458,101,4797,-345,-2450,0,0
535,903,314,4076,-1203,-2044,0,0
145,566,320,4162,-1906,-1968,0,0
-34,159,487,4453,-1845,-1581,0,0
-156,-7,563,4063,-1256,-1855,0,0
-89,115,505,4463,-932,-2214,0,0
43,-285,535,4231,-1032,-1752,0,0
-82,-101,494,4115,-1038,-1691,0,0
-231,103,365,4184,-903,-2021,0,0
-265,-122,127,4444,-560,-2327,0,0
-215,-78,0,5039,-433,-2668,0,0
-17,-184,-28,5600,-165,-3421,0,0
527,-1220,43,5904,-292,-3935,0,0
1103,-1892,179,4448,-1029,-3132,0,0
1061,-929,276,4081,-1621,-2384,0,0
590,-488,199,3866,-2203,-2575,0,0
88,-606,-214,4585,-2485,-3467,0,0
-218,-528,-287,5414,-2486,-3183,0,0
-567,-350,-169,3369,-2109,-2477,0,0
-950,687,-504,2364,-1134,-1438,0,0
-1218,1630,-696,1789,-47,-323,0,0
-925,926,-547,102,991,-705,0,0
-222,-149,-231,-1113,647,-719,0,0
321,-161,-256,-1219,477,-437,0,0
719,202,-584,-442,410,-2,0,0
887,198,-667,-48,-158,326,0,0
771,5,-593,-125,-450,143,0,0
467,-8,-433,1389,-566,-350,0,0
-47,176,-30,2332,-1537,-1110,0,0
-764,674,-45,5042,-2328,-2338,0,0
-1343,576,65,6462,-1700,-3273,0,0
-1339,0,721,6060,-753,-2691,0,0
-1202,-446,1313,5300,-52,-2478,0,0
-989,-445,1357,3513,258,-2661,0,0
-565,-179,883,3976,186,-3070,0,0
-92,-490,563,3804,-99,-3211,0,0
256,-265,304,4003,-28,-3170,0,0
473,-8,113,4780,-231,-3153,0,0
600,-245,102,3778,-755,-2928,0,0
522,-21,-180,3873,-1117,-3025,0,0
420,1,-391,4831,-1382,-3097,0,0
382,-289,-379,4555,-1200,-2862,0,0
223,123,-327,4860,-1311,-2515,0,0
53,143,-69,5477,-1300,-3022,0,0
100,-2416,276,5434,-939,-3515,0,0
365,-977,725,7222,-186,-4657,0,0
691,-2401,1158,5902,401,-4650,0,0
527,-1979,1025,3401,-1153,-3032,0,0
-112,-335,436,2046,-2539,-2631,0,0
-473,1,-432,633,-2322,-1678,0,0
-519,1021,-949,-180,-2228,539,0,0
-388,2112,-780,159,-1759,933,0,0
-278,1314,-411,92,-1101,297,0,0
-246,1255,-47,51,-576,65,0,0
-322,1044,261,604,-397,409,0,0
-649,620,412,-222,68,414,0,0
-950,963,360,-205,556,133,0,0
-1000,511,437,85,541,-266,0,0
-929,-138,572,882,-193,-1218,0,0
-897,-908,61,3388,301,-3509,0,0
-348,-559,-528,5327,1738,-4905,0,0
476,-265,-287,6478,364,-3897,0,0
712,0,-143,5679,-770,-3509,0,0
791,-78,-348,5261,-450,-3963,0,0
978,-355,-440,4429,-1061,-2560,0,0
895,-195,-432,4512,-1663,-2198,0,0
852,-601,-345,3788,-1506,-2442,0,0
779,-421,-201,3801,-1915,-1997,0,0
353,-138,-40,3527,-1989,-1984,0,0
5,370,16,3265,-1736,-2382,0,0
-155,553,-66,4039,-1613,-2668,0,0
-293,153,-39,4572,-1467,-2817,0,0
-368,371,152,4673,-1217,-2732,0,0
-536,579,319,4934,-968,-2892,0,0
-611,108,350,4671,-537,-3255,0,0
-488,-355,210,4726,-114,-3149,0,0
-449,-737,-47,4505,21,-3022,0,0
-430,-664,-404,4529,11,-3359,0,0
-403,-892,-693,5721,-260,-3077,0,0
-824,-421,-449,6037,-689,-2696,0,0
-1206,161,-210,4705,-721,-3273,0,0
-954,-376,-455,1938,-957,-2653,0,0
-642,1307,-608,869,-1254,-1311,0,0
-422,2101,-278,242,-655,-702,0,0
102,720,3,-1011,102,-831,0,0
644,326,164,-619,228,-748,0,0
777,-181,1,-220,81,-430,0,0
790,-467,-212,-263,8,-345,0,0
799,-531,-164,178,-111,157,0,0
379,-1097,-14,499,-224,180,0,0
-67,-1629,151,219,-628,-113,0,0
-567,-1231,-82,824,-616,-2526,0,0
-1033,-2352,-1081,5493,1120,-7437,0,0
-200,-325,-533,8259,1106,-5736,0,0
537,-901,1119,5327,-306,-2337,0,0
271,-367,1468,2698,-343,-2821,0,0
164,-183,898,3014,-228,-3569,0,0
317,-160,557,3439,-187,-3623,0,0
427,39,464,3470,-293,-3802,0,0
420,155,357,3423,-730,-3779,0,0
197,610,160,3446,-880,-3940,0,0
-78,643,107,4567,-1107,-4352,0,0
-219,80,282,4869,-912,-4736,0,0
-216,448,662,4526,-889,-4247,0,0
-131,-129,810,3904,-544,-4027,0,0
14,-281,783,3371,-440,-4597,0,0
433,-568,613,3840,-558,-4791,0,0
815,-713,498,4785,-821,-4506,0,0
978,-839,499,5219,-886,-4815,0,0
1401,-1547,330,4494,-953,-4091,0,0
1424,-772,-106,3455,-1411,-1893,0,0
947,36,-730,1749,-1505,-178,0,0
383,708,-1154,74,-1205,794,0,0
-300,2046,-782,-392,-1559,1169,0,0
-982,1740,-298,-486,-1230,779,0,0
-1565,1079,-21,-1017,-932,642,0,0
-1812,1544,-89,-1064,-448,141,0,0
-1546,1084,-407,-437,106,-411,0,0
-1090,738,-569,-298,342,-692,0,0
-575,616,-429,864,204,-1085,0,0
-144,-252,-271,3257,-105,-2229,0,0
-20,-18,-962,5493,1543,-3809,0,0
578,815,-802,6746,1479,-3505,0,0
843,-357,89,4946,-110,-2639,0,0
638,-423,-194,4607,249,-2924,0,0
607,10,-629,5913,-10,-3330,0,0
787,-53,-506,5119,-887,-2652,0,0
878,8,-68,4144,-1425,-1964,0,0
739,-446,218,3452,-1825,-1443,0,0
427,-334,262,3426,-1706,-1927,0,0
212,-319,122,3655,-1270,-2621,0,0
124,-492,6,3717,-976,-2353,0,0
-63,62,109,4129,-1075,-2668,0,0
-213,-166,131,4586,-647,-3531,0,0
-208,-267,229,4476,-503,-3370,0,0
-226,326,536,4506,-892,-3122,0,0
-245,-476,630,4539,-846,-3643,0,0
-64,-666,551,4370,-838,-3523,0,0
51,-393,466,5187,-1125,-3469,0,0
75,-728,405,5533,-915,-4278,0,0
234,-100,558,5690,-1245,-4074,0,0
144,-233,690,4653,-1679,-3383,0,0
-50,-110,423,2913,-1196,-2959,0,0
-107,840,15,2317,-877,-1541,0,0
-121,866,-136,1105,-551,149,0,0
-91,911,33,-464,392,664,0,0
99,590,215,-994,442,-205,0,0
418,-391,-300,-1244,327,-145,0,0
603,83,-921,-2680,124,300,0,0
578,14,-1199,-269,-313,453,0,0
350,-96,-1355,-530,-318,124,0,0
180,231,-1349,965,-260,-595,0,0
-194,335,-878,2509,-1524,-1398,0,0
-914,85,-555,5038,-1866,-3386,0,0
-1225,-458,-229,6111,-654,-4311,0,0
-1001,-287,454,6299,-601,-2979,0,0
-983,-169,1125,5229,-755,-2124,0,0
-1068,-140,1410,4138,-213,-2881,0,0
-2720,-310,1308,3971,-53,-3119,0,0
-234,-348,1055,4519,-69,-3051,0,0
78,-153,891,4584,-240,-3101,0,0
169,127,689,4472,-955,-3180,0,0
-89,319,577,4315,-1425,-3483,0,0
-293,-146,555,4734,-1451,-4367,0,0
-69,-589,304,4318,-860,-4057,0,0
224,-438,188,4362,-1053,-2916,0,0
308,-598,105,3906,-1230,-2954,0,0
432,-150,-55,4350,-1346,-3716,0,0
764,-280,-189,4466,-1378,-3606,0,0
1111,28,-138,4724,-1596,-3428,0,0
1218,29,-115,4424,-2043,-3536,0,0
942,-63,-475,5176,-1830,-4031,0,0
562,-191,-763,4095,-1617,-2729,0,0
-99,-227,-527,1427,-1588,-646,0,0
-863,-48,0,-61,-1044,-165,0,0
-1127,80,367,-206,-598,-12,0,0
-967,-127,823,-475,-349,855,0,0
-810,-125,981,-458,-283,1495,0,0
-727,182,621,-787,34,802,0,0
-522,816,194,-527,266,417,0,0
-358,837,66,-195,123,263,0,0
-277,486,56,99,-215,-679,0,0
-306,-101,-356,2694,-401,-2601,0,0
-199,-468,-1092,4803,388,-4407,0,0
223,190,-1332,7782,603,-5695,0,0
888,-670,-515,5762,-10,-4560,0,0
1170,-410,214,3654,-1265,-2737,0,0
879,-334,-14,3399,-1848,-3158,0,0
884,-95,-173,3801,-2316,-3364,0,0
1006,-128,-70,4357,-2653,-3036,0,0
854,-525,165,4215,-2812,-2909,0,0
519,-321,231,3579,-2536,-3649,0,0
406,-220,-237,3753,-2074,-3743,0,0
298,-772,-492,4403,-1609,-3288,0,0
91,-204,-185,3437,-1322,-2821,0,0
-59,370,-6,2792,-1160,-2159,0,0
-346,489,19,2224,-1292,-1738,0,0
-690,560,-56,2779,-1624,-2818,0,0
-839,-22,-105,3454,-1693,-4172,0,0
-731,72,21,4639,-1303,-4463,0,0
-448,-574,409,5071,-1198,-4160,0,0
-235,-814,742,4050,-1359,-3564,0,0
-147,-657,682,4478,-1509,-4034,0,0
-10,-736,341,3736,-1269,-3985,0,0
90,-92,-166,3280,-928,-2887,0,0
-44,-18,-519,2154,-522,-1138,0,0
-261,1205,-497,764,-144,283,0,0
-271,1483,-259,554,130,-226,0,0
68,372,117,-507,43,-441,0,0
499,286,125,-1277,-1,-43,0,0
759,483,-308,-656,108,-78,0,0
882,177,-534,-618,-157,-63,0,0
877,126,-484,17,-602,231,0,0
235,401,-210,1493,-1835,-84,0,0
-804,1542,-135,5140,-2239,-4173,0,0
-733,-104,-82,5637,-1913,-3523,0,0
-793,-487,141,5952,-1839,-3116,0,0
-804,-104,371,5300,-936,-3085,0,0
-728,-75,385,3846,-528,-2646,0,0
-719,40,159,2976,-648,-2514,0,0
-654,47,-498,3321,-353,-3541,0,0
-331,-41,-1473,4020,936,-4008,0,0
-63,508,-1889,5699,962,-3916,0,0
76,37,-1530,5773,247,-3743,0,0
33,-132,-967,4231,-199,-2620,0,0
-379,38,-722,3133,-499,-1934,0,0
-780,-126,-770,2554,-426,-1783,0,0
-903,-26,-799,2493,92,-2020,0,0
-783,104,-596,3285,380,-2229,0,0
-460,-347,-237,3790,467,-2850,0,0
35,-112,210,3204,658,-2316,0,0
251,-30,96,3481,1396,-2214,0,0
203,-328,-217,4079,1958,-2701,0,0
333,69,-330,6078,2777,-4498,0,0
697,-65,-390,6214,3187,-4216,0,0
770,52,-218,5928,2358,-4014,0,0
698,272,-266,5276,1926,-3891,0,0
946,318,46,2240,-648,-745,0,0
540,263,273,109,-3606,724,0,0
-363,1080,67,-719,-3551,696,0,0
-675,1430,265,-533,-1870,521,0,0
-791,757,808,-678,-776,958,0,0
-2952,414,917,530,134,945,0,0
-851,359,790,857,186,592,0,0
-654,172,587,2288,1279,-1151,0,0
34,-870,233,4310,3183,-4042,0,0
902,-99,-199,6277,3564,-1669,0,0
533,633,121,8135,3550,-3457,0,0
384,-376,183,4469,3179,-2834,0,0
446,-86,-336,4629,2682,-2339,0,0
561,168,-988,6651,1760,-3139,0,0
1181,-318,-996,5177,1679,-2915,0,0
1486,-2,-619,4368,578,-790,0,0
979,198,-306,3713,-332,-446,0,0
479,-234,-305,2151,-601,-785,0,0
196,-226,-517,2590,-544,-1476,0,0
46,-408,-545,2470,-527,-1539,0,0
-15,-139,-538,1935,-15,-1425,0,0
112,-302,-439,3447,415,-2371,0,0
168,-562,-129,2448,251,-1922,0,0
219,45,-92,2534,945,-2300,0,0
460,-165,-212,2160,1482,-2383,0,0
637,52,-389,2423,1413,-1799,0,0
579,-396,-526,3131,1477,-1996,0,0
360,-304,-491,3557,1439,-2287,0,0
251,-372,-83,4468,1445,-2698,0,0
192,-382,474,3275,1181,-1991,0,0
112,-65,711,3017,1151,-1988,0,0
47,-172,710,2435,1038,-1875,0,0
-97,166,538,2672,840,-1640,0,0
-357,372,375,3255,565,-1786,0,0
-399,1195,267,3768,534,-3318,0,0
42,1193,195,3672,103,-2844,0,0
139,1218,335,3895,-571,-1563,0,0
-123,1357,472,3591,-758,-2193,0,0
-181,1370,529,3263,-973,-1975,0,0
-273,1054,584,3154,-1265,-831,0,0
-437,1009,496,3556,-1297,-1214,0,0
-407,727,358,3645,-1325,-1010,0,0
-411,498,267,3790,-1246,-690,0,0
-456,-125,160,4132,-1107,-992,0,0
-451,-937,49,4434,-842,-1289,0,0
-517,-867,260,5603,-359,-1310,0,0
-658,-1473,635,4279,-169,-1099,0,0
-812,-1082,718,3148,-95,-1388,0,0
-800,-868,546,2987,-157,-1523,0,0
-777,-818,319,2434,-327,-1132,0,0
-892,197,63,3071,-477,-1334,0,0
-959,295,-86,3576,-668,-1485,0,0
-1031,377,-194,3610,-842,-1711,0,0
-1152,165,-238,4197,-876,-1623,0,0
-1302,-293,-9,4099,-734,-1355,0,0
-1449,-626,257,3867,-535,-1357,0,0
-1509,-1186,432,3610,-206,-1831,0,0
-1275,-769,654,3877,-23,-2391,0,0
-946,-1027,556,3559,142,-1525,0,0
-799,-417,516,4083,499,-1731,0,0
-630,26,923,4216,187,-2418,0,0
-431,-1106,1118,2918,177,-2071,0,0
-476,-1119,954,2826,561,-2113,0,0
-500,-1431,559,2901,1104,-2510,0,0
-371,-1428,256,2566,1383,-2710,0,0
-316,-939,120,2605,1556,-2745,0,0
-289,-360,83,2208,1508,-2945,0,0
-191,-253,-117,2135,1273,-2650,0,0
-238,-461,-414,2095,1015,-2460,0,0
-330,-258,-520,2440,925,-2741,0,0
-350,-412,-572,2469,914,-2819,0,0
-324,-155,-577,2689,1000,-3153,0,0
-185,-31,-487,2482,1018,-3053,0,0
-45,131,-460,2215,1029,-2898,0,0
65,92,-496,2193,1061,-3020,0,0
248,-165,-516,2527,1237,-3412,0,0
450,-171,-414,2688,1263,-3550,0,0
540,-91,-332,2600,1277,-3450,0,0
541,76,-316,2480,1148,-3542,0,0
551,376,-338,2230,972,-3259,0,0
555,184,-415,2226,959,-3135,0,0
603,-163,-521,2215,841,-3283,0,0
762,130,-527,2256,624,-3103,0,0
882,20,-613,2191,413,-3045,0,0
984,17,-715,2216,345,-2967,0,0
1101,-151,-728,2476,243,-2946,0,0
1139,-334,-733,2463,159,-3014,0,0
1125,-237,-790,2338,159,-2870,0,0
1106,-125,-789,2216,-15,-2742,0,0
1033,158,-775,2145,-270,-2640,0,0
882,569,-856,2527,-240,-2924,0,0
857,758,-909,2645,-149,-3192,0,0
946,1175,-832,2674,-315,-2922,0,0
950,1327,-685,2809,-512,-2704,0,0
895,1055,-567,2831,-654,-2576,0,0
866,874,-435,2802,-822,-2482,0,0
835,779,-360,3046,-944,-2376,0,0
807,460,-370,3310,-920,-2430,0,0
888,140,-385,3315,-717,-2610,0,0
1081,93,-411,3101,-642,-2637,0,0
1142,435,-438,3148,-783,-2648,0,0
1110,853,-434,3364,-864,-2736,0,0
1107,693,-312,3368,-1067,-2271,0,0
937,417,-174,3197,-1273,-2159,0,0
702,259,-27,3190,-1404,-2231,0,0
465,8,109,3153,-1506,-2022,0,0
164,-95,150,3429,-1324,-1976,0,0
-69,-318,231,3543,-1099,-2047,0,0
-270,-346,276,3511,-1019,-2045,0,0
-413,-350,251,3485,-879,-2112,0,0
-469,-363,274,3270,-787,-2032,0,0
-525,-486,257,3271,-658,-2142,0,0
-529,-745,262,3005,-578,-2365,0,0
-432,-837,255,2708,-496,-2296,0,0
-347,-893,143,2485,-439,-2430,0,0
-330,-621,-18,2445,-470,-2670,0,0
-263,-16,-95,2613,-490,-3044,0,0
-126,294,-99,2778,-583,-2871,0,0
-155,347,-98,2747,-681,-2649,0,0
-185,215,-40,2763,-675,-2810,0,0
-176,186,61,2884,-617,-2924,0,0
-175,158,128,2942,-563,-2764,0,0
-213,137,169,2763,-613,-2597,0,0
-306,344,161,2781,-660,-2561,0,0
-374,357,129,3022,-679,-2554,0,0
-383,250,133,3061,-704,-2604,0,0
-318,248,146,3127,-628,-2540,0,0
-218,318,164,3163,-629,-2323,0,0
-167,520,137,3262,-740,-2268,0,0
-132,565,69,3650,-770,-2433,0,0
5,104,75,3645,-639,-2363,0,0
116,-77,116,3401,-548,-2258,0,0
203,-36,127,3399,-517,-2144,0,0
225,-15,89,3199,-606,-2129,0,0
179,96,6,3267,-697,-2241,0,0
104,53,-30,3212,-823,-2098,0,0
-47,89,12,3234,-922,-2044,0,0
-204,77,164,3336,-979,-2031,0,0
-360,-52,330,3259,-1039,-1837,0,0
-550,-76,374,3357,-998,-1770,0,0
-699,-38,356,3581,-842,-1740,0,0
-785,-73,376,3644,-668,-1698,0,0
-781,-98,478,3424,-549,-1846,0,0
-678,-93,584,3095,-464,-1885,0,0
-637,-271,562,2750,-425,-1820,0,0
-627,-435,499,2796,-192,-2449,0,0
-546,-948,419,2555,-75,-2864,0,0
-640,-807,88,2444,196,-3431,0,0
-731,-103,-218,2428,468,-3988,0,0
-705,642,-252,2072,98,-3552,0,0
-834,1556,-102,2421,-548,-3153,0,0
-991,1178,87,2841,-870,-2907,0,0
-1130,257,225,2989,-910,-2558,0,0
-1201,-430,297,2997,-655,-2709,0,0
-1045,-1009,327,3180,-131,-3200,0,0
-629,-1151,414,3072,118,-3533,0,0
-151,-624,421,3088,161,-3458,0,0
223,-524,267,3064,206,-3203,0,0
474,-582,14,2803,199,-3055,0,0
620,-491,-228,2578,124,-3009,0,0
654,-424,-441,2480,75,-3020,0,0
587,-531,-521,2269,24,-2843,0,0
350,-497,-535,2170,34,-3051,0,0
138,-369,-469,2005,68,-3425,0,0
51,-242,-386,2013,94,-3560,0,0
-40,-35,-320,2177,52,-3364,0,0
-228,-81,-238,2353,-22,-3091,0,0
-405,-224,-131,2181,-5,-3157,0,0
-430,-79,-73,2245,33,-3103,0,0
-393,-106,-49,2283,43,-2987,0,0
-342,-82,-42,2166,201,-3143,0,0
-172,95,-78,2214,236,-3242,0,0
2,150,-173,2172,209,-3269,0,0
106,212,-228,2118,255,-3428,0,0
187,324,-209,2205,274,-3467,0,0
228,274,-173,2071,219,-3396,0,0
188,287,-187,2036,194,-3473,0,0
138,305,-171,2090,143,-3372,0,0
51,296,-84,2198,55,-3334,0,0
-35,287,41,2273,-2,-3388,0,0
-45,182,157,2476,-25,-3266,0,0
-55,66,282,2468,-50,-3248,0,0
-15,180,375,2539,21,-3307,0,0
98,100,458,2766,23,-3157,0,0
160,-22,565,2673,-127,-2779,0,0
145,374,625,2462,94,-3040,0,0
322,702,589,2231,149,-2933,0,0
418,1121,581,2714,-268,-2043,0,0
238,1263,564,3212,-585,-2022,0,0
54,1387,470,3464,-717,-2047,0,0
-130,1376,365,4307,-640,-1701,0,0
-390,-2264,214,4545,-390,-1639,0,0
-632,-1011,213,3162,-348,-1564,0,0
-753,-858,278,2637,-352,-1488,0,0
-820,-1309,243,2610,-175,-1945,0,0
-830,-839,211,2351,-50,-2280,0,0
-777,460,211,3338,-96,-2208,0,0
-793,1890,392,4091,-412,-2219,0,0
-883,2528,450,4147,-544,-2130,0,0
-738,1893,341,4539,-451,-2092,0,0
-446,462,349,3932,-547,-1754,0,0
-368,-300,341,3334,-678,-1445,0,0
-468,-648,290,3446,-612,-1391,0,0
-640,-1097,330,3434,-641,-1170,0,0
-894,-890,378,3701,-619,-1293,0,0
-987,-1033,473,4222,-407,-1914,0,0
-842,-1805,605,3359,-458,-2103,0,0
-712,-1271,566,3013,-677,-2100,0,0
-660,-649,414,3897,-411,-2911,0,0
-403,-1902,343,3470,-167,-3432,0,0
-178,-2607,509,2584,-272,-2881,0,0
-284,-2134,827,1517,-93,-2488,0,0
-432,-769,942,819,250,-3393,0,0
-303,568,831,1039,290,-4073,0,0
-167,1467,709,1664,-50,-3445,0,0
-100,871,595,1651,-206,-2838,0,0
-169,325,411,1893,-287,-2824,0,0
-381,180,112,3083,-55,-3857,0,0
-288,-1094,-37,3553,529,-4658,0,0
-75,-1286,180,1973,448,-3281,0,0
-325,1180,345,1620,-86,-2590,0,0
-645,2405,382,2417,-514,-2823,0,0
-711,1018,339,2696,-647,-2921,0,0
-599,-616,333,2600,-459,-3147,0,0
-522,-1155,432,2581,42,-3758,0,0
-452,-1123,602,1828,346,-4319,0,0
-286,-339,594,1245,447,-4625,0,0
-130,-175,370,1361,448,-4286,0,0
-77,-393,326,1268,143,-3375,0,0
-101,-24,330,1689,-116,-3068,0,0
-62,-432,109,2173,-174,-3199,0,0
99,-1121,-277,2224,-67,-3144,0,0
312,-862,-628,2244,84,-3166,0,0
536,114,-764,2048,-7,-2965,0,0
646,1213,-746,2064,-252,-2920,0,0
589,1405,-702,2190,-389,-3121,0,0
444,817,-649,2063,-515,-3321,0,0
213,386,-498,2207,-528,-3534,0,0
-74,-85,-237,2533,-271,-3986,0,0
-240,-2584,136,2130,-142,-3708,0,0
-329,-25,418,1837,-274,-3216,0,0
-414,336,510,2118,-357,-3253,0,0
-447,-228,492,2235,-354,-3229,0,0
-414,-620,408,2177,-251,-3226,0,0
-293,-467,319,2254,-144,-3342,0,0
-127,-184,256,2248,-123,-3367,0,0
9,126,200,2133,-141,-3278,0,0
83,307,139,2131,-172,-3205,0,0
77,347,65,2156,-258,-3169,0,0
7,323,7,2229,-264,-3281,0,0
-62,261,15,2328,-208,-3462,0,0
-93,176,81,2251,-189,-3616,0,0
-88,136,106,1895,-156,-3782,0,0
-18,12,-4,1869,-167,-3774,0,0
59,-237,-101,2145,-218,-3463,0,0
61,-245,-80,2194,-282,-3235,0,0
20,-122,-47,2280,-273,-3294,0,0
7,-187,-27,2249,-251,-3257,0,0
19,-111,-5,2264,-247,-3260,0,0
37,-75,11,2229,-272,-3236,0,0
26,-7,7,2207,-295,-3172,0,0
-4,39,-5,2251,-256,-3306,0,0
8,62,23,2222,-277,-3298,0,0
-14,122,55,2217,-305,-3346,0,0
-43,75,85,2152,-310,-3406,0,0
-25,70,103,2077,-346,-3428,0,0
7,26,73,2146,-322,-3447,0,0
34,-70,70,2216,-283,-3393,0,0
31,-85,95,2215,-269,-3342,0,0
1,-71,110,2179,-258,-3307,0,0
-29,-79,107,2165,-246,-3282,0,0
-48,-48,90,2103,-261,-3233,0,0
-59,-2,49,2085,-265,-3243,0,0
-64,33,-17,2234,-243,-3321,0,0
-65,67,-24,2245,-228,-3372,0,0
-54,44,9,2146,-274,-3341,0,0
-23,0,5,2040,-283,-3343,0,0
34,-2,-60,2126,-264,-3390,0,0
85,-5,-105,2291,-228,-3312,0,0
79,71,-82,2299,-252,-3206,0,0
28,145,-15,2323,-313,-3195,0,0
-41,44,54,2273,-321,-3164,0,0
-97,37,88,2258,-308,-3229,0,0
-105,39,93,2274,-278,-3326,0,0
-66,55,81,2255,-247,-3353,0,0
-22,115,63,2266,-254,-3381,0,0
15,78,42,2259,-247,-3369,0,0
46,56,20,2200,-238,-3311,0,0
60,68,-13,2221,-253,-3314,0,0
62,24,-47,2227,-239,-3275,0,0
52,51,-71,2251,-255,-3255,0,0
33,58,-80,2256,-328,-3204,0,0
-4,29,-87,2315,-341,-3226,0,0
-28,-2,-76,2379,-325,-3287,0,0
-28,10,-45,2403,-324,-3298,0,0
-19,44,-11,2370,-326,-3271,0,0
-25,58,19,2319,-365,-3230,0,0
-48,4,34,2352,-360,-3264,0,0
-52,-62,60,2364,-299,-3303,0,0
-30,-52,90,2348,-261,-3322,0,0
-2,-46,89,2313,-236,-3315,0,0
17,-59,70,2276,-199,-3289,0,0
22,-20,48,2211,-220,-3233,0,0
2,-23,12,2176,-235,-3202,0,0
-25,-64,-21,2267,-199,-3254,0,0
-26,-19,-18,2296,-269,-3286,0,0
-26,-3,-12,2316,-302,-3278,0,0
-39,-43,8,2334,-295,-3281,0,0
-36,-16,37,2326,-313,-3301,0,0
-9,-27,45,2281,-316,-3296,0,0
15,-55,37,2289,-287,-3307,0,0
25,-63,43,2268,-262,-3282,0,0
17,-54,48,2239,-274,-3268,0,0
5,-66,40,2210,-249,-3246,0,0
6,-38,21,2182,-270,-3233,0,0
3,-2,-10,2205,-289,-3223,0,0
-3,22,-38,2246,-268,-3275,0,0
8,22,-44,2284,-283,-3252,0,0
-13,37,-28,2282,-288,-3235,0,0
-51,27,2,2225,-284,-3200,0,0
-60,46,-9,2149,-309,-3173,0,0
-49,78,-60,2273,-304,-3303,0,0
-15,60,-71,2391,-263,-3370,0,0
24,84,-33,2355,-280,-3313,0,0
23,84,-7,2284,-306,-3255,0,0
2,71,13,2278,-321,-3254,0,0
-17,58,28,2272,-322,-3249,0,0
-30,22,23,2301,-316,-3292,0,0
-19,-8,19,2346,-251,-3343,0,0
13,34,24,2329,-239,-3314,0,0
31,34,18,2306,-273,-3264,0,0
36,-11,1,2284,-260,-3222,0,0
33,19,-26,2313,-258,-3214,0,0
17,9,-46,2352,-236,-3252,0,0
-1,-3,-40,2362,-211,-3260,0,0
-14,35,-17,2329,-253,-3242,0,0
-39,26,-5,2290,-304,-3225,0,0
-64,-21,2,2310,-293,-3261,0,0
-61,-22,21,2347,-298,-3309,0,0
-38,-46,37,2349,-265,-3315,0,0
-17,-47,49,2307,-253,-3255,0,0
-7,-28,44,2381,-270,-3288,0,0
-2,-82,53,2320,-254,-3237,0,0
-3,-31,63,2307,-264,-3223,0,0
-17,-52,62,2292,-246,-3227,0,0
-31,-53,72,2313,-217,-3273,0,0
-35,-53,85,2282,-236,-3279,0,0
-30,-64,77,2247,-243,-3266,0,0
-18,-57,56,2253,-266,-3222,0,0
-12,-45,42,2275,-280,-3225,0,0
-5,-22,30,2275,-283,-3220,0,0
-22,18,21,2322,-291,-3259,0,0
-43,13,42,2302,-280,-3337,0,0
-31,-11,68,2202,-307,-3280,0,0
-13,-32,43,2207,-311,-3261,0,0
5,-53,11,2296,-256,-3279,0,0
21,-29,14,2296,-252,-3225,0,0
15,1,10,2263,-235,-3216,0,0
18,17,-1,2184,-246,-3155,0,0
28,95,-23,2241,-309,-3145,0,0
34,82,-50,2256,-298,-3086,0,0
22,158,-79,2431,-309,-3230,0,0
27,-24,-80,2499,-105,-3356,0,0
86,28,-69,2279,8,-3263,0,0
90,183,-230,2425,11,-3470,0,0
68,-105,-455,2182,378,-3358,0,0
96,401,-673,1993,521,-3171,0,0
56,830,-831,2350,336,-3333,0,0
57,174,-895,2636,244,-3495,0,0
124,-639,-988,2679,495,-3606,0,0
285,-883,-1062,2318,839,-3475,0,0
492,-61,-1153,1620,750,-2757,0,0
653,997,-1331,1787,474,-2460,0,0
677,1046,-1409,2220,147,-2649,0,0
558,589,-1415,2624,244,-3285,0,0
520,23,-1180,2607,412,-3676,0,0
607,-43,-783,2051,332,-3417,0,0
726,251,-528,1915,302,-3188,0,0
827,95,-466,1810,119,-2982,0,0
828,226,-584,2225,253,-3352,0,0
832,-59,-571,2999,391,-4182,0,0
970,-643,-407,2342,512,-3798,0,0
1099,294,-353,2051,400,-3323,0,0
1122,604,-384,2058,35,-2891,0,0
913,348,-453,2102,-188,-2576,0,0
564,284,-412,2581,-244,-2774,0,0
273,-130,-318,2824,-302,-2800,0,0
97,-302,-269,2883,-285,-2736,0,0
36,-102,-201,2878,-383,-2596,0,0
-21,-26,-159,3032,-449,-2553,0,0
-115,-96,-115,3042,-480,-2524,0,0
-236,28,-65,3236,-516,-2703,0,0
-321,56,36,3140,-461,-2643,0,0
-420,366,164,3142,-510,-2624,0,0
-563,348,329,3429,-536,-2879,0,0
-622,-81,590,3182,-331,-2842,0,0
-629,70,795,3005,-267,-2978,0,0
-604,-4,826,2819,-322,-3027,0,0
-548,-54,762,2706,-322,-2988,0,0
-487,-31,737,2855,-308,-3084,0,0
-455,-277,764,2820,-256,-3048,0,0
-442,-436,781,2805,-195,-3072,0,0
-448,-566,754,2907,-286,-3284,0,0
-518,-873,618,3372,137,-3984,0,0
-330,-1088,747,2667,545,-3625,0,0
-117,-8,1053,1927,204,-2973,0,0
-177,274,1224,1757,-187,-2586,0,0
-433,-356,1259,1752,-348,-2526,0,0
-753,-576,1186,2212,-252,-3150,0,0
-833,-934,1261,2718,100,-3946,0,0
-660,-909,1593,2232,190,-3794,0,0
-536,-131,1814,2031,193,-3736,0,0
-426,-231,1806,1713,220,-3448,0,0
-298,-299,1593,1524,263,-3274,0,0
-212,-128,1315,1655,281,-3352,0,0
-134,-112,1112,1611,265,-3236,0,0
-98,141,927,1511,168,-2957,0,0
-166,466,678,1700,-11,-2912,0,0
-256,230,409,2142,29,-3377,0,0
-172,-403,239,2129,307,-3783,0,0
-55,-62,137,1567,265,-3570,0,0
14,717,-58,1782,96,-3692,0,0
80,434,-272,1379,-49,-3318,0,0
-32,624,-497,1316,-121,-3180,0,0
-217,573,-702,1292,-157,-2997,0,0
-358,302,-895,1555,-38,-3138,0,0
-463,257,-993,1926,-169,-3179,0,0
-622,203,-1078,2502,-241,-3586,0,0
-678,-229,-1064,2848,-156,-3996,0,0
-540,-299,-902,2747,-134,-3969,0,0
-353,157,-739,2775,-257,-3814,0,0
-195,-2064,-638,2693,-371,-3569,0,0
