-22,219,119,774,3476,-1652,0,0
-25,-571,346,612,3532,-1720,0,0
26,-1085,485,265,3610,-1559,0,0
22,-795,500,77,3547,-1521,0,0
-48,-239,419,150,3352,-1747,0,0
-73,-99,318,271,3166,-1826,0,0
-65,-363,157,159,3185,-1978,0,0
-48,-334,-59,95,3259,-2055,0,0
-17,-44,-195,247,3379,-1927,0,0
-3,-63,-259,347,3413,-2002,0,0
36,-443,-223,312,3256,-2455,0,0
147,-1146,-122,228,3251,-3180,0,0
423,-2195,-132,-294,3596,-4009,0,0
796,-2333,-260,-1035,3653,-3989,0,0
1129,-1002,-409,-1005,3855,-4435,0,0
1692,70,-424,-318,3963,-4585,0,0
2239,360,-318,237,3978,-4307,0,0
2593,374,-164,756,3950,-4067,0,0
2767,151,-11,895,3675,-3333,0,0
2734,117,266,1175,3080,-3117,0,0
2775,-217,636,965,2385,-2407,0,0
2546,-262,863,890,1597,-1907,0,0
2057,-380,896,646,1083,-2269,0,0
1578,-248,823,743,731,-2241,0,0
1131,-613,645,566,749,-2292,0,0
757,-880,408,68,714,-2275,0,0
348,-564,289,-50,712,-2495,0,0
27,-531,284,-23,651,-2653,0,0
-226,-548,316,-346,421,-2643,0,0
-378,-94,370,-485,53,-2430,0,0
-363,158,440,-450,-163,-2293,0,0
-274,-140,497,-434,-415,-2126,0,0
-258,-670,499,-394,-50,-2243,0,0
-268,-1154,453,-967,187,-3182,0,0
-134,-959,411,-1041,727,-4626,0,0
190,-691,42,-2086,1240,-6064,0,0
713,884,-414,-1713,1028,-6952,0,0
690,1093,-373,-1044,428,-9267,0,0
459,-225,190,-1556,250,-10575,0,0
232,-1177,365,-2228,947,-9296,0,0
-378,-923,72,-1738,2114,-7166,0,0
-1056,356,-333,-129,1800,-2963,0,0
-1873,1019,-569,1000,117,-1924,0,0
-2074,-32,128,585,-2411,-635,0,0
-1439,-1310,1259,-998,-2887,32,0,0
-742,-1360,1405,-1431,-1392,-163,0,0
-917,-1336,550,-1416,641,-2597,0,0
-320,-826,-98,-1666,1442,-3320,0,0
446,277,-248,-1043,1974,-2426,0,0
290,760,-459,-431,1751,-2550,0,0
285,911,-232,-205,1288,-2413,0,0
623,183,16,-1021,842,-1295,0,0
963,43,-52,-970,79,-1022,0,0
1420,-114,35,-768,-379,-970,0,0
1656,-997,127,-1568,549,-1816,0,0
1359,-631,-543,-2404,1669,-2955,0,0
1110,2195,-663,-572,13,-2584,0,0
-638,2748,-722,455,-402,-5580,0,0
-1661,1399,-275,417,69,-7355,0,0
-1618,84,239,-495,2011,-6325,0,0
-1673,856,-100,-167,2182,-7221,0,0
-1456,624,-39,-243,2448,-7353,0,0
-1001,440,-274,-859,3175,-6697,0,0
-456,1145,-94,187,2749,-6784,0,0
155,193,262,-350,1784,-5343,0,0
310,109,304,-522,802,-4094,0,0
86,135,185,-366,346,-3744,0,0
-73,-106,-29,-232,467,-3033,0,0
-208,-138,-148,108,-98,-2295,0,0
-394,-242,-189,21,-201,-2014,0,0
-320,-270,-108,-161,-352,-1975,0,0
-21,-502,60,-233,-310,-1939,0,0
279,-501,129,-301,199,-2303,0,0
561,-701,58,-254,1063,-3100,0,0
811,-470,-189,-99,2694,-4088,0,0
1099,474,-348,219,3840,-5283,0,0
1365,1735,-79,442,3827,-7345,0,0
1240,1198,634,718,2002,-10382,0,0
454,-1207,931,346,1737,-10366,0,0
-637,-1967,568,829,2845,-7104,0,0
-1596,-1172,282,1529,2689,-3615,0,0
-2050,-662,441,487,187,-1455,0,0
-2068,-82,756,-839,-3482,-445,0,0
-1504,-379,1013,-1436,-3058,-827,0,0
-679,-2720,622,-1299,-862,-230,0,0
-475,-508,-48,-956,573,-1168,0,0
-422,-174,-729,-1097,1816,-1711,0,0
-320,1247,-1007,-718,1883,-1426,0,0
-358,2165,-961,-99,1639,-1259,0,0
-398,2134,-798,164,1229,-1406,0,0
111,1651,-383,107,575,-1486,0,0
872,745,97,-191,353,-1394,0,0
1320,-540,638,-455,631,-2351,0,0
1383,-3276,1023,-1449,2743,-4507,0,0
1571,-2737,552,-1496,3012,-4803,0,0
808,697,-23,727,873,-5890,0,0
-432,-84,-632,1040,1485,-8390,0,0
-514,284,-795,-316,3308,-8756,0,0
453,2047,91,-268,2416,-7711,0,0
993,1207,602,-350,1549,-5806,0,0
514,1236,304,-2,1372,-3883,0,0
-50,1360,-252,-101,1474,-3943,0,0
-61,474,-555,-517,1604,-3233,0,0
-214,450,-845,-596,1455,-2245,0,0
-454,1483,-1140,-543,1497,-1768,0,0
-560,1584,-1362,194,1147,-1094,0,0
-774,1030,-1215,145,579,-1781,0,0
-825,452,-786,461,413,-2535,0,0
-740,-235,-456,493,242,-2717,0,0
-561,-57,-336,849,174,-2803,0,0
-407,-241,-41,899,-221,-3471,0,0
-20,-1072,55,724,891,-3169,0,0
115,-1067,-191,448,2205,-3879,0,0
383,-199,64,870,3406,-5784,0,0
801,-847,175,694,4977,-7442,0,0
1116,-368,184,953,5491,-8570,0,0
1261,-310,514,1404,5169,-8095,0,0
577,-780,336,1406,5186,-6392,0,0
-825,281,-77,2160,4466,-4813,0,0
-1848,545,-458,965,1756,-4113,0,0
-1407,974,-503,-182,-1837,-1317,0,0
-740,1715,-4,-1399,-3540,-592,0,0
-166,1058,325,-1396,-2671,-31,0,0
-251,-232,248,-263,-951,-644,0,0
-766,-1522,-420,443,2185,-2824,0,0
-534,-999,-500,809,2393,-2816,0,0
-146,-188,57,598,1914,-1637,0,0
16,-376,235,89,1258,-1702,0,0
553,117,478,-10,68,-1295,0,0
1251,207,972,60,-273,-1039,0,0
2258,-484,1544,207,1105,-1725,0,0
2987,-747,1824,-61,2002,-1578,0,0
1750,-563,715,436,3004,-4668,0,0
501,1500,-218,1666,2072,-7006,0,0
-850,2382,-801,3130,1618,-7338,0,0
-1946,1934,-963,3510,3089,-9447,0,0
-1103,1496,97,2416,2195,-8515,0,0
252,-260,339,430,189,-5929,0,0
718,-467,-205,263,-220,-3802,0,0
691,-380,-689,1049,221,-2160,0,0
547,-712,-887,474,660,-1226,0,0
390,-287,-896,612,1162,-865,0,0
122,345,-719,1265,1825,-1385,0,0
-205,888,-445,1412,2166,-1789,0,0
-676,1557,-319,2016,2576,-2437,0,0
-1229,1380,-211,1998,2333,-2695,0,0
-1611,407,-214,1505,1245,-3488,0,0
-1512,-225,-117,1009,914,-3596,0,0
-1240,-534,-208,634,817,-3783,0,0
-929,-348,-300,560,847,-3174,0,0
-803,-60,-327,847,979,-2364,0,0
-897,864,-187,856,655,-2098,0,0
-876,1925,369,1485,616,-2000,0,0
-882,1650,665,2658,2126,-3655,0,0
-197,652,929,3987,4369,-5335,0,0
863,-247,997,5788,6606,-5939,0,0
1607,-1210,1021,6063,7412,-6557,0,0
1501,-1447,986,5081,6084,-4633,0,0
301,-2012,120,4712,5947,-3353,0,0
-697,-2207,-954,3196,5679,-2512,0,0
-830,-1500,-1276,920,2183,-1073,0,0
-822,-353,-577,-851,-2737,298,0,0
-853,-76,-143,-1265,-3352,-15,0,0
-637,-317,-365,-606,-1099,-293,0,0
-504,-147,-441,408,146,-797,0,0
-561,-141,-661,408,1573,-1295,0,0
-706,386,-767,644,1686,-1132,0,0
-737,1244,-273,1041,1355,-868,0,0
-752,1627,358,938,600,-507,0,0
-784,2493,1047,997,-100,-51,0,0
-718,2159,1722,1938,168,-448,0,0
-476,-1261,2305,1572,877,-1677,0,0
137,-3323,2370,1105,3245,-2604,0,0
500,-2364,1103,2306,6619,-3679,0,0
364,133,-823,3283,6926,-4188,0,0
-627,2495,-1624,5366,7184,-4623,0,0
-1467,1812,-1348,4860,7590,-5749,0,0
-1110,467,-52,3442,4977,-5049,0,0
-474,-576,351,2323,2548,-5132,0,0
388,-836,248,1553,1310,-4733,0,0
1320,-533,264,1143,1178,-2960,0,0
1948,-9,350,1035,1192,-1514,0,0
2163,303,351,965,1107,-443,0,0
2035,601,175,1092,1415,-214,0,0
1794,285,-389,1822,2311,-236,0,0
1374,-594,-1154,1426,2511,475,0,0
505,980,-1485,1247,2586,478,0,0
-245,2468,-1332,1910,2897,-582,0,0
-985,1111,-1530,1918,3186,-959,0,0
-1701,189,-1484,2365,4085,-2366,0,0
-1757,-598,-1055,3052,4114,-4429,0,0
-1284,-1704,-551,2659,2687,-5384,0,0
-490,-3880,-4,1847,1042,-6119,0,0
313,-2415,214,1609,454,-5289,0,0
869,-2990,202,668,69,-4437,0,0
1270,-2515,460,857,35,-4313,0,0
1907,-3211,353,972,1823,-3523,0,0
2184,-2059,-159,1420,3890,-3110,0,0
2253,-1513,-478,1682,5871,-4535,0,0
2547,-1473,-134,-16,6516,-6176,0,0
2538,-1270,670,-2148,5520,-9807,0,0
2333,-3707,1482,-3184,5278,-9918,0,0
1593,-4107,1668,-3069,4022,-5630,0,0
376,-1518,1341,-301,1181,-2066,0,0
-385,-155,953,1558,-2054,1841,0,0
-850,724,733,1581,-2692,2454,0,0
-753,521,836,27,-2053,2937,0,0
-703,2000,245,-52,-1465,2221,0,0
-1238,2446,-466,757,65,-2264,0,0
-1606,1306,-728,567,1704,-1912,0,0
-1809,807,-432,-441,2408,-2381,0,0
-2018,1715,-524,-1398,2682,-3145,0,0
-1391,2557,-780,-2768,1506,-3165,0,0
-448,1662,-568,-751,402,-2184,0,0
515,1353,-3,-137,-117,-1720,0,0
1101,1163,679,-209,930,-2849,0,0
1590,245,1130,249,2554,-3473,0,0
1276,-488,414,607,4555,-5828,0,0
96,2042,-389,2940,4068,-6400,0,0
-1942,2770,-552,3459,4544,-7574,0,0
-2543,1713,-522,2913,6506,-9643,0,0
-1031,-20,169,1694,4466,-7713,0,0
347,-253,677,380,2101,-5434,0,0
915,173,710,254,575,-3837,0,0
1264,-262,611,405,257,-2407,0,0
1435,-349,465,471,523,-1478,0,0
1415,-367,281,774,708,-1243,0,0
1310,-266,49,1032,1319,-2092,0,0
1434,-127,-318,992,2309,-3103,0,0
1569,1089,-743,1630,2191,-2175,0,0
1045,2030,-685,2199,1896,-1759,0,0
96,1771,-826,1716,1982,-2032,0,0
-617,862,-1016,1224,1533,-2133,0,0
-1045,-344,-1106,686,1279,-1008,0,0
-3672,-334,-1197,344,1350,-746,0,0
-2035,353,-1232,870,1782,-1252,0,0
-2320,205,-1259,1032,2098,-1781,0,0
-2465,159,-1129,1513,1885,-2881,0,0
-2249,-565,-649,1628,976,-4175,0,0
-1715,-2248,-172,1460,944,-4644,0,0
-1077,-3583,69,773,2957,-4966,0,0
-392,-4141,-281,-367,5863,-5984,0,0
822,-3078,-563,-1043,8608,-7126,0,0
2421,525,-200,-613,10382,-6824,0,0
3222,7142,1852,4191,10218,-7064,0,0
2713,5725,3531,7721,8206,-3512,0,0
2033,-11,2170,2981,3878,-1760,0,0
1280,-249,452,-293,-244,-691,0,0
240,-9,-202,-2188,-3229,1026,0,0
-746,-49,-264,-2720,-3728,1093,0,0
-1041,-486,-228,-1622,-2390,689,0,0
-1216,-1312,-261,-259,-774,117,0,0
-1556,-3424,-755,1600,2526,-1264,0,0
-1488,-1384,-1462,2154,3463,-2459,0,0
-764,-923,-818,1233,2477,-2224,0,0
71,-542,-11,463,1261,-1676,0,0
980,167,467,-336,662,-1413,0,0
1957,1663,896,-241,471,-1124,0,0
2310,2001,1545,1286,67,-1627,0,0
1875,2,1525,1601,2010,-2654,0,0
644,273,-238,4585,4699,-5396,0,0
-372,1333,-1358,5113,5113,-4916,0,0
-1763,1156,-1679,5771,4467,-4576,0,0
-2871,-887,-1548,3397,3328,-6138,0,0
-2643,-1443,-518,1073,1860,-6842,0,0
-1219,-378,-150,392,404,-7199,0,0
655,134,-117,970,-126,-5267,0,0
1791,-619,-61,1226,692,-2893,0,0
2131,-646,11,1385,1681,-1621,0,0
1977,-403,-156,1797,2763,-1078,0,0
1291,-351,-917,1608,3607,-958,0,0
568,1097,-1219,1145,2728,-462,0,0
33,2598,-950,1127,2293,132,0,0
-689,1814,-939,1383,2538,-462,0,0
-1417,55,-892,1043,2790,-993,0,0
-1767,-1182,-663,720,3411,-1871,0,0
-1842,-1351,-644,315,3524,-2340,0,0
-1965,-560,-986,428,3509,-2120,0,0
-2159,-568,-1270,1312,4426,-3317,0,0
-2088,-1611,-1218,1029,5056,-4102,0,0
-1550,-741,-763,822,4196,-4541,0,0
-519,936,-125,1081,2891,-3943,0,0
130,1108,390,1401,1901,-3237,0,0
293,128,608,1236,992,-2608,0,0
290,-279,551,1073,110,-2266,0,0
394,-727,630,1053,-776,-2559,0,0
678,-1532,657,968,507,-2795,0,0
985,-1605,436,1414,3970,-5124,0,0
2059,-2076,119,1860,8681,-8850,0,0
3511,-1993,216,634,10567,-9104,0,0
3902,-710,660,1521,9959,-6856,0,0
2775,-1199,770,1573,8888,-4907,0,0
1279,-1332,562,1355,6901,-2885,0,0
194,-117,257,9,2521,-48,0,0
-725,1582,485,-695,-3250,2295,0,0
-1246,-116,288,-590,-3459,1024,0,0
-971,-1022,-164,-548,-1013,471,0,0
-830,-117,-30,36,-622,142,0,0
-786,-586,-192,238,2219,-1201,0,0
-790,-156,-369,84,2168,-1314,0,0
-622,1306,103,124,990,-1132,0,0
-350,1441,394,25,942,-1685,0,0
222,1229,613,152,330,-1643,0,0
883,793,1006,259,-202,-1419,0,0
1393,-804,1514,228,296,-1593,0,0
1436,-2274,1533,-650,2365,-1567,0,0
-20,-1939,-93,-641,7253,-3058,0,0
-2179,1431,-1289,1526,7889,-5511,0,0
-3721,3425,-1417,2606,7767,-6929,0,0
-3821,2179,-1501,2860,7380,-8567,0,0
-2273,257,-876,1376,3929,-8320,0,0
-587,1106,-308,472,1643,-7015,0,0
855,2003,-19,1019,778,-5170,0,0
1882,1215,249,1300,944,-2525,0,0
2193,509,434,1345,1524,-1117,0,0
2137,52,340,1214,2292,-572,0,0
1835,385,-86,1340,3572,-407,0,0
1293,1172,-541,1674,4285,-468,0,0
625,2142,-371,1371,2809,-514,0,0
67,2334,306,1614,1609,-573,0,0
-455,477,657,1651,1886,-1385,0,0
-684,-1143,639,1095,2980,-1411,0,0
-1036,-945,225,934,3579,-1815,0,0
-1272,-523,-164,718,2874,-2683,0,0
-1294,-388,-355,536,2607,-2544,0,0
-1373,-294,-561,625,3129,-2389,0,0
-1421,21,-734,688,3538,-2408,0,0
-1374,255,-815,1093,3624,-2157,0,0
-1400,-206,-1013,1227,3712,-1942,0,0
-1418,-537,-1105,1336,3632,-2244,0,0
-1213,-367,-955,1420,3380,-2049,0,0
-985,34,-674,1828,2912,-1823,0,0
-760,133,-74,2494,2049,-1853,0,0
-349,-1196,741,798,436,-2386,0,0
368,-1644,1132,-69,-557,-2951,0,0
900,-2582,476,-69,2068,-4600,0,0
1414,-2552,-235,-194,6858,-6850,0,0
2069,-1878,21,-1560,8720,-6751,0,0
2143,-2649,-193,-618,9956,-6104,0,0
1856,-3490,-984,413,10769,-4734,0,0
1529,-1267,-1041,2834,9969,-3974,0,0
1261,-369,-836,3751,7599,-2661,0,0
808,549,216,3230,1913,517,0,0
-448,353,1094,2004,-5512,2254,0,0
-1113,-332,1419,1907,-5478,1685,0,0
-1216,-868,1562,1130,-1054,563,0,0
-1298,-1610,1714,388,1800,-1137,0,0
-758,-2692,1205,-1249,4845,-1833,0,0
126,-701,416,-2994,4158,-1398,0,0
696,2363,147,-2346,2818,-1195,0,0
662,2945,64,-1597,1066,-1389,0,0
796,2641,148,-1235,-590,-963,0,0
895,1099,259,-560,-1173,-1191,0,0
1080,-1265,326,-710,-405,-1589,0,0
1249,-2603,236,-514,2758,-1264,0,0
120,-2233,-1283,-16,9080,-3092,0,0
-1556,2010,-2189,1688,10962,-4995,0,0
-2445,3846,-1661,2645,9771,-5345,0,0
-2782,1451,-722,664,6997,-6273,0,0
-2032,1013,454,-463,2701,-6289,0,0
-1015,-2120,329,-942,401,-6900,0,0
590,-244,-485,-1249,489,-5708,0,0
2045,1053,-777,-37,1009,-3025,0,0
2641,1457,-641,653,2116,-1475,0,0
2717,1667,-512,1327,3813,-990,0,0
2198,1550,-817,1720,5569,-912,0,0
1305,2597,-518,1753,3273,-863,0,0
948,2593,671,1844,1336,-502,0,0
360,364,1089,1434,1869,-820,0,0
-476,-899,901,665,2490,-1458,0,0
-1004,-598,628,431,2744,-2043,0,0
-1191,-394,245,299,2533,-2254,0,0
-1438,-234,-180,182,2409,-2720,0,0
-1593,135,-512,393,3022,-3073,0,0
-1498,224,-732,390,3430,-3333,0,0
-1157,541,-774,687,3427,-2912,0,0
-983,478,-818,927,3471,-2579,0,0
-1002,119,-841,998,3475,-2237,0,0
-1044,-256,-842,950,3296,-2111,0,0
-981,-15,-769,904,2518,-1845,0,0
-943,937,-610,1561,1192,-1154,0,0
-1052,1376,-530,2635,639,-1591,0,0
-830,790,-39,2727,470,-2721,0,0
-239,-259,793,2036,967,-2772,0,0
339,-1595,1266,1216,3020,-3363,0,0
812,-2355,1145,765,5242,-3981,0,0
1252,-2696,662,668,8535,-4297,0,0
1388,-2896,-213,277,10748,-4595,0,0
1365,-2051,-724,102,11597,-3855,0,0
718,-824,-860,373,11748,-3168,0,0
-341,-383,-1037,-3,8679,-2816,0,0
-807,1328,-496,332,788,-1134,0,0
-304,1977,847,2786,-4661,-793,0,0
370,231,1136,1496,-4086,-757,0,0
571,408,1093,266,-2503,236,0,0
270,-385,1082,278,-453,-1185,0,0
379,-1998,301,80,3017,-947,0,0
347,-1508,-226,137,3935,-693,0,0
492,107,-151,-125,3590,-1123,0,0
946,1883,454,29,1306,-677,0,0
1517,2450,1253,587,540,-826,0,0
2008,827,1968,499,881,-1212,0,0
2198,-1009,2441,-305,935,-940,0,0
1613,-2172,1890,-204,3595,-1217,0,0
-230,-257,-654,1207,6985,-3521,0,0
-1960,2479,-2034,3730,6529,-4510,0,0
-3455,1855,-2365,4326,7183,-6322,0,0
-3344,1000,-1772,3319,5333,-6993,0,0
-1882,-579,-1089,1743,2147,-5944,0,0
-693,-49,-759,1164,53,-5630,0,0
360,1134,-13,1622,-259,-4257,0,0
1135,-139,454,1816,-583,-2259,0,0
1272,-438,446,1878,691,-1589,0,0
1154,-467,-252,2235,3825,-1590,0,0
640,-112,-1315,1738,6601,-1477,0,0
10,1718,-1160,670,4336,-1098,0,0
144,3269,194,606,2288,-749,0,0
227,1965,961,1063,2458,-1049,0,0
28,-274,951,759,3506,-1184,0,0
-374,-1294,362,90,3755,-1311,0,0
-855,-470,-286,232,3017,-1811,0,0
-1305,2478,-468,683,2856,-1900,0,0
-1340,3701,-462,2396,3598,-1722,0,0
-872,770,-837,1792,3633,-1341,0,0
-561,54,-1198,603,3506,-1002,0,0
-600,294,-1785,466,2933,-1297,0,0
-636,-1344,-2600,858,3573,-1915,0,0
-552,-2768,-2815,746,4963,-1703,0,0
-710,-1828,-2356,490,4904,-956,0,0
-812,149,-1477,1302,4172,-1696,0,0
-556,892,-402,1769,2984,-1873,0,0
-317,1520,388,2363,2069,-2100,0,0
-67,1927,855,2336,882,-1723,0,0
90,2054,1330,2548,247,-2083,0,0
421,968,2000,2961,1170,-2602,0,0
1000,-773,2550,2751,4074,-2198,0,0
1622,-1591,2669,3058,7232,-3520,0,0
2170,-1272,2950,3981,9549,-4578,0,0
2474,-1358,2857,4038,10083,-5014,0,0
2432,-917,2287,3552,9119,-4103,0,0
2032,-688,1376,3483,8380,-3315,0,0
1361,-923,114,2823,7169,-1889,0,0
512,-485,-814,1349,4133,-700,0,0
-124,464,-658,-674,-1265,1230,0,0
-637,-70,-128,-1535,-4671,1661,0,0
-641,-805,-100,-1529,-2802,1682,0,0
-676,-854,-189,-292,-860,711,0,0
-783,-763,-575,358,1755,-18,0,0
-1131,-820,-1196,768,3750,-925,0,0
-1451,-792,-1474,928,3422,-1579,0,0
-3488,-380,-972,608,1547,-2024,0,0
-724,229,-156,545,-223,-1464,0,0
-61,-135,542,706,-799,-1413,0,0
349,-1404,1188,530,-664,-2132,0,0
697,-2545,1321,61,2860,-1457,0,0
-111,-2425,-123,-734,9806,-1887,0,0
-1920,-162,-1276,498,9927,-4135,0,0
-3191,1184,-1437,465,8018,-3832,0,0
-3167,-1744,-1739,474,9458,-4860,0,0
-2196,-2787,-1456,-1258,4791,-3463,0,0
-1616,1240,-529,-842,2133,-3725,0,0
-657,3831,79,702,1542,-3482,0,0
323,2842,428,1534,919,-2665,0,0
908,637,682,811,1293,-1609,0,0
1088,289,666,914,3422,-1224,0,0
968,52,-78,969,6077,-1742,0,0
727,612,-105,373,3913,-1761,0,0
864,1627,624,516,4163,-1163,0,0
916,1129,1126,577,4328,-1159,0,0
904,938,1564,342,3303,-1178,0,0
752,1032,1900,459,2740,-1478,0,0
436,772,1806,757,2686,-2122,0,0
330,488,1360,1114,2932,-2516,0,0
239,-418,702,1518,2451,-2940,0,0
177,-1097,342,1599,2334,-3411,0,0
255,-835,331,1724,2681,-3245,0,0
478,-1589,313,1592,2769,-2884,0,0
622,-1290,368,1133,2729,-2381,0,0
629,-452,400,1339,2522,-1958,0,0
430,-658,159,1030,2145,-1605,0,0
-31,294,-168,1144,1736,-1790,0,0
-318,776,-281,1327,1410,-2041,0,0
-317,2,-229,1149,1322,-1957,0,0
-224,36,-49,985,970,-1891,0,0
-90,240,320,501,-133,-93,0,0
-268,857,428,261,589,1443,0,0
-716,-143,2,1718,3243,-2511,0,0
-505,-1764,-239,2576,5277,-6191,0,0
350,-3646,220,1442,6230,-10242,0,0
1564,-3679,138,157,6532,-10282,0,0
1814,-1492,-331,1343,7417,-8177,0,0
769,-1027,-814,2894,8256,-6191,0,0
-465,-1933,-493,2330,6242,-4383,0,0
-486,-1697,635,224,785,-1621,0,0
107,-277,1356,-1028,-3978,855,0,0
406,346,713,-501,-3613,1534,0,0
309,1,116,226,-1643,772,0,0
71,-511,-19,-17,587,-110,0,0
-2392,515,-356,328,2165,-273,0,0
-832,1472,-284,659,2111,-549,0,0
-1016,1769,-91,56,1633,-1182,0,0
-609,2202,326,160,755,-1197,0,0
-4,1391,751,46,279,-1295,0,0
496,182,1053,-310,-150,-1737,0,0
1107,-799,1253,-811,591,-1771,0,0
886,-614,550,-161,5611,-1466,0,0
-1323,2514,-1276,2283,9427,-3412,0,0
-3155,5613,-2096,4990,8822,-3074,0,0
-3535,807,-2721,4883,9345,-7063,0,0
-2269,-2987,-1755,1183,6098,-7168,0,0
-788,1027,-540,356,2681,-5536,0,0
1,2830,-532,1363,624,-4598,0,0
768,811,-568,1085,518,-3593,0,0
1354,162,-328,878,1360,-2118,0,0
1638,719,-21,1029,2266,-1232,0,0
1623,954,97,1106,3185,-822,0,0
1263,1150,-94,1602,5004,-542,0,0
704,451,-584,1821,5869,-397,0,0
161,-1,-461,929,2889,-492,0,0
48,560,301,1234,2305,-1049,0,0
51,93,778,1243,3015,-973,0,0
-90,-606,949,743,3694,-1440,0,0
-305,-477,982,945,3895,-1994,0,0
-470,-612,785,781,3025,-2541,0,0
-365,-514,547,613,2343,-2854,0,0
-166,197,313,742,2596,-2578,0,0
-124,790,31,740,2620,-2085,0,0
-295,2322,-93,1015,2566,-1955,0,0
-317,3250,-87,2064,2390,-1673,0,0
-192,987,-140,2415,2483,-1640,0,0
-321,-667,-214,1911,3418,-1554,0,0
-521,-679,-419,1949,4052,-1766,0,0
-508,-945,-545,1565,3198,-1969,0,0
-369,-484,-235,1739,1792,-1941,0,0
-150,-825,32,1731,739,-1790,0,0
-34,-717,62,1423,-18,-1553,0,0
84,-389,281,1801,-87,-1659,0,0
368,-1480,657,1721,1024,-1980,0,0
601,-1655,989,2132,3162,-2737,0,0
752,-2095,1290,2795,6031,-4346,0,0
1034,-2732,1571,2579,8114,-5895,0,0
1155,-2090,1563,2676,8212,-6809,0,0
1200,-1906,1053,3070,7911,-7257,0,0
1228,-3351,162,3331,7337,-6618,0,0
624,-4205,-712,2344,5867,-4881,0,0
-74,-2248,-597,1779,2664,-2161,0,0
-189,-1011,326,74,-2143,1013,0,0
-123,117,1043,-1543,-4878,3118,0,0
-583,336,734,-806,-3197,1498,0,0
-951,-639,216,111,-1326,-148,0,0
-1014,-1556,-384,-80,2004,-784,0,0
-1093,-992,-1095,-96,3991,-1181,0,0
-1111,550,-1180,-560,3470,-1157,0,0
-757,2919,-851,-486,1645,-730,0,0
-192,4057,-285,694,-554,-81,0,0
-208,2306,298,250,-1174,-484,0,0
-177,368,436,-375,-460,-2215,0,0
329,-825,419,-557,2064,-4176,0,0
978,-1126,-346,-576,9360,-4657,0,0
-20,2142,-352,1528,9788,-5161,0,0
-1478,3348,128,3488,7504,-7920,0,0
-1512,-373,-99,1056,5518,-7021,0,0
-652,133,328,-43,3330,-5298,0,0
184,1184,265,768,1693,-5028,0,0
807,628,220,867,669,-3757,0,0
1340,225,442,699,629,-2578,0,0
1784,-257,536,666,976,-1764,0,0
1966,-295,568,1044,1369,-801,0,0
1586,-585,362,1260,2102,-445,0,0
752,-352,-272,786,2994,-573,0,0
-2360,1253,-1016,800,3717,-748,0,0
-1378,3232,-1421,630,2506,-1051,0,0
-1649,3323,-1195,1575,1561,-1549,0,0
-1295,-802,-920,1909,2519,-2307,0,0
-1314,-2174,-684,235,4052,-2252,0,0
-1473,-182,-514,756,4083,-3373,0,0
-1223,106,-457,1088,3587,-3230,0,0
-1159,-275,-609,790,4158,-2917,0,0
-1274,81,-773,1042,3810,-2782,0,0
-1077,323,-671,1220,2851,-2347,0,0
-728,-49,-453,986,2342,-2395,0,0
-412,39,-233,994,1987,-1929,0,0
-396,188,-64,1173,1187,-1557,0,0
-542,-387,149,984,427,-1944,0,0
-353,-1868,343,1034,572,-2416,0,0
229,-3918,334,572,2560,-4132,0,0
1310,-4209,201,-149,5842,-6199,0,0
2635,-3013,-46,-874,9578,-7258,0,0
3540,-1061,-232,-1017,11369,-7157,0,0
3620,598,-180,348,11390,-6014,0,0
2676,86,26,1171,10448,-5638,0,0
1628,-914,112,867,7729,-3427,0,0
886,-79,429,1492,2366,-497,0,0
589,-188,920,893,-2938,1375,0,0
674,-554,1242,-1117,-4428,2921,0,0
198,-64,934,-969,-2226,2268,0,0
-324,-92,456,210,-1291,768,0,0
-630,-203,-16,-293,547,56,0,0
-1112,494,-778,501,2458,-1154,0,0
-1377,270,-1197,515,2318,-1689,0,0
-1026,804,-718,-162,1204,-1021,0,0
-249,2054,-92,-44,86,-399,0,0
49,1555,208,-120,-623,-639,0,0
175,202,569,-391,-671,-1443,0,0
452,-745,777,-797,1592,-1953,0,0
-147,-791,-470,-457,8584,-3010,0,0
-1615,2026,-1571,1285,11025,-5305,0,0
-2568,5770,-1128,3665,9374,-7299,0,0
-2456,2712,-1106,3469,7450,-7334,0,0
-1867,780,-687,2193,3582,-6875,0,0
-756,1052,-144,2395,999,-6774,0,0
601,-95,200,1992,188,-5135,0,0
1563,-2896,559,1223,479,-3079,0,0
2099,-726,804,1129,1003,-1552,0,0
2257,-280,766,937,1714,-854,0,0
2030,729,333,1496,3186,-441,0,0
1240,997,-597,2273,4741,-893,0,0
269,994,-770,1766,3138,-2040,0,0
127,1103,122,744,2270,-1488,0,0
-85,440,624,974,2490,-788,0,0
-676,-489,703,573,2282,-1386,0,0
-1034,-911,567,98,2135,-1694,0,0
-1355,-851,48,173,2212,-1804,0,0
-1743,-469,-699,644,2744,-2116,0,0
-1973,-499,-1199,935,3633,-2372,0,0
-2029,-528,-1447,829,4573,-2277,0,0
-1911,-500,-1459,982,5255,-2738,0,0
-1630,-276,-1177,782,4437,-2743,0,0
-1166,238,-646,583,3207,-2243,0,0
-760,674,-185,873,2039,-1436,0,0
-778,696,8,1108,1161,-1052,0,0
-792,-86,2,1029,941,-2259,0,0
-349,-302,376,1083,929,-3684,0,0
640,-1219,917,1454,2336,-4550,0,0
1672,-2123,788,1229,5630,-4614,0,0
2067,-1246,135,1460,8230,-4948,0,0
2210,-1356,-327,1328,11161,-4660,0,0
1969,-1892,-596,957,13785,-3794,0,0
1224,-1073,-93,696,12396,-2307,0,0
599,-740,617,-266,7113,-726,0,0
159,1525,966,-1339,-745,1091,0,0
-104,2173,607,-692,-5361,753,0,0
-2104,402,-716,-341,-2752,797,0,0
-445,657,-934,624,-1013,286,0,0
-420,-89,-586,847,946,-531,0,0
-309,-162,-142,1241,2183,-208,0,0
-516,300,323,469,2274,-760,0,0
-440,375,383,134,1593,-1453,0,0
-125,578,408,245,154,-940,0,0
227,808,565,-296,-473,-1008,0,0
731,673,815,-91,-432,-1390,0,0
1092,-330,1055,16,989,-1916,0,0
1273,-1195,549,953,7812,-2800,0,0
-76,-285,-623,1842,11323,-3166,0,0
-2015,2260,-725,2929,8982,-4538,0,0
-2327,-110,-1219,2885,8901,-5780,0,0
-1946,-836,-668,1797,5247,-4412,0,0
-1463,459,306,1890,1356,-5615,0,0
-401,245,592,1948,-320,-5334,0,0
1012,98,658,1583,265,-3439,0,0
1989,533,1009,1332,1292,-1966,0,0
2315,584,1346,1104,2314,-1107,0,0
2079,135,967,1044,4357,-773,0,0
1119,39,-256,1081,5291,-1038,0,0
250,908,-627,899,2633,-2896,0,0
125,1461,-146,567,1936,-915,0,0
177,278,-79,681,3212,-1043,0,0
-132,-864,-255,601,3892,-748,0,0
-524,-890,-325,67,3464,-769,0,0
-778,-92,-385,181,2603,-703,0,0
-1142,-157,-790,311,2896,-1371,0,0
-1401,-777,-1360,-9,3885,-1611,0,0
-1742,120,-1740,85,4187,-1299,0,0
-2065,1174,-1969,650,4179,-2307,0,0
-2017,511,-2157,583,4255,-2698,0,0
-1774,-106,-2173,666,4155,-2292,0,0
-1378,10,-1972,903,4716,-2290,0,0
-995,-112,-1647,969,5767,-2389,0,0
-2712,-179,-979,859,4146,-1928,0,0
-174,503,-62,1006,2318,-1826,0,0
326,683,618,1008,1729,-1842,0,0
625,405,1028,868,1238,-1623,0,0
1013,-160,1399,951,1286,-2173,0,0
1580,-1008,1713,663,2495,-2390,0,0
2238,-1639,1802,479,6119,-2885,0,0
2856,-1224,2259,-97,10700,-2943,0,0
2782,-350,2944,558,12267,-2865,0,0
2291,-697,2094,1566,11019,-2769,0,0
1377,-730,435,1977,9003,-2369,0,0
318,-237,-651,1690,6574,-2050,0,0
-2536,608,-1034,1133,1449,-165,0,0
-1074,1325,-348,2198,-3672,-741,0,0
-1173,303,79,225,-4986,-1628,0,0
-720,71,-1,-107,-2096,-1110,0,0
-442,-587,251,540,-687,-1417,0,0
-37,-1755,77,795,2857,-1205,0,0
-122,-1371,-526,107,4628,-284,0,0
-210,84,-535,-515,2759,-78,0,0
207,1943,523,432,361,100,0,0
537,794,1472,1027,234,-682,0,0
833,-1770,1940,-141,313,-1534,0,0
1559,-1939,2253,5,1078,-1237,0,0
1505,-2233,1527,867,5555,-876,0,0
-209,-2515,-703,639,9818,-3494,0,0
-2304,2486,-1197,2937,9709,-5659,0,0
-3323,3443,-1168,2842,7826,-6949,0,0
-2182,-112,-695,1452,4705,-6586,0,0
-406,-79,455,338,747,-6472,0,0
885,852,617,431,-502,-5550,0,0
1839,588,349,711,14,-3289,0,0
2341,402,382,963,897,-1722,0,0
2492,-239,344,1159,2114,-924,0,0
2078,-1324,-503,1252,4270,-931,0,0
953,-1950,-1963,804,5779,-1079,0,0
-346,937,-1901,612,3319,-735,0,0
-512,3263,-753,928,1326,-443,0,0
-537,1375,-266,1012,2211,-803,0,0
-968,-633,-188,751,3923,-1062,0,0
-1439,-1119,-188,137,4090,-1258,0,0
-1752,-722,-222,42,3448,-1384,0,0
-2098,-2648,-581,-3,3403,-1391,0,0
-2404,-689,-1066,-195,4226,-1814,0,0
-2523,-58,-1178,-272,4867,-1508,0,0
-2500,338,-1196,61,5271,-1865,0,0
-2336,144,-1136,19,5298,-2264,0,0
-2201,514,-959,56,5169,-2354,0,0
-1897,823,-823,230,4333,-2285,0,0
-1330,765,-610,526,3171,-2011,0,0
-748,229,-341,654,2414,-1801,0,0
-366,-129,-54,561,1951,-2006,0,0
81,-309,216,1000,1113,-2388,0,0
623,-764,435,1073,950,-2859,0,0
1417,-1091,726,710,2485,-2583,0,0
2143,-1150,808,431,4752,-2327,0,0
2765,-1312,653,-1,7050,-2543,0,0
3195,-1164,446,-186,9306,-2701,0,0
3258,-1046,92,-386,11739,-2793,0,0
2776,-750,-121,-513,12918,-2801,0,0
1942,-337,53,-370,13438,-2376,0,0
1013,-388,255,-259,11000,-1168,0,0
296,456,1127,-2176,2266,-743,0,0
331,755,2031,-468,-5067,1037,0,0
367,-269,1542,-1079,-4697,936,0,0
288,-283,975,-584,-1690,958,0,0
-220,222,710,147,-1212,635,0,0
-511,-263,636,377,-58,-66,0,0
-734,-917,228,342,2175,-752,0,0
-1015,-1462,-524,325,3769,-1381,0,0
-994,-1498,-681,-481,2546,-2075,0,0
58,151,195,-1123,340,-1477,0,0
1125,1184,802,-235,-95,-1027,0,0
1631,-1176,1355,506,1106,-2328,0,0
2097,-3188,1889,179,4567,-1599,0,0
961,-2367,423,-151,6930,-2489,0,0
-811,1606,-1126,1136,7142,-4365,0,0
-2401,3991,-1867,1966,8129,-4815,0,0
-3145,1656,-1859,957,7480,-5263,0,0
-2193,921,-581,-283,4068,-4679,0,0
-821,2050,195,-405,1771,-4439,0,0
58,2111,113,-182,539,-4036,0,0
689,1528,-123,221,359,-2607,0,0
1048,814,-175,1523,897,-1801,0,0
1194,-789,-271,1036,2217,-1742,0,0
1165,-503,-513,1188,4042,-1526,0,0
694,855,-1004,1667,5783,-1632,0,0
221,2012,-1196,1580,5078,-1484,0,0
34,2611,-605,1087,2990,-1170,0,0
-63,1939,112,1115,2318,-1263,0,0
-165,101,326,436,2469,-1746,0,0
-168,-806,239,277,3085,-1423,0,0
-590,-731,-36,612,3733,-1638,0,0
-975,-1040,-586,-147,3685,-1778,0,0
-1111,-653,-858,9,3205,-1506,0,0
-1101,-318,-901,23,3294,-1581,0,0
-926,-103,-963,39,3792,-1799,0,0
-876,-43,-902,286,4101,-1775,0,0
-985,-275,-820,26,4408,-1800,0,0
-1010,-103,-546,-101,3883,-2032,0,0
-770,286,-140,-28,2629,-1653,0,0
-624,555,88,347,1614,-1803,0,0
-473,-89,241,940,1040,-2181,0,0
-323,-769,359,814,745,-2243,0,0
-44,-661,532,946,872,-2427,0,0
570,-929,749,944,2202,-2217,0,0
1035,-1781,606,677,5084,-2395,0,0
1193,-2497,153,-23,7977,-3006,0,0
1375,-2623,-88,-539,11229,-3952,0,0
1708,-2520,-97,-955,11802,-2666,0,0
1426,-1384,112,-532,11812,-2074,0,0
741,-1348,255,39,10719,-3466,0,0
629,-1602,417,-363,5814,-980,0,0
38,580,945,-756,-1274,1409,0,0
-479,587,1009,-597,-5768,902,0,0
-413,-1124,571,-518,-3346,355,0,0
-162,-1389,271,-694,-467,-35,0,0
200,-601,-2,-827,1713,-612,0,0
594,1470,-374,-258,3206,-277,0,0
483,2965,-771,855,4323,-393,0,0
89,2940,-484,864,1928,-785,0,0
147,2446,466,324,-974,18,0,0
232,745,927,-78,-1124,-319,0,0
323,-988,874,-541,-468,-1493,0,0
833,-1428,758,-629,1644,-1536,0,0
609,-1779,-405,-541,9543,-2002,0,0
-862,289,-1265,1098,13115,-3976,0,0
-2013,2569,-896,1938,10705,-5150,0,0
-2103,963,-2464,1078,7852,-5694,0,0
-1150,863,370,10,3600,-4338,0,0
-189,1618,229,353,1302,-4314,0,0
648,1680,-293,384,421,-3365,0,0
1283,1710,-262,661,260,-2197,0,0
1627,1024,30,811,782,-1421,0,0
1741,590,255,650,1619,-845,0,0
1628,762,160,735,2858,-586,0,0
1264,711,-300,858,4628,-312,0,0
443,773,-1142,753,7118,-325,0,0
-824,1519,-1493,697,4846,-953,0,0
-1322,2090,-712,529,1007,-1600,0,0
-887,602,-19,922,800,-1232,0,0
-590,-1672,52,285,2369,-1165,0,0
-575,-2205,-302,-254,5023,-1518,0,0
-958,-1575,-842,-225,6769,-1618,0,0
-1550,-606,-837,-101,3812,-1919,0,0
-1451,-22,-507,360,2551,-2263,0,0
-1008,-806,-599,244,4056,-2119,0,0
-844,-387,-714,33,4066,-1799,0,0
-872,1475,-473,668,3111,-1657,0,0
-832,1447,-234,1038,2542,-1527,0,0
-804,426,-120,848,2357,-1098,0,0
-891,424,3,735,2053,-651,0,0
-809,-81,135,715,1681,-1397,0,0
-272,-981,467,567,1361,-1981,0,0
370,-1023,956,231,1942,-2397,0,0
1254,-1048,1129,416,4556,-2908,0,0
1897,-959,761,363,6906,-2618,0,0
1911,217,386,720,9218,-3196,0,0
1785,-577,-55,965,11878,-3635,0,0
1536,-2238,-209,578,13837,-3386,0,0
1369,-2990,58,48,13425,-2425,0,0
1152,-1964,403,-37,8108,-104,0,0
260,-2440,833,-723,-330,354,0,0
-104,969,873,-14,-5397,511,0,0
108,1046,175,612,-3877,42,0,0
129,438,318,706,-2043,734,0,0
13,-133,972,576,-1156,325,0,0
-121,-1237,601,511,2136,-865,0,0
-355,-1521,-1,88,3582,-751,0,0
-534,-757,-158,-46,4115,-779,0,0
-476,544,121,-424,1926,-254,0,0
-282,1663,522,-112,-537,276,0,0
-190,735,469,-680,-775,-392,0,0
46,378,231,-869,-1194,-758,0,0
378,-2112,-24,-439,920,-1487,0,0
515,-1644,-1041,-351,10305,-2015,0,0
-661,-2,-1200,-188,13742,-1992,0,0
-1949,2659,-394,1460,9736,-3940,0,0
-1907,-392,-593,1094,8958,-6472,0,0
-1406,-279,-518,-165,5640,-2770,0,0
-881,3157,-175,779,3372,-3069,0,0
-372,3082,-328,1211,1631,-2715,0,0
214,2321,-351,922,776,-1581,0,0
639,2208,-11,1231,763,-1078,0,0
818,1287,323,1234,1293,-889,0,0
867,252,417,1252,2665,-652,0,0
778,-791,137,959,4303,-679,0,0
601,-941,-227,772,5643,-864,0,0
418,-548,-225,354,5777,-772,0,0
87,482,170,-85,4519,-406,0,0
-260,946,505,-98,2912,-189,0,0
-533,-488,498,-685,1945,-118,0,0
-686,-1132,57,-1050,2281,-193,0,0
-779,-477,-562,-818,3771,-422,0,0
-955,299,-1321,-2968,5598,-315,0,0
-1208,641,-1845,-396,4739,-223,0,0
-1177,587,-1547,56,4064,-498,0,0
-994,297,-927,502,4336,-1529,0,0
-896,-61,-344,690,3568,-1604,0,0
-791,386,48,1027,2135,-2025,0,0
-601,780,247,1052,856,-2962,0,0
-120,496,475,2108,69,-3414,0,0
715,-1154,716,2314,974,-3431,0,0
1658,-1507,1187,2857,4238,-3068,0,0
2262,-1100,1772,3243,6811,-3642,0,0
2836,-1395,2288,3299,9852,-4602,0,0
3262,-2198,2385,2986,12709,-4563,0,0
3211,-2115,2207,2308,12778,-4071,0,0
2499,-2436,1929,2065,12599,-2053,0,0
1453,-2143,1387,1012,10828,-98,0,0
908,754,1287,-327,4529,1023,0,0
332,2471,1078,-2285,-3142,1983,0,0
-574,1777,-211,-2543,-5682,1469,0,0
-930,1217,-1119,-1499,-2573,963,0,0
-1136,1013,-1123,-182,-964,1058,0,0
-1571,-134,-1106,152,480,-384,0,0
-1790,-1453,-1258,417,2259,-1082,0,0
-1911,-1722,-1437,410,3684,-904,0,0
-2100,-1412,-1656,240,3709,-1351,0,0
-1697,-669,-1033,50,1772,-2028,0,0
-608,1411,-223,-37,-173,-513,0,0
-137,2080,125,454,-1035,-996,0,0
176,224,150,343,55,-2125,0,0
846,-1533,-423,-649,6964,-2063,0,0
566,415,-1138,-417,13702,-990,0,0
-818,4205,-774,1975,11989,-2046,0,0
-1474,1725,-835,2483,10674,-4145,0,0
-1085,-1889,-727,526,6840,-2766,0,0
-675,108,15,141,3228,-2682,0,0
-312,1791,297,958,1319,-3216,0,0
347,1257,350,968,317,-2331,0,0
929,737,620,900,445,-1781,0,0
1300,457,1108,1022,1071,-1343,0,0
1442,630,1604,1015,2502,-894,0,0
1416,289,1693,1164,4204,-497,0,0
1168,-546,1295,880,5867,-315,0,0
565,-570,356,894,7172,-632,0,0
-205,102,-113,450,2617,-1153,0,0
-237,899,527,80,285,-596,0,0
-228,-389,649,356,1551,-427,0,0
-423,-2251,-39,69,3918,-626,0,0
-685,-2442,-1034,-313,5577,-873,0,0
-1115,-290,-1416,-372,3988,-1008,0,0
-1191,1997,-1222,-34,2860,-844,0,0
-1086,1729,-1093,400,3578,-714,0,0
-1121,-51,-1221,380,5086,-916,0,0
-1335,-959,-1400,490,5826,-1390,0,0
-1444,-508,-1218,488,4586,-1669,0,0
-1378,801,-2768,909,2917,-1517,0,0
-1340,176,-463,1489,1667,-1157,0,0
-1593,-1636,-674,1518,816,-2607,0,0
-958,-2160,-614,1474,939,-3334,0,0
117,-1333,10,1268,1489,-4006,0,0
1476,-1262,696,597,3655,-4219,0,0
2771,-1688,935,-145,7567,-4774,0,0
3711,-2110,850,-627,10533,-5102,0,0
4392,-1092,781,-618,12876,-4506,0,0
4380,116,735,499,13232,-3589,0,0
3642,-203,860,1407,12874,-1869,0,0
2275,-823,803,1444,9850,-122,0,0
814,-188,670,271,3326,1211,0,0
-768,91,935,-807,-3565,2432,0,0
-1764,-1341,411,-1172,-3947,597,0,0
-1421,-1587,-314,-240,-1786,294,0,0
-1021,-659,-351,406,-731,359,0,0
-673,-402,-323,106,1241,-408,0,0
-474,356,-247,310,2182,-401,0,0
-713,952,-190,382,2938,-488,0,0
-1176,1280,-222,414,2656,-1336,0,0
-1003,1596,112,41,364,-806,0,0
-542,1948,365,-527,-706,364,0,0
-801,893,-126,-683,-591,-1567,0,0
-491,-823,-764,-1100,1055,-2996,0,0
298,-697,-1566,-1754,9246,-2384,0,0
-280,1903,-1388,-614,14466,-4024,0,0
-1703,2980,-275,1200,10311,-5328,0,0
-1407,-914,-352,956,9157,-5460,0,0
-824,-1675,-215,-668,4567,-2168,0,0
-632,1724,304,-85,1924,-3177,0,0
72,1775,617,1221,491,-4111,0,0
1059,-145,605,840,597,-3179,0,0
1774,-519,592,120,1462,-2132,0,0
2182,631,794,508,2395,-1465,0,0
2243,827,883,875,3567,-1056,0,0
1940,675,731,583,4647,-712,0,0
1390,1497,425,705,6210,-406,0,0
452,2000,237,685,4065,-554,0,0
-222,1844,536,461,1247,-434,0,0
-668,317,527,145,1415,20,0,0
-1144,-2436,45,-173,2708,-528,0,0
-1247,-3332,-577,-252,4409,-927,0,0
-1714,-1783,-1053,-248,4863,-945,0,0
-2172,376,-1135,107,3870,-1556,0,0
-2093,944,-1186,257,3717,-2029,0,0
-1897,388,-1281,267,4516,-1971,0,0
-1904,-331,-1400,421,5631,-2108,0,0
-1735,-466,-1094,679,5239,-2350,0,0
-1234,254,-43,1264,3902,-2694,0,0
-631,-508,700,581,3081,-3099,0,0
38,-931,784,311,1610,-2343,0,0
233,622,589,439,711,-2289,0,0
357,1076,590,455,426,-2809,0,0
840,-604,889,67,1280,-3233,0,0
1480,-2578,1083,-120,3590,-3120,0,0
1834,-3470,784,200,7029,-3200,0,0
2035,-3620,-33,443,10524,-4523,0,0
2791,-1862,-453,734,13281,-5581,0,0
3540,3102,395,1971,13131,-3867,0,0
2750,4789,1753,5725,9829,-2753,0,0
1350,-2016,1510,4066,5103,-988,0,0
589,-2117,804,-99,309,1388,0,0
-86,106,365,-1857,-4668,1871,0,0
-77,-50,-70,-1615,-3712,2221,0,0
-267,281,-629,-329,-668,1429,0,0
-808,313,-667,420,469,374,0,0
-1091,-73,-596,393,1946,-496,0,0
-1025,112,-524,7,2660,-876,0,0
-878,670,-495,-152,3127,-1349,0,0
-698,1175,-439,-238,1977,-1392,0,0
-335,2066,-114,-14,83,-487,0,0
-114,1780,367,285,-530,-471,0,0
-152,-106,754,228,-691,-1374,0,0
25,-2013,910,1167,2548,-1739,0,0
-620,-4925,-299,1815,11030,-2386,0,0
-2401,-5059,-848,281,13252,-4248,0,0
-2746,-1428,-374,-1679,11668,-5135,0,0
-1701,1779,-445,-1910,7319,-4885,0,0
-783,3161,516,-467,2177,-5388,0,0
31,1964,597,59,-109,-4232,0,0
1010,1938,46,740,-6,-2480,0,0
1567,2009,379,1222,685,-1534,0,0
1898,1389,1230,906,715,-882,0,0
1944,467,1592,1096,1916,-613,0,0
1332,-305,678,2037,5882,-1520,0,0
395,-138,-488,2387,5242,-3504,0,0
601,1069,487,1586,2980,-2069,0,0
722,67,866,1463,3236,-1512,0,0
523,-211,465,1086,3250,-2286,0,0
527,739,371,986,2456,-2000,0,0
473,753,300,1002,1959,-1313,0,0
181,510,-88,772,2208,-897,0,0
-212,575,-608,773,2579,-812,0,0
-624,276,-987,790,2471,-584,0,0
-1189,56,-1325,593,2578,-576,0,0
-1704,146,-1662,743,3284,-772,0,0
-1984,163,-1924,608,3945,-917,0,0
-2054,89,-2114,549,5222,-1151,0,0
-2014,-243,-2242,343,6198,-1649,0,0
-1822,100,-2015,142,6284,-1510,0,0
-1611,1184,-1533,256,5244,-1378,0,0
-1332,1690,-1066,755,4050,-1481,0,0
-1085,1142,-746,929,3050,-1554,0,0
-836,824,-480,909,2310,-1950,0,0
-591,1633,-122,2570,1276,-2841,0,0
-132,-182,150,3144,863,-3151,0,0
534,-1353,762,2649,954,-2591,0,0
1497,-1046,1796,2026,3210,-1620,0,0
2354,-1261,2301,1700,7754,-1502,0,0
2712,-1899,2094,1277,10296,-3047,0,0
2920,-1557,2033,1357,10871,-3582,0,0
2909,-1706,1818,2007,12434,-3295,0,0
2198,-1887,1299,1886,12820,-2570,0,0
1378,-1902,889,1557,9923,-861,0,0
672,-904,850,43,2445,359,0,0
-325,582,882,-1547,-5976,1199,0,0
-732,333,-13,-1334,-6579,499,0,0
-516,-286,-584,57,-1786,1081,0,0
-919,-959,-649,596,20,282,0,0
-938,-1880,-805,951,3798,-576,0,0
-910,-2218,-992,844,4616,-500,0,0
-751,-1004,-396,57,2790,-393,0,0
-102,1248,783,12,589,-389,0,0
518,1818,1656,481,-81,-284,0,0
625,34,1710,-348,-151,-1147,0,0
853,-1288,1452,-773,-227,-2173,0,0
1215,-2159,849,342,4869,-2708,0,0
529,-2503,-573,862,9867,-4437,0,0
-671,1209,-267,1912,9014,-4837,0,0
-1513,1574,-92,2000,7550,-6305,0,0
-1602,85,40,-442,5781,-7492,0,0
-371,1171,836,-1252,1945,-7105,0,0
1204,804,710,-1047,-45,-6231,0,0
2319,171,-98,-267,228,-4117,0,0
2747,259,-555,735,1513,-2352,0,0
2707,-93,-755,1624,2506,-1552,0,0
2303,124,-742,1723,2752,-974,0,0
1671,1090,-657,1311,2138,-450,0,0
839,1990,-687,1265,1732,-253,0,0
-158,2511,-780,937,2175,-408,0,0
-863,1820,-1242,959,2700,-839,0,0
-1301,0,-1510,596,2872,-857,0,0
-1820,-176,-1584,47,3245,-670,0,0
-2326,362,-1737,97,4233,-1252,0,0
-2685,217,-2003,-46,5017,-1610,0,0
-2963,190,-2151,51,5571,-1491,0,0
-3115,-183,-2304,174,6378,-1766,0,0
-3133,-866,-2440,80,7072,-1901,0,0
-3010,-967,-2384,100,6954,-2088,0,0
-2693,-411,-2003,189,5398,-1906,0,0
-2241,341,-1394,790,3273,-2241,0,0
-1705,-165,-891,1267,1916,-2780,0,0
-1119,-793,-761,1311,1328,-3310,0,0
-315,-589,-489,1980,1036,-3394,0,0
576,-487,63,1400,1524,-3493,0,0
1777,-45,1050,893,2860,-3547,0,0
3067,-263,1738,-157,6883,-3593,0,0
4147,-1066,1937,-1362,11701,-4418,0,0
5224,-1324,1867,-1941,14208,-3491,0,0
5332,-242,1546,-973,15969,-2807,0,0
4613,-343,1381,653,16341,263,0,0
2757,-864,1603,1215,11556,2918,0,0
803,494,1928,-132,2837,3646,0,0
-1248,2407,1741,-1766,-5121,847,0,0
-1227,400,535,-1572,-6871,-2104,0,0
-575,-676,-576,-1465,-3165,-486,0,0
-602,445,-707,-441,-841,-940,0,0
-270,122,-698,565,1256,-834,0,0
-316,-124,-706,342,2860,-586,0,0
-542,303,-710,67,3313,-1070,0,0
-501,876,-535,264,1690,-1273,0,0
-190,970,-252,405,449,-1130,0,0
226,120,65,608,814,-1221,0,0
641,-738,551,669,800,-1792,0,0
1212,-1251,950,1232,3737,-2183,0,0
1078,-2477,637,2137,9961,-2119,0,0
-670,-2019,1053,2467,10603,-1962,0,0
-2865,-1033,1321,2118,8648,-5294,0,0
-2794,-1087,953,-630,6386,-5521,0,0
-1401,2176,1052,-945,3865,-6611,0,0
-277,2716,1089,-196,2171,-7380,0,0
1214,680,848,-221,1059,-4799,0,0
2058,62,767,245,966,-3181,0,0
2486,241,711,-52,1277,-1806,0,0
2534,937,620,886,1776,-1174,0,0
2309,-359,27,705,2633,-691,0,0
1597,-883,-1337,769,4260,-298,0,0
348,500,-2388,903,3555,-381,0,0
-328,1942,-2192,648,2127,-132,0,0
-656,1646,-1874,1156,2652,-335,0,0
-1090,384,-1531,823,3859,-646,0,0
-1386,-250,-1011,391,4573,-350,0,0
-1801,-852,-692,486,4377,-232,0,0
-2504,-2256,-746,110,4420,-806,0,0
-2828,-3863,-895,-500,5255,-2027,0,0
-2877,-2102,-672,-561,5614,-1974,0,0
-2696,34,-634,-333,5331,-2246,0,0
-2307,890,-730,-74,4304,-2280,0,0
-1974,1658,-647,236,3784,-2413,0,0
-1595,1467,-655,132,3213,-3172,0,0
-891,1639,-611,400,3043,-3489,0,0
-161,1248,-372,1018,3126,-3094,0,0
482,-411,-162,732,4886,-2571,0,0
1233,30,351,57,5385,-1197,0,0
1868,1784,1460,-56,4600,-283,0,0
1964,1038,1954,77,4230,-347,0,0
1692,-192,1846,317,3149,-573,0,0
1542,-578,1601,148,2103,-736,0,0
1549,-916,1313,363,1959,-677,0,0
1372,-1133,1071,298,2192,-1010,0,0
1148,-1076,950,429,3121,-1488,0,0
996,-1704,648,929,5986,-3214,0,0
1355,-2758,601,633,8005,-4059,0,0
1749,-2733,662,247,9306,-3793,0,0
1160,-1299,169,128,9681,-4079,0,0
-18,-520,-631,175,9086,-4373,0,0
-934,-359,-1111,119,4665,-2778,0,0
-1370,1032,-411,1108,-1694,-1498,0,0
-967,731,-20,1065,-4480,-807,0,0
-245,-105,520,736,-2733,-287,0,0
169,-1071,880,297,-111,-767,0,0
523,-1589,638,184,2548,-1048,0,0
657,-700,166,-333,3756,-688,0,0
601,1277,-71,-236,3676,-640,0,0
493,2539,238,316,1511,-810,0,0
562,2005,887,413,-330,-1014,0,0
782,-109,1465,-200,-311,-2085,0,0
1210,-2354,1609,-1133,318,-2631,0,0
1532,-3283,702,-1708,4065,-2418,0,0
694,-2011,-1621,-1649,8460,-2707,0,0
-1421,4056,-1818,1829,8511,-3621,0,0
-2807,2336,-1611,2595,8483,-6201,0,0
-2698,150,-973,1476,4965,-6043,0,0
-1848,959,-265,1320,2145,-6483,0,0
-615,659,-149,1267,637,-5686,0,0
609,-184,122,1088,835,-3790,0,0
1398,-97,581,643,1148,-2107,0,0
1780,440,858,407,1271,-1316,0,0
1740,420,802,538,2024,-981,0,0
1213,199,333,795,3661,-1183,0,0
343,871,-174,1316,5286,-1588,0,0
-457,1878,-234,1033,3266,-1871,0,0
-518,1858,182,1315,1167,-2190,0,0
-323,-128,275,768,1474,-2473,0,0
-268,-937,192,353,1931,-2188,0,0
-354,-393,-58,881,3324,-2673,0,0
-453,-395,-628,965,4313,-2803,0,0
-567,403,-792,1358,3261,-3404,0,0
-150,578,-281,1446,2466,-3268,0,0
265,-7,122,1183,2487,-2906,0,0
290,-191,91,1015,2595,-2539,0,0
27,-13,-141,945,2397,-2148,0,0
-318,139,-317,804,1747,-1990,0,0
-480,143,-247,571,1029,-1778,0,0
-468,57,11,518,302,-1480,0,0
-370,-167,344,894,431,-1799,0,0
-171,-1202,564,1098,1481,-2523,0,0
258,-1555,576,1220,3000,-4221,0,0
1252,-970,497,1084,4123,-5644,0,0
2026,121,151,1659,5523,-6584,0,0
2120,-152,-367,2253,6896,-6987,0,0
1542,-485,-286,2490,7330,-5673,0,0
194,-1575,-155,2511,8149,-5361,0,0
-1176,-3181,-327,898,7824,-3979,0,0
-1556,-1582,-630,-1114,4923,-2319,0,0
-1322,2856,-277,126,-1953,-653,0,0
-1178,2361,165,192,-5223,-1510,0,0
-620,760,-584,58,-2118,-399,0,0
-634,1071,-532,934,-713,-573,0,0
-381,-578,-147,878,1982,-1549,0,0
-92,-924,183,136,3012,-915,0,0
16,128,575,-82,2316,-1465,0,0
389,552,740,-306,1083,-1363,0,0
868,1159,924,-291,-152,-879,0,0
1129,799,962,-39,-176,-1302,0,0
1264,-656,1008,-33,25,-1598,0,0
1290,-1832,982,183,1904,-1304,0,0
508,-2359,64,508,7224,-358,0,0
-1601,-281,-1012,1741,10418,-1338,0,0
-3571,3266,-407,3572,7899,-5666,0,0
-3739,361,-395,2679,6129,-10868,0,0
-1860,0,-77,1406,3477,-10697,0,0
379,1085,295,1440,1387,-8652,0,0
1856,-3,586,1187,1176,-5442,0,0
2642,-589,684,926,1936,-2823,0,0
2930,-318,729,1076,2446,-1396,0,0
2717,-542,664,1219,2894,-436,0,0
1876,-782,240,1216,3649,-263,0,0
832,-328,-154,1169,3380,-410,0,0
121,369,-164,1080,2392,-574,0,0
-234,1009,-3,904,2010,-1032,0,0
-541,1341,98,885,1775,-1556,0,0
-924,1405,166,1074,1906,-2808,0,0
-1073,867,59,1091,2409,-3774,0,0
-995,362,-263,1372,2763,-3841,0,0
-807,147,-530,1550,2603,-3950,0,0
-531,11,-473,1590,2010,-3794,0,0
-295,-383,-432,1471,1769,-3354,0,0
-160,-295,-494,1342,2042,-2787,0,0
-128,52,-619,1240,2320,-2176,0,0
-111,414,-677,1059,2223,-1616,0,0
-143,834,-511,1065,1667,-1067,0,0
-232,720,-201,935,670,-1018,0,0
-378,135,77,975,69,-1286,0,0
-574,-280,357,1612,255,-2236,0,0
-499,-1256,553,2329,1947,-3710,0,0
-138,-1761,506,2960,4190,-5389,0,0
578,-1578,698,3162,6153,-6736,0,0
1198,-1023,732,2832,7011,-7855,0,0
1308,-485,869,3764,7566,-7995,0,0
761,-2595,603,3498,8773,-6496,0,0
252,-4186,177,2467,8951,-3486,0,0
-262,-2847,317,-541,3761,-997,0,0
-1208,313,721,-3278,-3788,573,0,0
-1374,1331,-304,-2368,-5089,551,0,0
-653,1606,-1181,-964,-2066,555,0,0
-490,1763,-989,632,-1944,129,0,0
-606,-261,-700,1081,931,-383,0,0
-808,-975,-793,1161,3605,-1126,0,0
-881,-867,-665,869,4142,-1736,0,0
-585,-65,-192,-7,2901,-1863,0,0
68,1360,423,64,407,-1140,0,0
524,971,830,-111,-170,-2111,0,0
1168,-560,1009,-1028,-153,-3155,0,0
2037,-1249,1176,-1381,852,-3960,0,0
2295,-1505,-218,-903,7699,-3778,0,0
977,1745,-1310,1331,6905,-4175,0,0
-708,2552,-912,3516,6994,-5666,0,0
-1787,-285,-533,1868,6665,-6073,0,0
-1448,515,709,145,3118,-5892,0,0
-547,1226,1057,43,394,-5624,0,0
234,384,692,159,-562,-4465,0,0
817,-187,494,369,264,-2839,0,0
1038,64,224,666,1605,-1765,0,0
1017,492,-135,1226,2104,-1558,0,0
925,511,-327,1194,2299,-1136,0,0
506,1270,-476,1512,2886,-1256,0,0
60,1437,-417,1813,2784,-3840,0,0
-401,1144,15,1729,2418,-2366,0,0
-660,584,529,1742,2246,-3153,0,0
-528,-728,593,1070,2118,-3119,0,0
-372,-451,391,727,1991,-3440,0,0
-201,81,212,883,1926,-3299,0,0
-176,107,19,941,1856,-2908,0,0
-393,133,-155,1225,2138,-2689,0,0
-719,-150,-284,1368,2329,-2642,0,0
-869,-644,-242,1526,2709,-3013,0,0
-789,-943,-214,1266,2893,-2977,0,0
-718,-303,-299,1251,2874,-2844,0,0
-672,5,-506,1411,2674,-2711,0,0
-661,-54,-611,1188,2126,-2478,0,0
-558,157,-440,948,1453,-2020,0,0
-453,135,-235,746,896,-1587,0,0
-429,152,-51,482,363,-1212,0,0
-473,397,201,742,344,-1136,0,0
-631,-369,234,1534,2439,-1775,0,0
-833,-805,273,2784,6204,-4508,0,0
362,-1404,844,2766,7463,-5295,0,0
1318,-500,819,2277,7395,-5747,0,0
1341,-447,247,2799,8690,-5548,0,0
657,-1906,-598,2321,10056,-5029,0,0
-43,-2867,-1248,1980,8968,-3119,0,0
-795,-2349,-1297,-850,3364,-1183,0,0
-1288,268,-519,-1254,-4531,-1086,0,0
-659,771,-430,-547,-5782,-1710,0,0
203,608,-579,302,-2254,196,0,0
138,536,-168,1176,-354,-945,0,0
491,-1491,-77,707,3088,-1730,0,0
872,-1600,-113,-75,4514,-401,0,0
657,427,-180,-300,4688,-335,0,0
408,2422,72,-61,1760,-883,0,0
785,2824,504,316,-93,-427,0,0
1048,1222,832,-26,103,-838,0,0
1289,17,1049,-293,26,-3488,0,0
1368,-1168,1039,-857,173,-1383,0,0
478,-1752,-122,-315,6746,-2516,0,0
-1488,1273,-1121,1725,8219,-3856,0,0
-3371,3048,-812,3830,8136,-6898,0,0
-2924,-771,-736,2551,7303,-7419,0,0
-1554,-854,364,530,3302,-6511,0,0
-447,258,1108,-22,793,-6071,0,0
538,-2416,964,-300,127,-4804,0,0
1318,-352,635,-314,417,-3074,0,0
1757,95,412,376,1280,-1972,0,0
1839,110,60,1143,3421,-1375,0,0
1422,669,-513,1817,5072,-1454,0,0
1022,1517,-381,1872,3844,-824,0,0
580,1785,164,1955,3262,-874,0,0
-56,748,476,1539,2449,-1329,0,0
-464,82,893,887,1842,-1901,0,0
-685,-515,933,688,1645,-2399,0,0
-847,-923,460,244,1669,-3385,0,0
-742,-434,-171,227,2058,-3866,0,0
-502,128,-736,456,2559,-3304,0,0
-395,629,-998,826,2799,-2912,0,0
-395,746,-886,1124,2962,-2780,0,0
-406,86,-800,1023,3264,-2398,0,0
-506,-74,-811,993,3375,-2085,0,0
-663,25,-907,980,3800,-1836,0,0
-3040,-41,-1392,1061,4369,-1552,0,0
-1362,-228,-1591,1116,3777,-1860,0,0
-1288,-423,-1044,996,2239,-1790,0,0
-878,-360,-549,841,1574,-1571,0,0
-597,530,-277,784,1339,-1661,0,0
-499,1036,-86,1130,1365,-1558,0,0
-470,423,61,829,1028,-1896,0,0
-222,-294,280,716,1253,-2768,0,0
336,-1115,389,601,3604,-4371,0,0
1283,-1551,307,376,7273,-6768,0,0
2500,-1301,541,197,9025,-7568,0,0
3269,-598,485,436,10258,-7232,0,0
2968,-80,433,2062,11120,-5953,0,0
1850,-2041,644,2755,11360,-3494,0,0
1066,-2160,468,181,7273,-829,0,0
82,616,729,-1665,-2634,2980,0,0
-1285,1680,296,-327,-8434,1640,0,0
-1327,155,-749,941,-3422,544,0,0
-1233,-2392,-456,1421,-984,102,0,0
-892,-1586,96,382,1656,-1465,0,0
-316,-1989,-24,2,3652,-1361,0,0
-160,-746,-207,-926,4519,-762,0,0
-250,1375,-174,-824,3031,-905,0,0
-95,2796,317,-95,513,-409,0,0
126,2199,593,-298,-429,-625,0,0
322,1054,532,-432,-873,-1177,0,0
547,171,583,-237,-751,-1854,0,0
912,-1083,500,347,4855,-2980,0,0
133,-845,-646,666,10670,-3405,0,0
-1937,1498,-399,2994,9811,-5605,0,0
-2558,-943,-902,1414,9658,-7341,0,0
-1388,540,-207,486,6526,-5939,0,0
-340,1665,698,325,2424,-6161,0,0
388,287,527,-320,361,-5114,0,0
1221,446,139,-117,-40,-3915,0,0
2022,622,98,302,564,-2447,0,0
2422,560,388,634,846,-1062,0,0
2374,362,707,1139,1516,-590,0,0
1875,-520,375,1301,3407,-321,0,0
693,526,-683,1971,5742,-602,0,0
-547,2699,-1080,2130,3706,-1201,0,0
-676,1927,-135,2445,884,-1719,0,0
-543,-925,714,1603,1650,-2181,0,0
-713,-1620,1089,1080,2935,-2893,0,0
-793,-1217,714,721,2879,-3014,0,0
-901,-62,270,649,2165,-3244,0,0
-853,-49,61,830,2022,-2882,0,0
-753,-637,-245,422,2539,-2345,0,0
-732,-280,-502,-123,2325,-1710,0,0
-939,636,-737,238,2192,-1455,0,0
-1292,890,-874,1104,2944,-2279,0,0
-1272,480,-702,2236,4422,-2987,0,0
-1093,-228,-669,1749,4338,-3471,0,0
-712,346,-373,1386,3298,-3220,0,0
-282,390,-117,1010,2415,-2672,0,0
-15,-80,-35,604,2006,-2028,0,0
-19,111,6,366,1460,-1714,0,0
46,348,184,429,1031,-1809,0,0
228,-29,417,450,929,-2103,0,0
524,-720,544,1015,2062,-3199,0,0
961,-1732,526,1358,3765,-4038,0,0
1362,-2032,457,1767,5972,-5135,0,0
1775,-2457,-49,1852,7916,-6664,0,0
2220,-1462,-382,2414,9414,-6946,0,0
2090,-210,153,3327,10299,-6262,0,0
1303,-1419,714,2249,9535,-5238,0,0
622,-1823,707,819,6193,-2844,0,0
-268,-1545,769,-1053,-975,1390,0,0
-1417,-414,724,-2318,-5500,2667,0,0
-1285,774,-125,-1427,-4426,1490,0,0
-1108,893,-746,42,-2257,396,0,0
-1069,464,-638,719,-245,-1057,0,0
-793,-354,-513,520,2024,-1580,0,0
-773,-143,-428,219,2874,-1210,0,0
-1083,951,-315,234,3254,-1758,0,0
-1037,1113,-61,150,1922,-2199,0,0
-299,467,337,188,754,-1484,0,0
504,-153,619,157,789,-1484,0,0
1264,-1234,797,126,791,-1504,0,0
1448,-2427,683,-997,2774,-1889,0,0
733,-1615,-574,-1314,8754,-3598,0,0
-1044,3884,-1041,1859,8809,-5822,0,0
-2229,3406,-778,2535,8468,-7098,0,0
-1713,614,-279,971,6821,-5892,0,0
-470,1639,450,247,3698,-5107,0,0
184,2082,433,384,1289,-4339,0,0
564,1129,281,494,666,-3122,0,0
896,531,299,322,787,-2086,0,0
1220,353,497,390,971,-1432,0,0
1372,-1,570,652,1474,-1380,0,0
1428,142,708,1318,2083,-1862,0,0
1298,-345,625,1809,3004,-2533,0,0
939,-254,224,2136,4145,-2750,0,0
502,389,-244,1963,4115,-2703,0,0
267,667,-222,1807,2326,-2894,0,0
319,120,402,1441,1489,-3127,0,0
482,-1037,714,750,1429,-2912,0,0
642,-1281,621,388,1601,-2409,0,0
576,-1031,257,578,2196,-2222,0,0
199,-680,-292,547,2693,-1961,0,0
-348,201,-589,797,1908,-1926,0,0
-639,294,-427,1049,1344,-2062,0,0
-691,-426,-294,717,1554,-1956,0,0
-699,-326,-262,597,1886,-1654,0,0
-791,79,-291,633,1662,-1421,0,0
-1009,675,-237,495,842,-1275,0,0
-1097,669,-69,856,793,-1410,0,0
-1030,-315,-120,1159,2301,-988,0,0
-1164,-584,114,1733,3587,-1576,0,0
-1266,-1053,801,804,3754,-4377,0,0
-743,-1445,1274,-589,3926,-7685,0,0
337,-1365,244,-2127,5261,-11600,0,0
1904,-590,-1059,-443,7401,-12196,0,0
2897,-779,-1464,1769,9239,-8414,0,0
2712,-226,-1015,3502,9954,-5385,0,0
1708,-537,-256,3572,8103,-2975,0,0
722,-528,445,2054,4970,-1720,0,0
615,304,955,280,-92,607,0,0
286,826,1162,-2235,-4985,4022,0,0
-852,1536,343,-1522,-3726,2281,0,0
-1791,1273,-868,220,-1184,-48,0,0
-1979,554,-1156,559,-107,-663,0,0
-1779,146,-955,801,1448,-1361,0,0
-1442,-328,-788,271,1504,-1655,0,0
-1100,24,-450,78,1303,-1269,0,0
-977,71,-157,188,1212,-1905,0,0
-488,-207,126,-264,517,-1879,0,0
259,132,391,-61,-136,-1332,0,0
780,-91,733,63,-181,-1674,0,0
1142,-382,879,662,3239,-2602,0,0
699,-766,-239,1396,10298,-3650,0,0
-1140,1333,-764,2407,10475,-4891,0,0
-2382,2085,-277,3449,9541,-7098,0,0
-1797,-1366,125,858,7267,-7801,0,0
-316,-301,1033,-693,2760,-7280,0,0
1039,673,1135,-471,510,-5932,0,0
1958,-28,528,-300,339,-3831,0,0
2474,29,234,584,825,-2303,0,0
2769,-60,327,998,1372,-1608,0,0
2910,-432,444,1621,2337,-1414,0,0
2333,-677,30,1939,3439,-1343,0,0
1239,109,-232,1786,1927,-1199,0,0
453,260,202,1387,1184,-3864,0,0
-48,-408,9,778,1672,-3055,0,0
-2296,77,-164,659,1344,-3046,0,0
-208,31,13,613,1065,-3114,0,0
-134,-338,45,372,1341,-2995,0,0
-228,191,-117,510,1613,-2761,0,0
-447,568,-237,663,1715,-2384,0,0
-786,506,-251,769,1500,-2676,0,0
-880,340,-173,437,1181,-2733,0,0
-816,251,-80,255,546,-1789,0,0
-852,182,-54,353,172,-1737,0,0
-948,-99,61,572,-228,-2570,0,0
-1139,-713,345,929,-191,-3958,0,0
-1202,-2364,479,1353,2361,-5708,0,0
-1014,-2805,36,899,5488,-7659,0,0
16,-2391,-273,172,7847,-9350,0,0
1334,-1560,-219,-829,7972,-8991,0,0
1198,53,-112,-283,7351,-7525,0,0
154,951,-663,1209,8256,-4607,0,0
-244,1915,-968,2033,5067,-1611,0,0
-607,1996,-598,689,-1690,-830,0,0
-776,776,-590,23,-4604,129,0,0
-361,-16,-655,-638,-3553,1169,0,0
-454,414,-560,61,-2158,791,0,0
-813,-772,-537,632,-22,-610,0,0
-909,-1804,-681,406,3028,-1691,0,0
-873,-1520,-708,-108,3919,-1749,0,0
-648,198,-385,-764,2920,-1365,0,0
-197,2949,230,-14,356,-339,0,0
8,2792,598,647,-399,-735,0,0
209,769,902,189,-347,-1426,0,0
641,-597,1113,-194,84,-2093,0,0
1160,-1081,899,-49,3838,-2865,0,0
970,-130,-170,358,10047,-2873,0,0
-1271,4089,-612,2781,8528,-4001,0,0
-2976,2699,-1047,4199,7758,-6999,0,0
-2597,-1245,-1116,2326,6826,-7305,0,0
-1422,-201,164,1529,3763,-7445,0,0
-229,46,265,1184,1132,-6698,0,0
1063,-255,145,969,575,-4653,0,0
1962,78,313,1105,1160,-2557,0,0
2262,98,629,1251,1539,-1325,0,0
2184,-303,627,1304,2235,-956,0,0
1874,-567,336,1881,3561,-1356,0,0
1379,-595,87,1548,3411,-1396,0,0
876,491,329,1632,3091,-1580,0,0
483,459,581,1401,2750,-2102,0,0
259,22,579,951,2101,-1858,0,0
-71,98,534,852,1726,-2121,0,0
-272,-450,313,297,1623,-2159,0,0
-387,-509,-34,200,1832,-2060,0,0
-592,-151,-389,353,2330,-2425,0,0
-769,-39,-705,474,2719,-2614,0,0
-932,53,-748,688,2833,-2578,0,0
-1181,67,-602,783,2687,-2561,0,0
-1256,-34,-316,620,1856,-2168,0,0
-1142,104,31,526,1079,-1389,0,0
-1113,405,241,621,763,-1051,0,0
-1129,342,355,677,753,-1559,0,0
-1062,124,474,962,1332,-2600,0,0
-885,86,573,1101,2844,-3630,0,0
-528,1117,579,1550,5020,-4768,0,0
-54,2536,472,3153,6795,-4467,0,0
471,1662,32,4903,8896,-4510,0,0
749,729,-190,5693,9814,-4840,0,0
628,-494,-21,6213,9971,-4343,0,0
345,-2151,-126,4618,7423,-4217,0,0
559,-1362,228,4006,3890,-3093,0,0
1224,-1001,839,409,-2374,-203,0,0
937,102,1243,-2341,-7370,283,0,0
422,-886,780,-1917,-4137,676,0,0
62,-2049,98,-272,-1474,729,0,0
-128,-2062,-249,884,1425,-91,0,0
-96,-1475,-865,756,2814,-289,0,0
-18,-226,-1174,701,3932,-121,0,0
-76,936,-923,487,2780,66,0,0
93,1874,-5,294,1104,66,0,0
241,2374,1031,931,706,-73,0,0
394,581,1632,1009,792,-1892,0,0
869,-1482,1671,-28,1319,-2428,0,0
291,530,494,1969,7747,-3611,0,0
-1502,1609,-1146,4142,9056,-4319,0,0
-2838,402,-1581,4517,8565,-6363,0,0
-2399,-350,-1057,3579,6379,-7929,0,0
-960,-339,34,1830,1406,-8325,0,0
705,19,396,844,-386,-6730,0,0
2039,552,405,1747,-112,-3573,0,0
2726,-413,396,1583,604,-2071,0,0
2956,-354,239,2218,2283,-1039,0,0
2538,-368,-166,2710,4167,-672,0,0
1736,526,-85,2619,3345,-466,0,0
956,980,538,2355,2885,-778,0,0
186,487,589,1719,2318,-1344,0,0
-379,801,644,1218,1244,-1982,0,0
-526,776,727,1133,905,-2742,0,0
-488,741,534,936,950,-2838,0,0
-539,794,182,1835,956,-3068,0,0
-445,-196,-322,1567,1263,-2967,0,0
-446,272,-659,1762,1456,-2837,0,0
-403,632,-705,2205,1701,-2957,0,0
-358,-226,-675,2117,1508,-2857,0,0
-471,-623,-527,2260,1579,-3239,0,0
-433,-937,-449,2301,2021,-3172,0,0
-495,-490,-526,2293,2306,-2824,0,0
-691,-347,-740,2541,2486,-2572,0,0
-850,-1142,-736,1937,2177,-1901,0,0
-939,-1029,-414,1475,1701,-1390,0,0
-889,-1244,-151,877,1276,-885,0,0
-926,-985,-25,737,1184,-679,0,0
-997,-675,-35,500,909,-1551,0,0
-831,-31,41,327,471,-2646,0,0
-611,-127,231,779,1227,-4272,0,0
-276,-1710,241,1059,4149,-6198,0,0
47,-2975,-176,909,6611,-6906,0,0
754,-2187,-375,845,8369,-7185,0,0
1374,-555,-583,1269,9217,-6710,0,0
1044,68,-354,2134,9159,-6003,0,0
90,-1049,-66,2082,7829,-5323,0,0
-195,-1544,271,582,3898,-2399,0,0
-252,290,606,-741,-2377,1178,0,0
-507,1387,376,-1264,-5977,1007,0,0
-243,1368,17,-907,-3597,1255,0,0
-590,2106,-419,329,-1082,558,0,0
-850,867,-743,1382,2004,-983,0,0
-938,-864,-1387,922,4497,-757,0,0
-1088,-502,-1218,451,3339,-411,0,0
-723,816,-191,-243,1561,-338,0,0
-65,2654,770,-566,-304,254,0,0
-46,2167,872,153,-1142,-399,0,0
-218,-1433,446,-834,158,-2394,0,0
376,-2609,-2496,-1323,7012,-2383,0,0
-53,-1188,-1368,-1744,14085,-1440,0,0
-1717,1966,-731,482,10831,-2392,0,0
-2629,931,-831,283,10045,-5352,0,0
-2122,-1050,-1018,-437,5288,-3550,0,0
-1466,992,-536,-114,2543,-3282,0,0
-925,2377,-468,640,1039,-3667,0,0
-208,1355,-596,932,254,-2549,0,0
345,937,-452,1024,670,-1565,0,0
709,865,-186,926,1569,-1190,0,0
922,655,-132,1388,3887,-870,0,0
777,68,-710,1280,7604,-747,0,0
79,994,-1005,1109,4715,-359,0,0
-119,2459,72,1597,2759,-666,0,0
9,1178,1347,2074,3746,-1122,0,0
216,-1657,2056,1111,4234,-1164,0,0
459,-2616,2451,501,4617,-1331,0,0
615,-2286,2476,186,4436,-1402,0,0
582,-1698,2152,-13,4054,-1526,0,0
461,-1204,1693,-15,3714,-1916,0,0
541,-1161,1230,-238,3519,-2006,0,0
690,-847,813,-437,3344,-1659,0,0
621,155,494,-279,3234,-1480,0,0
381,996,258,-32,3058,-1418,0,0
115,1235,48,157,2807,-1451,0,0
-89,916,-226,444,2764,-1344,0,0
-283,277,-586,394,2909,-1266,0,0
-480,97,-935,276,3062,-1213,0,0
-659,462,-1219,392,3296,-1181,0,0
-741,742,-1442,467,3527,-1190,0,0
-732,972,-1549,534,3649,-1045,0,0
-715,1255,-1585,757,4043,-1080,0,0
-696,1191,-1640,950,4544,-1183,0,0
-668,969,-1624,978,4618,-1051,0,0
-625,1065,-1417,1040,4316,-939,0,0
-528,1208,-1064,1200,4109,-937,0,0
-462,1138,-697,1275,3939,-914,0,0
-413,813,-401,1328,3780,-970,0,0
-351,419,-184,1283,3688,-922,0,0
-305,104,-48,1261,3752,-979,0,0
-239,-221,69,1134,3821,-1067,0,0
-128,-343,278,1011,3825,-1095,0,0
33,-538,516,1177,4024,-1223,0,0
194,-1253,695,584,3945,-1215,0,0
368,-948,899,361,3953,-1197,0,0
524,-725,930,201,3888,-1005,0,0
474,-767,620,-71,3700,-1051,0,0
400,-361,391,98,3785,-894,0,0
366,-109,340,273,3985,-776,0,0
343,-28,413,277,3850,-804,0,0
296,-30,476,371,3701,-892,0,0
211,-181,490,410,3597,-906,0,0
113,-378,412,399,3671,-1008,0,0
59,-443,294,371,3583,-1023,0,0
44,-266,193,381,3510,-985,0,0
-12,-82,98,499,3520,-997,0,0
-127,-135,-11,581,3462,-1004,0,0
-217,-222,-114,590,3438,-1048,0,0
-224,-235,-188,560,3579,-1068,0,0
-203,-37,-260,597,3868,-1076,0,0
-175,132,-322,658,4018,-1139,0,0
-110,216,-310,658,3876,-1092,0,0
-52,424,-181,712,3766,-1044,0,0
-36,481,-10,749,3750,-1102,0,0
-29,242,106,819,3741,-1133,0,0
-20,-129,139,739,3623,-1139,0,0
11,-267,142,614,3425,-1118,0,0
43,-100,150,782,3431,-1102,0,0
51,-105,90,674,3501,-1099,0,0
56,-20,-28,624,3559,-1133,0,0
54,136,-132,763,3700,-1100,0,0
16,174,-170,821,3788,-1046,0,0
-24,118,-105,785,3725,-1089,0,0
-40,7,49,808,3702,-1182,0,0
-8,-232,187,742,3692,-1193,0,0
58,-296,258,564,3691,-1117,0,0
94,-6,273,555,3668,-1070,0,0
78,199,230,651,3593,-1082,0,0
28,105,163,673,3488,-1050,0,0
-28,-30,67,682,3487,-1049,0,0
-71,-132,-62,686,3589,-1100,0,0
-84,-118,-187,675,3604,-1053,0,0
-73,48,-254,717,3696,-1048,0,0
-65,145,-237,799,3776,-1034,0,0
-68,65,-153,827,3766,-1024,0,0
-69,-44,-45,752,3680,-1052,0,0
-67,-37,36,747,3632,-1050,0,0
-58,-23,40,727,3632,-1068,0,0
-44,43,-10,720,3690,-1051,0,0
-43,145,-38,768,3686,-1033,0,0
-44,124,-6,808,3730,-1034,0,0
-43,4,43,783,3733,-1049,0,0
-20,-75,87,724,3642,-1024,0,0
16,-72,115,711,3568,-1000,0,0
45,-77,103,704,3478,-971,0,0
61,-58,73,713,3429,-941,0,0
82,-58,10,743,3658,-985,0,0
112,-70,-84,719,3739,-963,0,0
138,112,-120,744,3737,-875,0,0
136,289,-86,844,3719,-944,0,0
96,159,-55,878,3724,-973,0,0
32,-22,-75,868,3700,-979,0,0
-33,-87,-134,861,3726,-1001,0,0
-93,-56,-164,860,3716,-1003,0,0
-142,-4,-130,800,3723,-1020,0,0
-165,188,-59,718,3584,-1024,0,0
-156,403,-9,773,3588,-1187,0,0
-97,300,-10,494,3532,-1303,0,0
57,752,-38,515,3483,-1170,0,0
121,1161,-117,788,3552,-1310,0,0
107,615,-139,840,3694,-1179,0,0
28,-6,-103,736,3963,-1253,0,0
13,-329,-20,598,3832,-1158,0,0
21,-261,60,580,3702,-1191,0,0
17,-280,99,548,3562,-1192,0,0
30,-239,74,555,3552,-1170,0,0
35,-211,-13,595,3737,-1257,0,0
31,-293,-66,572,3753,-1215,0,0
34,-275,-48,622,3833,-1207,0,0
32,-375,13,628,3819,-1247,0,0
37,-515,81,549,3828,-1254,0,0
67,-490,132,483,3758,-1265,0,0
120,-352,144,474,3646,-1367,0,0
204,-392,135,455,3549,-1632,0,0
347,-503,115,356,3493,-1528,0,0
458,-157,107,319,3405,-1316,0,0
472,268,85,460,3510,-1246,0,0
396,291,-14,571,3645,-1198,0,0
262,195,-115,606,3658,-1096,0,0
96,153,-178,702,3700,-1117,0,0
-38,-58,-191,718,3638,-1166,0,0
-84,-200,-103,583,3459,-1139,0,0
-62,45,53,475,3403,-1241,0,0
-6,421,155,413,3420,-1359,0,0
4,704,138,613,3441,-1456,0,0
-59,456,61,720,3403,-1617,0,0
-113,-49,2,637,3401,-1656,0,0
-106,-320,-21,601,3500,-1652,0,0
-44,-360,-13,520,3554,-1601,0,0
40,-89,-5,420,3589,-1486,0,0
86,346,-38,603,3519,-1494,0,0
86,373,-72,753,3420,-1533,0,0
68,104,-71,730,3539,-1565,0,0
64,-47,-53,707,3570,-1552,0,0
92,-55,11,751,3498,-1483,0,0
107,-139,133,792,3459,-1433,0,0
79,-292,257,767,3463,-1354,0,0
9,-391,321,725,3477,-1341,0,0
-76,-472,302,744,3418,-1421,0,0
-180,-811,308,1076,3334,-1636,0,0
-301,-2303,500,925,3843,-2109,0,0
-119,-3429,723,112,4097,-1723,0,0
193,-2222,730,-542,3728,-1656,0,0
288,141,539,-92,3282,-1782,0,0
250,1018,301,451,3078,-1822,0,0
227,527,38,614,2968,-1643,0,0
137,20,-241,577,3106,-1553,0,0
22,-74,-446,483,3392,-1571,0,0
-16,188,-574,418,3629,-1574,0,0
7,708,-606,361,3591,-1562,0,0
14,1313,-510,564,3467,-1577,0,0
-48,1334,-379,848,3438,-1705,0,0
-132,601,-238,903,3471,-1803,0,0
-168,-254,-98,687,3548,-1774,0,0
-130,-447,8,449,3541,-1689,0,0
-51,-100,71,420,3495,-1674,0,0
21,183,100,470,3449,-1581,0,0
29,276,102,530,3496,-1574,0,0
-1,196,55,548,3562,-1580,0,0
-25,117,1,473,3512,-1523,0,0
-56,186,-17,481,3531,-1563,0,0
-82,174,-31,478,3539,-1594,0,0
-101,155,-45,459,3451,-1570,0,0
-134,124,-53,502,3488,-1591,0,0
-169,-25,-93,480,3588,-1657,0,0
-167,-120,-138,430,3584,-1652,0,0
-121,-24,-151,399,3526,-1614,0,0
-60,182,-138,452,3448,-1543,0,0
-28,338,-133,511,3471,-1460,0,0
-35,395,-145,596,3516,-1496,0,0
-51,269,-123,592,3540,-1513,0,0
-59,161,-84,540,3587,-1555,0,0
-39,103,-53,473,3636,-1654,0,0
2,141,-55,410,3786,-1653,0,0
14,257,-79,405,3809,-1723,0,0
6,224,-43,468,3479,-1696,0,0
9,5,15,505,3259,-1659,0,0
1,-269,11,484,3163,-1588,0,0
2,-349,-82,449,3379,-1494,0,0
17,-186,-198,495,3763,-1501,0,0
39,-51,-243,511,3837,-1488,0,0
74,72,-166,557,3629,-1447,0,0
114,80,-43,541,3652,-1468,0,0
141,65,31,458,3649,-1425,0,0
140,122,44,492,3573,-1422,0,0
112,27,68,510,3415,-1407,0,0
86,-135,105,461,3309,-1333,0,0
51,-162,108,438,3324,-1318,0,0
10,-120,62,412,3512,-1372,0,0
-24,-43,21,392,3637,-1462,0,0
-19,21,51,382,3660,-1561,0,0
9,6,133,328,3606,-1573,0,0
34,22,199,282,3550,-1573,0,0
37,80,192,323,3565,-1576,0,0
2,55,92,344,3579,-1608,0,0
-37,-7,-30,350,3473,-1619,0,0
-52,-57,-82,353,3361,-1622,0,0
-38,-79,-75,356,3362,-1593,0,0
-14,-49,-81,352,3459,-1561,0,0
-8,45,-100,373,3550,-1513,0,0
-30,107,-103,421,3612,-1540,0,0
-49,74,-113,401,3688,-1590,0,0
-44,85,-120,374,3711,-1602,0,0
-37,147,-92,415,3465,-1609,0,0
-22,124,-68,423,3327,-1600,0,0
-8,88,-85,440,3421,-1579,0,0
-13,73,-127,444,3556,-1576,0,0
-27,85,-135,456,3613,-1609,0,0
-33,55,-86,462,3615,-1653,0,0
-16,-25,-11,423,3571,-1671,0,0
32,-34,36,392,3580,-1652,0,0
78,16,36,386,3527,-1618,0,0
100,72,46,401,3455,-1554,0,0
93,68,76,429,3489,-1555,0,0
64,7,82,400,3549,-1571,0,0
43,11,72,395,3599,-1616,0,0
39,-5,87,383,3528,-1644,0,0
54,-29,131,356,3423,-1596,0,0
52,-18,146,367,3449,-1606,0,0
30,-57,94,354,3525,-1571,0,0
-4,-58,25,368,3510,-1562,0,0
-31,-82,-27,372,3507,-1593,0,0
-20,-70,-35,339,3511,-1572,0,0
4,56,6,362,3462,-1514,0,0
-12,78,23,388,3528,-1561,0,0
-48,-1,-15,355,3515,-1541,0,0
-61,38,-40,377,3543,-1576,0,0
-69,18,-53,377,3599,-1594,0,0
-66,37,-63,380,3559,-1571,0,0
-61,60,-49,428,3504,-1589,0,0
-49,9,-58,417,3480,-1533,0,0
-28,63,-86,440,3469,-1504,0,0
-10,119,-70,482,3508,-1492,0,0
3,109,-16,468,3549,-1482,0,0
16,113,46,446,3600,-1487,0,0
20,129,68,409,3628,-1512,0,0
22,145,80,406,3510,-1489,0,0
9,104,97,402,3480,-1507,0,0
-15,38,53,381,3516,-1535,0,0
-31,18,-37,375,3585,-1565,0,0
-37,29,-100,398,3636,-1618,0,0
-23,44,-98,409,3573,-1586,0,0
-5,66,-47,432,3550,-1605,0,0
12,31,-26,413,3536,-1598,0,0
30,60,-33,424,3538,-1580,0,0
32,63,-39,441,3549,-1592,0,0
27,35,-20,414,3538,-1587,0,0
22,15,17,388,3458,-1601,0,0
27,4,26,371,3508,-1588,0,0
20,-7,-20,386,3616,-1603,0,0
8,-40,-81,378,3612,-1588,0,0
12,-16,-79,398,3504,-1582,0,0
30,3,-27,401,3476,-1547,0,0
36,18,1,402,3522,-1532,0,0
2,-4,-18,395,3520,-1569,0,0
-3,-4,-32,370,3496,-1609,0,0
41,130,-5,327,3419,-1508,0,0
48,310,47,438,3323,-1490,0,0
-19,118,-21,497,3684,-1637,0,0
-66,-175,-154,382,3764,-1662,0,0
-28,-54,-125,393,3590,-1723,0,0
60,37,14,395,3470,-1687,0,0
109,57,142,388,3454,-1582,0,0
85,9,121,428,3564,-1621,0,0
68,-116,-22,334,3561,-1582,0,0
99,76,-75,377,3510,-1536,0,0
108,162,10,428,3365,-1514,0,0
62,60,86,429,3464,-1480,0,0
-35,-123,13,434,3542,-1604,0,0
-66,-238,-96,358,3535,-1617,0,0
-23,-70,-91,354,3493,-1668,0,0
44,89,7,355,3380,-1611,0,0
66,171,70,396,3579,-1622,0,0
24,53,5,366,3641,-1684,0,0
10,16,-39,317,3484,-1698,0,0
22,67,0,329,3473,-1785,0,0
47,41,8,280,3540,-1705,0,0
26,96,-39,362,3640,-1758,0,0
-15,-42,-95,337,3469,-1774,0,0
-4,-62,-97,302,3358,-1798,0,0
46,6,-86,277,3444,-1761,0,0
69,96,-71,319,3407,-1679,0,0
27,35,-80,387,3501,-1728,0,0
-29,-171,-131,341,3610,-1785,0,0
-29,-185,-111,335,3481,-1846,0,0
24,-183,-25,308,3608,-1927,0,0
98,-174,35,187,3672,-1861,0,0
140,-18,90,177,3272,-1799,0,0
154,51,147,217,3088,-1680,0,0
102,20,116,289,3325,-1645,0,0
-16,-148,-38,304,3454,-1664,0,0
-111,-278,-155,264,3493,-1744,0,0
-113,-284,-136,213,3524,-1797,0,0
-49,-177,-13,176,3485,-1763,0,0
-57,-29,91,242,3526,-1822,0,0
-113,-171,113,242,3396,-1894,0,0
-126,-336,137,134,3076,-1798,0,0
-75,-153,144,46,3035,-1703,0,0
-89,109,69,99,3217,-1737,0,0
-159,105,-36,90,3299,-1774,0,0
-180,90,-96,-41,3530,-1757,0,0
-151,305,-148,-122,3796,-1779,0,0
-91,454,-145,-112,3688,-1748,0,0
-48,447,-77,-53,3676,-1688,0,0
-87,372,40,66,3471,-1724,0,0
-155,56,56,87,3525,-1733,0,0
-229,-201,-49,125,3826,-1839,0,0
-227,-288,-155,149,3618,-1761,0,0
-161,-88,-122,220,3345,-1527,0,0
-184,47,-37,472,3151,-1488,0,0
-266,-310,-37,609,3162,-1494,0,0
-292,-711,-38,506,3460,-1439,0,0
-228,-671,9,438,3767,-1350,0,0
-156,-422,143,541,3840,-1289,0,0
-125,-378,360,671,3789,-1270,0,0
-121,-647,574,705,3848,-1136,0,0
-127,-958,700,544,3751,-996,0,0
-120,-986,722,421,3640,-1054,0,0
-102,-833,659,385,3593,-913,0,0
-81,-644,539,291,3663,-944,0,0
-9,-374,407,165,3507,-916,0,0
111,241,302,60,3459,-652,0,0
150,964,231,86,3618,-380,0,0
43,1337,233,444,3998,-507,0,0
-127,924,257,628,4064,-667,0,0
-292,167,220,573,4178,-871,0,0
-342,-340,137,441,4067,-1031,0,0
-285,-218,66,359,3841,-933,0,0
-199,268,39,329,3708,-956,0,0
-115,732,50,533,3769,-996,0,0
-100,650,-30,663,3670,-958,0,0
-111,435,-177,706,3605,-965,0,0
-121,348,-337,730,3468,-873,0,0
-144,387,-494,796,3278,-738,0,0
-189,458,-648,939,3478,-727,0,0
-269,327,-823,1078,3783,-760,0,0
-316,42,-976,1109,4162,-778,0,0
-288,154,-939,1030,4209,-676,0,0
-187,628,-595,1120,4200,-746,0,0
-32,653,-99,1197,4116,-782,0,0
122,342,374,1013,4058,-731,0,0
227,244,633,838,3960,-705,0,0
296,247,680,758,3885,-696,0,0
328,162,553,715,3867,-697,0,0
356,45,371,628,3820,-676,0,0
407,89,248,551,3876,-611,0,0
445,327,236,555,3925,-596,0,0
442,568,294,604,3860,-678,0,0
418,537,334,648,3574,-804,0,0
404,291,362,736,3328,-843,0,0
368,-72,339,814,3455,-809,0,0
241,-454,118,750,3861,-845,0,0
32,-628,-294,758,3943,-1075,0,0
-146,-629,-600,730,3539,-1169,0,0
-204,-574,-654,644,3343,-1381,0,0
-158,-537,-531,688,3334,-1553,0,0
-30,-669,-354,648,3416,-1645,0,0
189,-690,-153,440,3473,-1454,0,0
373,-187,46,437,3658,-1149,0,0
424,265,119,450,3836,-1080,0,0
433,724,131,390,3781,-704,0,0
327,1340,196,622,3546,-765,0,0
185,990,308,591,3342,-1296,0,0
121,-4,343,522,3482,-1627,0,0
58,-816,166,193,3703,-1823,0,0
-28,-733,-36,-15,3606,-1976,0,0
-66,-106,-139,86,3492,-1987,0,0
-40,148,-199,260,3351,-1884,0,0
-33,39,-259,339,3241,-1775,0,0
-67,-39,-295,382,3326,-1693,0,0
-110,-96,-312,418,3555,-1690,0,0
-117,-168,-290,383,3598,-1725,0,0
-76,-62,-177,358,3524,-1659,0,0
-50,40,-35,414,3571,-1719,0,0
-17,-5,77,352,3534,-1754,0,0
33,85,144,332,3466,-1691,0,0
56,186,161,345,3382,-1693,0,0
59,225,148,351,3394,-1649,0,0
19,225,80,440,3624,-1635,0,0
-43,99,-26,426,3701,-1666,0,0
-39,76,-38,429,3524,-1642,0,0
30,66,35,465,3384,-1554,0,0
102,51,141,456,3331,-1403,0,0
94,152,190,493,3395,-1317,0,0
2,176,141,589,3581,-1331,0,0
-102,43,59,622,3417,-1315,0,0
-142,-52,75,598,3074,-1161,0,0
-161,-44,99,684,3299,-1162,0,0
-203,-214,24,705,3536,-1144,0,0
-251,-268,-44,670,3474,-967,0,0
-311,-81,-45,784,3693,-1040,0,0
-338,-218,-43,813,3988,-1132,0,0
-316,-380,-60,697,4281,-1164,0,0
-250,-167,-53,470,4243,-1182,0,0
-141,588,55,569,3777,-1037,0,0
-100,877,165,947,3584,-1254,0,0
-70,141,189,840,3500,-1235,0,0
-18,-211,119,684,3436,-1206,0,0
62,-105,11,708,3448,-1289,0,0
192,28,-76,723,3884,-1168,0,0
236,226,-166,824,4438,-1116,0,0
160,282,-129,834,4138,-1108,0,0
51,328,120,915,3393,-1162,0,0
-3,-112,396,915,3041,-1211,0,0
1,-686,466,714,3194,-1233,0,0
3,-767,293,652,3461,-1210,0,0
-24,-573,40,679,3547,-1173,0,0
-30,-430,-83,726,3635,-1139,0,0
0,-349,-59,724,3929,-1149,0,0
43,-228,59,656,4039,-1070,0,0
67,28,221,619,3808,-1091,0,0
90,132,387,625,3563,-1228,0,0
94,3,436,606,3443,-1283,0,0
90,-74,340,541,3328,-1262,0,0
53,-44,153,601,3360,-1244,0,0
-36,-142,-87,699,3468,-1326,0,0
-101,-315,-306,648,3542,-1318,0,0
-129,-205,-450,674,3702,-1314,0,0
-155,-67,-486,776,3687,-1353,0,0
-151,-49,-368,808,3548,-1331,0,0
-123,-92,-170,826,3530,-1330,0,0
-93,-191,-23,806,3513,-1361,0,0
-43,-228,30,755,3579,-1339,0,0
5,-126,24,731,3592,-1260,0,0
32,59,53,771,3562,-1219,0,0
45,122,148,768,3592,-1216,0,0
56,95,237,721,3649,-1213,0,0
49,72,271,662,3628,-1249,0,0
29,124,262,652,3474,-1230,0,0
5,138,230,672,3505,-1306,0,0
-26,30,170,661,3596,-1324,0,0
-57,-58,87,654,3671,-1361,0,0
-62,-134,36,627,3666,-1422,0,0
-25,-109,21,597,3610,-1352,0,0
11,8,2,642,3580,-1357,0,0
27,94,11,673,3567,-1282,0,0
17,140,-4,716,3618,-1261,0,0
-7,103,-53,737,3592,-1231,0,0
-33,41,-104,772,3608,-1253,0,0
-36,-4,-127,747,3546,-1228,0,0
-5,54,-90,780,3544,-1166,0,0
4,51,-51,773,3683,-1176,0,0
-1,26,-52,750,3685,-1167,0,0
3,40,-73,743,3696,-1141,0,0
-4,74,-80,748,3708,-1127,0,0
-32,85,-64,720,3606,-1139,0,0
-37,113,-40,698,3575,-1174,0,0
-15,138,-32,657,3594,-1212,0,0
23,209,-20,622,3581,-1235,0,0
63,250,21,641,3615,-1252,0,0
76,201,39,601,3679,-1256,0,0
69,205,11,570,3597,-1199,0,0
56,284,-36,633,3517,-1187,0,0
35,274,-85,667,3529,-1155,0,0
7,244,-134,721,3543,-1155,0,0
-16,186,-175,762,3594,-1163,0,0
-25,141,-200,773,3644,-1159,0,0
-21,111,-192,798,3733,-1156,0,0
-13,64,-153,799,3747,-1140,0,0
4,75,-72,700,3604,-1137,0,0
52,304,24,653,3550,-1129,0,0
75,471,39,716,3578,-1134,0,0
30,409,-13,718,3592,-1145,0,0
-24,315,-82,707,3659,-1151,0,0
-61,256,-126,734,3686,-1164,0,0
-89,180,-113,743,3632,-1146,0,0
-110,81,-81,765,3694,-1178,0,0
-118,-30,-88,700,3670,-1166,0,0
-83,65,-69,636,3564,-1133,0,0
-18,289,-26,644,3597,-1134,0,0
31,410,-40,673,3637,-1128,0,0
44,418,-72,694,3626,-1076,0,0
30,404,-88,720,3655,-1030,0,0
3,327,-103,757,3662,-1057,0,0
-37,198,-108,790,3677,-1028,0,0
-80,93,-110,779,3665,-1005,0,0
-111,68,-95,789,3574,-1068,0,0
-118,19,-69,805,3543,-1114,0,0
-90,24,-56,770,3509,-1048,0,0
-60,149,-16,829,3699,-1034,0,0
-90,117,38,908,3826,-1012,0,0
-159,-93,69,930,3754,-1049,0,0
-202,-334,118,922,3499,-1009,0,0
-216,-552,183,921,3547,-999,0,0
-243,-731,208,851,3610,-967,0,0
-267,-751,183,870,3783,-946,0,0
-278,-807,137,832,3865,-899,0,0
-255,-698,138,729,3934,-832,0,0
-205,-402,165,796,3752,-771,0,0
-188,-440,205,884,3684,-786,0,0
-177,-731,239,740,3711,-650,0,0
-163,-643,251,705,3694,-622,0,0
-169,-537,246,764,3612,-619,0,0
-168,-581,233,702,3677,-572,0,0
-154,-450,192,684,3794,-630,0,0
-117,-372,118,741,3924,-706,0,0
-81,-425,62,728,3839,-663,0,0
-75,-472,43,736,3709,-702,0,0
-74,-537,-14,721,3593,-764,0,0
-37,-545,-150,815,3787,-828,0,0
2,-612,-276,806,3867,-794,0,0
46,-506,-266,847,3800,-784,0,0
114,-419,-144,923,3727,-809,0,0
192,-469,-11,891,3725,-843,0,0
270,-373,65,813,3713,-854,0,0
354,-155,84,822,3783,-871,0,0
354,137,86,844,3770,-859,0,0
284,349,161,956,3691,-895,0,0
220,167,258,940,3649,-967,0,0
178,-9,342,866,3530,-961,0,0
153,-84,443,854,3480,-1059,0,0
145,-277,494,779,3500,-1094,0,0
126,-376,441,773,3567,-1109,0,0
89,-423,319,788,3644,-1121,0,0
58,-493,245,831,3543,-1107,0,0
28,-755,243,844,3449,-1116,0,0
-24,-973,214,757,3480,-1127,0,0
-105,-875,139,706,3556,-1119,0,0
-174,-616,76,767,3505,-1172,0,0
-187,-519,79,793,3439,-1222,0,0
-160,-438,123,778,3444,-1292,0,0
-90,-382,196,729,3590,-1455,0,0
-10,-325,240,683,3717,-1475,0,0
34,-199,265,586,3661,-1546,0,0
54,-98,299,580,3727,-1624,0,0
42,-137,285,535,3826,-1622,0,0
24,-139,253,471,3697,-1680,0,0
44,-91,247,474,3545,-1623,0,0
91,-55,216,483,3456,-1512,0,0
97,24,152,499,3399,-1452,0,0
57,85,75,547,3485,-1428,0,0
7,32,-21,529,3606,-1468,0,0
-26,18,-123,472,3627,-1509,0,0
-31,119,-218,506,3561,-1528,0,0
-26,159,-280,529,3489,-1515,0,0
-31,162,-320,514,3474,-1454,0,0
-52,212,-381,555,3528,-1456,0,0
-81,188,-455,611,3605,-1488,0,0
-83,168,-525,582,3669,-1470,0,0
-53,340,-531,608,3622,-1416,0,0
-21,494,-441,657,3606,-1455,0,0
15,528,-332,671,3567,-1448,0,0
45,504,-274,615,3591,-1463,0,0
79,551,-275,609,3584,-1438,0,0
107,582,-278,641,3459,-1406,0,0
142,558,-249,653,3403,-1340,0,0
174,588,-213,657,3563,-1258,0,0
174,631,-126,646,3702,-1297,0,0
177,634,-19,553,3645,-1202,0,0
158,758,20,574,3554,-1079,0,0
38,776,-19,700,3464,-1169,0,0
-76,441,-154,704,3445,-1279,0,0
-97,166,-289,611,3552,-1337,0,0
-39,194,-345,494,3709,-1422,0,0
83,512,-306,483,3626,-1319,0,0
193,870,-173,652,3414,-1269,0,0
242,783,-24,705,3183,-1117,0,0
208,586,28,702,3309,-914,0,0
70,352,-131,823,3859,-1076,0,0
-78,-43,-417,736,4115,-1053,0,0
-165,-52,-597,656,4099,-1078,0,0
-160,264,-530,643,3944,-1100,0,0
-92,556,-296,646,3659,-1110,0,0
-8,762,-65,653,3351,-1059,0,0
2,803,-3,741,3267,-1064,0,0
-50,543,-160,834,3318,-1106,0,0
-95,214,-407,812,3400,-1113,0,0
-105,116,-569,822,3703,-1142,0,0
-78,156,-586,838,4031,-1288,0,0
20,275,-426,738,4267,-1310,0,0
133,680,-156,713,4376,-1322,0,0
213,1016,186,745,3988,-1318,0,0
219,948,528,862,3645,-1298,0,0
111,357,725,824,3154,-1271,0,0
14,-307,766,679,2908,-1225,0,0
-51,-689,621,612,3148,-1253,0,0
-86,-900,334,490,3422,-1260,0,0
-35,-814,85,339,3723,-1245,0,0
61,-227,-37,256,3946,-1137,0,0
100,589,-62,367,3935,-1108,0,0
38,1027,10,611,3523,-1065,0,0
-109,770,81,819,3162,-1120,0,0
-249,-25,60,812,3098,-1139,0,0
-337,-687,-92,646,3583,-1198,0,0
-347,-842,-305,543,3925,-1211,0,0
-291,-562,-428,493,3958,-1111,0,0
-229,-115,-398,660,3886,-1114,0,0
-177,-34,-252,827,3824,-1091,0,0
