-56,17,-5,3845,-646,-410,0,0
-15,0,-3,3827,-657,-396,0,0
-5,-12,8,3855,-639,-388,0,0
4,-16,6,3881,-623,-374,0,0
44,-13,-3,3875,-628,-378,0,0
77,-4,-4,3852,-666,-406,0,0
46,2,-4,3850,-662,-442,0,0
21,-1,-3,3865,-657,-438,0,0
16,-6,-3,3871,-668,-426,0,0
2,-14,0,3846,-667,-411,0,0
-3,-6,7,3870,-679,-400,0,0
-11,-1,7,3861,-662,-419,0,0
-12,-7,6,3830,-672,-418,0,0
-26,-12,6,3851,-665,-395,0,0
-37,-7,5,3893,-662,-390,0,0
-48,5,4,3879,-649,-380,0,0
-59,16,2,3859,-641,-380,0,0
-83,33,-9,3891,-648,-390,0,0
-99,50,-27,3921,-630,-483,0,0
-75,19,-37,3875,-668,-502,0,0
-94,-49,-25,3831,-695,-383,0,0
-132,-86,8,3815,-632,-278,0,0
-99,-84,24,3833,-538,-240,0,0
34,-68,10,3819,-472,-277,0,0
176,-59,-6,3865,-519,-285,0,0
208,-25,-12,3876,-531,-317,0,0
229,27,-15,3795,-521,-446,0,0
322,48,-27,3793,-614,-517,0,0
338,53,-35,3834,-728,-563,0,0
257,32,-49,3847,-771,-561,0,0
172,-1,-28,3896,-788,-475,0,0
82,11,4,3920,-728,-456,0,0
10,53,8,3900,-606,-459,0,0
-1,102,-15,3983,-588,-375,0,0
5,221,-37,3946,-597,-389,0,0
-23,351,-28,3636,-651,-419,0,0
-119,424,-11,3144,-524,-485,0,0
-224,401,-10,2343,-645,-487,0,0
-605,377,24,1527,-340,-462,0,0
-533,324,37,1659,-423,-473,0,0
-409,372,53,2399,-938,-534,0,0
-286,450,-53,3398,-773,-694,0,0
-205,386,-341,4683,-1857,-1018,0,0
-1303,192,-580,6123,-1354,-1983,0,0
-2225,-2536,-458,6948,-849,-2453,0,0
-2928,-1211,26,7751,-178,-3266,0,0
-1899,-2147,231,8902,1160,-4769,0,0
-675,-3259,134,9963,319,-5307,0,0
-997,-4024,57,10864,-794,-4997,0,0
-1557,-4202,-415,10331,-690,-3471,0,0
-694,-3831,-1123,9763,-1086,-2676,0,0
1472,-3340,-1180,6495,-1002,-1317,0,0
3727,-2660,-298,825,-940,1422,0,0
1379,-1967,845,-1258,-1324,305,0,0
-797,-2341,924,-1274,1207,1936,0,0
-411,-2076,491,-1605,-176,3094,0,0
-1330,-1195,-111,781,-740,1566,0,0
-1023,-991,-433,2350,-1441,2066,0,0
-1231,-412,-206,1786,-775,3270,0,0
-111,486,568,1231,428,1911,0,0
-2512,1167,809,646,721,-5191,0,0
-2666,388,389,-312,2185,-4798,0,0
-1696,398,368,243,1486,-4912,0,0
958,733,-594,1943,160,-5331,0,0
3485,1428,-1033,2650,-2081,-6586,0,0
2457,1635,-861,3042,-3700,-7283,0,0
-672,1198,-587,3124,-1633,-6903,0,0
-646,731,-556,3287,-442,-6103,0,0
717,611,-325,2858,-997,-6279,0,0
119,271,-199,2905,-1402,-5681,0,0
-934,27,-452,2995,-567,-4789,0,0
-433,-15,-483,2758,-206,-4449,0,0
84,-161,-282,2736,-752,-4067,0,0
-264,-342,-213,2393,-529,-3372,0,0
-434,-432,-109,2027,-324,-2457,0,0
-110,-334,56,1603,-176,-2071,0,0
278,-133,306,1283,-326,-1857,0,0
399,243,467,1415,-464,-2165,0,0
23,536,328,1993,-494,-2704,0,0
-145,727,84,2456,-346,-3035,0,0
-106,811,-54,2894,-362,-3732,0,0
25,618,-50,3104,-228,-3594,0,0
719,469,72,2779,-123,-3335,0,0
1223,314,265,2208,-397,-2655,0,0
814,382,375,1889,-551,-3131,0,0
-243,329,241,2170,-572,-3610,0,0
-888,52,24,2281,-121,-3493,0,0
-859,-343,-207,3445,-617,-4593,0,0
-492,-721,-133,3759,-405,-6539,0,0
-757,-1116,246,4712,-834,-6874,0,0
-1,-1190,192,4363,-929,-3900,0,0
1798,-518,172,2207,-2385,-1974,0,0
1197,-162,306,374,-1919,-2729,0,0
605,-790,1116,-1815,1611,-556,0,0
530,-615,1420,-2252,497,197,0,0
-1275,-195,223,1354,-646,-1398,0,0
-3752,-376,-1112,1901,-357,-1437,0,0
232,-407,-984,665,-1159,-511,0,0
679,-5,-99,1224,-887,-1622,0,0
-236,-180,152,963,-877,-2228,0,0
-1580,-419,99,454,-518,-1983,0,0
-1645,-162,73,108,731,-1789,0,0
95,560,-4,1667,-279,-2492,0,0
1679,1302,-496,3717,-1158,-4339,0,0
2957,1787,-550,4274,-1720,-5497,0,0
2016,1711,-588,5433,-3178,-6801,0,0
6,1245,-335,5043,-1437,-8035,0,0
-568,550,-34,4914,-1002,-8632,0,0
-1478,-167,-136,5531,-455,-9245,0,0
-1934,-773,-612,5399,380,-8391,0,0
-1063,-1259,-959,5790,-521,-6777,0,0
-25,-1759,-957,4798,-1278,-4320,0,0
828,-2022,-485,990,-706,1002,0,0
2791,-1402,-8,-2905,750,4023,0,0
1257,-971,284,-1411,-1754,3319,0,0
-1140,163,-390,-788,70,2844,0,0
-666,954,-634,1086,-1743,742,0,0
81,1199,-340,2872,-1898,-455,0,0
443,1316,319,1498,-904,-1490,0,0
271,948,786,-34,-33,-1648,0,0
534,408,733,-743,529,-1816,0,0
370,32,600,545,-196,-3589,0,0
-206,-17,473,3129,-1184,-4296,0,0
-510,667,303,3166,-1632,-5079,0,0
-809,1063,-153,4844,-1253,-5812,0,0
1167,1343,-550,4238,-1428,-7319,0,0
1016,784,-516,6286,-3182,-8395,0,0
-608,-172,-197,6653,-1279,-7475,0,0
0,-494,324,6125,-1318,-7274,0,0
612,-616,211,6493,-2536,-6311,0,0
1070,-337,-346,6989,-3112,-1421,0,0
2751,160,-337,3664,-1128,1,0,0
2213,289,835,-4172,528,-3652,0,0
-834,-891,1831,-4151,1210,-2180,0,0
-2170,-1137,879,-1452,613,1329,0,0
-1710,-388,-440,-231,-240,59,0,0
-1411,-17,-1366,2182,-2481,-1309,0,0
-1147,366,-1444,2799,-1211,-1324,0,0
359,239,-603,644,-561,-1560,0,0
301,-666,541,-282,-1276,-1678,0,0
-836,-1220,1090,-387,-568,-1781,0,0
-1283,-1372,1296,844,-301,-3607,0,0
-976,-1464,1001,2674,-1408,-3176,0,0
-5,-431,379,2960,-556,-3387,0,0
2941,1520,137,3818,-1968,-9300,0,0
1766,1593,98,6940,-6197,-11914,0,0
-2982,1197,389,9688,-1858,-7120,0,0
2467,825,386,6858,709,-1591,0,0
3578,1298,-1582,-1861,-1269,-2982,0,0
517,1101,-1776,-4045,-2221,-7293,0,0
-429,-836,-72,-3391,1104,82,0,0
-1896,-489,-5,-12,-1282,576,0,0
-1786,86,-494,2163,-942,-2537,0,0
-294,-375,-1439,1957,-1035,-2864,0,0
270,-610,-1384,1050,-902,-2488,0,0
54,-1167,-606,868,-951,-2332,0,0
-2656,-1862,143,891,-1111,-2721,0,0
-1051,-2450,262,1565,-1420,-2297,0,0
-623,-2094,432,2463,-1637,-2384,0,0
1196,-588,817,3028,-1585,-3938,0,0
2748,1412,1113,4884,-2640,-7275,0,0
1347,2132,392,5381,-2246,-6568,0,0
63,1961,-542,4239,-769,-2128,0,0
879,2589,-650,1167,978,-3271,0,0
2052,1909,-329,-879,-766,-4241,0,0
274,1170,-458,198,-1179,-3527,0,0
-1353,796,-906,1290,-261,-3005,0,0
-1077,129,-920,1134,-843,-2311,0,0
-723,-351,-761,1028,-746,-1415,0,0
-358,-522,-501,282,-346,-1699,0,0
-396,-1005,-87,-2472,-1372,-1724,0,0
-1106,-1617,90,1689,-1954,-1176,0,0
-913,-1629,131,6442,-2046,-459,0,0
2926,81,1303,5884,-107,-4808,0,0
3893,1071,1580,5937,-5392,-9515,0,0
-1594,774,11,7165,-3919,-8799,0,0
-2541,530,-2488,7601,-1962,-8261,0,0
-444,32,117,3378,-2322,-6726,0,0
-133,-69,224,-1536,-935,-5222,0,0
-339,-1016,742,-2857,-742,-4307,0,0
-1468,-2039,673,-1707,-13,-1577,0,0
-1676,-2115,243,-288,-508,-318,0,0
-1422,-2034,-469,2207,-1820,1518,0,0
-969,-1322,-1201,2778,-2635,2264,0,0
-255,-231,-516,2114,-1344,1425,0,0
1432,324,699,598,421,-402,0,0
1681,325,1492,1254,-156,-3378,0,0
-834,-263,1271,1300,328,-6059,0,0
-2222,-336,605,941,1186,-6836,0,0
-1341,-130,-191,3575,1274,-7962,0,0
1014,560,-903,5466,-433,-10706,0,0
730,507,-1344,3929,-1100,-8999,0,0
48,277,-1062,4421,-1557,-5151,0,0
763,64,-747,983,-708,-1349,0,0
1667,229,-184,-2741,-1069,-2358,0,0
1263,-529,82,-974,-1355,-2420,0,0
-272,-943,194,-1080,-884,-106,0,0
-923,-688,55,-517,-332,1118,0,0
-506,-310,-204,491,-1193,849,0,0
185,202,-163,1471,257,2477,0,0
3138,787,-3000,2611,1809,5383,0,0
1412,2405,-884,445,-1674,-1699,0,0
-1030,1995,409,196,-908,-6407,0,0
-1820,725,508,2725,-1683,-9866,0,0
646,-259,505,4972,-3558,-10899,0,0
513,-125,648,6145,-4376,-11838,0,0
-1200,-26,81,6259,-2724,-11728,0,0
-1076,-650,-418,5565,-823,-6671,0,0
1582,106,-217,3858,-2253,-4886,0,0
446,400,-161,-423,707,-1473,0,0
386,-871,-443,-2748,-480,-63,0,0
-550,-1090,-218,273,-1101,-1276,0,0
-461,-1010,-63,933,-292,-421,0,0
165,-1143,189,1265,-823,451,0,0
650,-951,145,1285,101,986,0,0
1257,-416,369,-145,-1232,16,0,0
-909,-357,775,-460,-1461,307,0,0
-2469,-344,1067,-1348,-837,568,0,0
-752,-42,1793,-1426,-1203,-3241,0,0
-255,143,2119,2061,-1544,-6461,0,0
-490,499,1480,2756,-366,-8236,0,0
74,1453,805,3774,-204,-13072,0,0
489,1195,141,7138,-1753,-12805,0,0
-272,463,-366,6914,-1316,-5778,0,0
1522,681,-828,2902,-425,-2822,0,0
2269,233,-558,-4778,-66,-1624,0,0
-665,121,-285,-4745,1129,-1396,0,0
-1582,127,-1283,-1329,186,-1423,0,0
-614,68,-1102,-516,-1439,-1056,0,0
489,-107,-968,1020,-1811,-832,0,0
1088,5,-660,555,-1769,-1663,0,0
565,-73,-104,715,-1667,-2348,0,0
-842,-1054,199,1712,-734,-2243,0,0
-632,-2407,881,2838,615,-1188,0,0
1372,-1851,1795,3959,-944,-5035,0,0
1068,-41,1208,2269,-1813,-8399,0,0
-329,2109,-92,2834,-2435,-9511,0,0
-1458,3434,-1406,4413,-2467,-5761,0,0
-938,4108,-2124,3267,536,-7121,0,0
2070,2387,-1289,-1606,-2201,-3936,0,0
1111,557,-413,-444,-892,-2867,0,0
-825,-106,-510,-34,-1180,-2616,0,0
-1007,-487,-699,1520,-1519,-1984,0,0
-103,-586,-551,1190,-1533,-879,0,0
44,-690,-308,1400,-635,-976,0,0
722,-1061,533,-360,-569,19,0,0
988,-3224,1376,-478,60,-1311,0,0
1296,-1285,1770,505,-293,-2180,0,0
-51,-1340,1434,4396,-2536,-4553,0,0
-750,-1082,518,5219,-1669,-5788,0,0
1199,218,832,4337,-1470,-8612,0,0
2173,832,798,6358,-4657,-12843,0,0
-78,-101,89,7744,-2485,-8514,0,0
986,-1303,-663,5109,3127,-2208,0,0
5264,-1375,-2019,-4631,-698,1120,0,0
1045,-551,-1382,-5845,-4563,-3037,0,0
-2375,-676,-987,-1691,-3074,822,0,0
-2390,553,-673,-1276,-3455,-228,0,0
-1384,677,-538,1164,-2274,-1460,0,0
-1163,296,-596,2000,-2240,-1460,0,0
-1404,-24,-378,2047,-1019,-2505,0,0
-871,-916,375,803,-349,-2149,0,0
-419,-1442,988,622,-69,-2050,0,0
-327,-1496,1322,2059,-463,-2950,0,0
109,-774,1367,2168,-417,-6229,0,0
-632,79,1364,2748,-1537,-6331,0,0
80,1082,463,5001,-1506,-6416,0,0
2378,1462,-647,5255,-2691,-5868,0,0
2695,1141,-289,2749,-1073,-4158,0,0
1981,838,345,-3552,-1364,-3224,0,0
-94,783,114,-2399,-1199,-2953,0,0
-1456,473,-573,229,-150,-2678,0,0
-1442,113,-540,-151,-917,-1066,0,0
-179,130,-473,177,-830,380,0,0
1893,314,-398,525,-1662,1824,0,0
1449,832,-333,-373,-2195,4177,0,0
1620,1734,287,53,-1535,137,0,0
2113,1309,1338,1753,-2519,-3427,0,0
1010,891,1263,5659,-4754,-3510,0,0
-765,1673,483,7975,-6093,-6055,0,0
-411,2156,6,8111,-5843,-8757,0,0
-835,1583,-581,9257,-6240,-10770,0,0
-1418,475,-678,9777,-8263,-8159,0,0
-2620,163,-38,7866,-6179,-5062,0,0
-2279,-1036,321,1102,4,-5761,0,0
-2957,-2815,682,-3177,-942,-2694,0,0
-3207,-3548,568,44,-278,756,0,0
-2502,-3127,-524,-968,-61,714,0,0
-493,-3046,-730,86,-2579,1666,0,0
506,-2492,-1052,899,-652,5488,0,0
332,-429,-1790,2148,-1107,3580,0,0
796,1163,-898,2637,-1918,725,0,0
1634,945,441,1779,-352,-517,0,0
1418,93,1193,1048,-944,-1949,0,0
-366,281,2136,1752,-1882,-6450,0,0
-2194,819,2210,2599,-940,-8671,0,0
-3074,2151,1046,4130,-614,-8476,0,0
-1043,3605,-761,7622,-1525,-7833,0,0
2091,3109,-2520,5515,-531,-4719,0,0
4403,1569,-1601,-656,-2237,-3125,0,0
3782,752,627,-4580,-3276,-3609,0,0
-51,-11,102,-825,-1105,-2183,0,0
-1232,360,-625,288,-1492,-2148,0,0
120,547,-613,-93,-1132,-968,0,0
1200,630,-300,994,-2424,225,0,0
153,1006,-127,1586,-1383,356,0,0
949,219,1038,328,-893,47,0,0
729,-660,2119,1763,-561,-2391,0,0
794,-1091,1755,6788,-2732,-5346,0,0
909,52,281,7799,-4414,-8437,0,0
-764,1199,-704,7226,-6456,-10494,0,0
-3222,1876,-1856,8914,-4569,-10001,0,0
-4211,723,-2787,7265,-2701,-5500,0,0
-2108,-224,-1765,202,-500,-8,0,0
2519,-776,-630,-1417,-765,-729,0,0
1645,-1098,-487,-1195,-1087,-1083,0,0
-919,-1139,-1187,544,-1482,-2030,0,0
-908,-1273,-1124,2027,-1150,-1000,0,0
-227,-1138,-1004,2474,12,-708,0,0
516,-1189,-278,1307,-685,-2420,0,0
368,-2064,544,1504,-625,-2561,0,0
-713,-2954,701,2592,-293,-2033,0,0
-1431,-2970,496,3066,-347,-2862,0,0
-1409,-1991,574,1239,1259,-5744,0,0
-2736,-1063,927,1201,1022,-5882,0,0
1555,504,617,2344,170,-7228,0,0
2179,736,-648,4427,-568,-3496,0,0
2989,1447,-856,913,-1111,-3827,0,0
2248,900,-188,-2582,-1670,-1796,0,0
687,113,33,-1136,-700,-1651,0,0
-766,-106,415,-347,-421,-1476,0,0
-270,-236,763,-611,-260,-1002,0,0
-462,101,319,-1312,1222,2200,0,0
-1662,1792,-1931,578,199,2097,0,0
-1316,2082,-2166,4469,-709,-2703,0,0
2844,827,766,629,239,-880,0,0
42,-465,2254,2102,-1953,-4994,0,0
-837,-779,1906,3609,294,-9168,0,0
1855,-989,1733,4329,-1968,-10610,0,0
1693,-741,1488,4017,-5017,-10769,0,0
95,-306,646,2773,-4703,-13023,0,0
-2002,-909,-515,2301,-2485,-9064,0,0
-1496,-770,-1296,2765,-2128,-4111,0,0
203,-578,-1557,838,-1772,-2097,0,0
-12,-734,-493,-2162,-773,1279,0,0
-1174,-467,-541,-489,-333,2174,0,0
-1372,-187,-802,436,-1398,1353,0,0
-512,-59,52,180,-871,1621,0,0
237,212,689,472,-419,559,0,0
675,292,559,152,63,-1240,0,0
869,-45,417,-947,460,-2439,0,0
569,-555,217,-1351,35,-4235,0,0
148,-1316,-31,109,-638,-8384,0,0
1693,-2002,-110,1566,-4292,-9266,0,0
1856,-2912,1599,-1088,-5897,-11432,0,0
18,429,1019,-9,-4676,-13772,0,0
-1824,22,-378,3199,-2380,-3981,0,0
-1289,989,-821,1214,290,-1044,0,0
457,947,-673,-2087,354,1156,0,0
886,-24,-498,-2083,692,2966,0,0
-644,542,-24,-1786,-580,-439,0,0
-651,558,-19,-44,42,-570,0,0
287,674,-461,1192,-1095,-832,0,0
601,999,-557,566,-1365,-3062,0,0
674,430,-104,649,-1848,-2752,0,0
-158,-577,480,756,-1840,-2376,0,0
36,-1596,1293,1118,-2021,-2961,0,0
883,-1007,1670,515,-1780,-7210,0,0
763,733,1537,-632,-3689,-12630,0,0
-1912,1175,405,1467,-3128,-11960,0,0
-1841,843,-1780,4934,-1475,-8927,0,0
-5,858,-1771,3117,-1227,-5686,0,0
395,666,-342,-80,-347,-5136,0,0
-775,-799,351,-337,212,-1528,0,0
-1046,-1158,-342,-3080,13,942,0,0
-1133,-512,-730,-1515,-623,261,0,0
-969,-449,-863,-443,-1023,100,0,0
-561,-544,-869,-31,-1910,985,0,0
-799,-190,-652,58,-1132,1213,0,0
412,337,106,260,157,-759,0,0
1470,32,838,662,-556,-3802,0,0
-41,-461,1215,1634,-721,-6081,0,0
-1020,-87,1004,900,1646,-9794,0,0
-87,798,517,355,182,-12094,0,0
-1243,1323,-515,2612,-1176,-10987,0,0
-616,885,-1217,3280,185,-5701,0,0
4020,261,-1002,-770,-1588,-1730,0,0
2872,-137,-482,-2423,-3389,-2512,0,0
-850,-178,17,-283,-1164,-1181,0,0
-598,32,82,139,1096,894,0,0
1183,246,137,-371,-1145,-1023,0,0
-277,94,94,573,-1392,-1450,0,0
-940,30,-83,971,-1136,196,0,0
-112,369,280,565,-1101,-21,0,0
-496,379,998,254,346,-1943,0,0
-133,-79,1535,1324,305,-3873,0,0
1348,100,1407,3799,-957,-9266,0,0
945,875,1119,3089,-1998,-13901,0,0
92,918,291,4538,-4051,-11215,0,0
1113,687,-657,6724,-4432,-5886,0,0
2877,-140,-186,2301,-2086,-3052,0,0
2422,-665,165,-5500,2528,122,0,0
928,109,-480,-4935,782,-1487,0,0
-1506,400,-1320,-1022,245,-1433,0,0
-1136,528,-962,590,-2152,-823,0,0
-1720,508,-30,2022,-2992,-1672,0,0
-1050,149,445,876,-1168,-1750,0,0
145,-389,914,-64,-820,-1742,0,0
-349,-844,1065,180,-750,-2348,0,0
-926,-910,592,1692,-1876,-2816,0,0
-140,-617,-572,4544,-3390,-3437,0,0
2249,-9,-847,3032,-3003,-3839,0,0
3539,580,-54,1762,-4358,-5258,0,0
1497,833,-629,1215,-2675,-5332,0,0
534,1462,-1351,304,-2119,-5391,0,0
105,1684,-1455,2027,-3726,-7317,0,0
-1624,1049,-815,2785,-4378,-6624,0,0
-2458,239,167,3641,-3718,-5027,0,0
-1024,-498,519,3651,-1645,-1164,0,0
1111,-392,323,2093,-1185,476,0,0
419,334,863,-217,-1048,-1122,0,0
-1560,245,1089,-1134,208,228,0,0
-980,376,1292,-1578,753,-2524,0,0
-474,-22,1437,-890,-1551,-8791,0,0
-2646,-930,705,731,-3369,-9347,0,0
-2606,-1349,22,4591,-5763,-9952,0,0
-1752,-1584,181,7197,-6585,-7840,0,0
-699,-1455,333,5246,-4433,-3187,0,0
-264,-580,457,1898,473,2131,0,0
957,264,324,-1393,1825,4732,0,0
-86,1241,28,-642,742,1871,0,0
-975,1641,-495,1005,1030,1252,0,0
11,1877,-728,2501,272,-635,0,0
863,1349,-1194,2206,309,-2685,0,0
1364,196,-1295,1151,745,-2602,0,0
1888,-640,-1247,-261,239,-2994,0,0
1753,-807,-1017,-834,-1316,-5591,0,0
1799,-246,-1398,3078,-4646,-8914,0,0
648,187,-572,7894,-6693,-12591,0,0
-1535,360,1137,6490,-5410,-12952,0,0
-2721,-372,1458,5761,-985,-6844,0,0
-251,-436,663,2397,2803,-1763,0,0
852,572,-478,-4746,4462,-1396,0,0
-1556,819,-2022,-1677,1820,-2488,0,0
-1757,-77,-3568,1894,-193,-422,0,0
-641,-152,-3164,2756,-2549,133,0,0
17,-467,-1356,3004,-2796,-914,0,0
878,-1193,89,1650,-1984,-1130,0,0
964,-1866,903,765,-1424,-944,0,0
186,-2181,1171,588,-896,-561,0,0
119,-2203,1201,1475,-797,-8,0,0
1501,-1740,1245,2997,-678,129,0,0
4304,-850,1359,2797,-165,-1834,0,0
5795,-283,622,2952,-2080,-3369,0,0
4555,1198,-1097,56,-5283,-6279,0,0
273,3146,-2426,2984,-7485,-14803,0,0
-3699,2492,-2120,6139,-8549,-14560,0,0
-3516,1304,-22,3480,-2840,-12335,0,0
15,-833,433,-4837,2175,-4731,0,0
752,-2519,-1101,-5550,-731,-272,0,0
-414,-3313,-2484,133,-2400,2614,0,0
569,-1977,-1715,146,-3521,2346,0,0
758,-68,155,739,-3693,-355,0,0
-1674,757,402,1798,-2226,-95,0,0
-2892,971,249,1790,-1219,486,0,0
-2605,830,338,1473,-568,-244,0,0
-1978,200,708,1250,-273,-343,0,0
-1136,-331,982,2586,-499,968,0,0
917,-99,1285,5432,-693,2429,0,0
4569,2452,1926,8362,-661,1126,0,0
7103,5293,577,11448,-2080,-6214,0,0
1176,5536,-3041,9860,600,-4545,0,0
-629,6170,-4523,13125,3543,-3143,0,0
6015,5279,-4911,12753,513,-3216,0,0
8539,3184,-5765,9683,-2771,-2982,0,0
6289,901,-5579,6317,-3160,-1192,0,0
1993,-311,-4115,4509,-3393,-478,0,0
-1720,-533,-2876,4568,-2295,-657,0,0
-2182,-638,-2081,3886,-2066,-59,0,0
-567,-499,-1375,2910,-1920,204,0,0
870,-429,-477,2282,-2161,-306,0,0
299,-634,567,2682,-2578,-464,0,0
-1339,-989,1575,3400,-2192,77,0,0
-2083,-1434,2723,4885,-1374,376,0,0
-1529,-1925,3955,6696,-929,440,0,0
-619,-2176,5035,8514,-889,228,0,0
-55,-2122,5677,9033,-721,-5,0,0
203,-1806,5822,9457,-1424,-538,0,0
-1125,-1714,5262,8637,-1203,-1104,0,0
-2293,-1918,4343,6824,-423,-1033,0,0
-2573,-2020,3561,5691,-332,-894,0,0
-2273,-1952,2860,4524,173,-656,0,0
-965,-1748,2201,3485,289,-556,0,0
364,-1313,1645,2676,-110,-346,0,0
984,-690,1087,2193,-391,-499,0,0
855,-154,248,1940,-735,-630,0,0
317,215,-904,1848,-1326,-843,0,0
-445,553,-1964,2060,-1851,-1274,0,0
-126,875,-2298,2567,-2516,-1457,0,0
757,960,-2082,3101,-3297,-2230,0,0
642,787,-1859,3617,-3313,-2140,0,0
569,878,-1874,3479,-2631,-1971,0,0
1063,1024,-1851,3159,-2347,-2401,0,0
699,1017,-1778,3437,-2286,-2126,0,0
-38,1096,-1896,3960,-1785,-1971,0,0
-102,1066,-1949,4018,-1354,-1626,0,0
230,993,-1869,3750,-1018,-1527,0,0
805,943,-1671,3445,-908,-1305,0,0
1421,985,-1561,3318,-827,-1112,0,0
2794,890,-1468,3523,-1135,-1350,0,0
3817,380,-1273,3645,-2220,-1560,0,0
1613,89,-1178,3673,-1962,-934,0,0
-230,195,-1013,3845,-1323,-686,0,0
-209,304,-581,3870,-714,-889,0,0
507,172,-4,3704,-552,-1150,0,0
348,-41,468,3621,-370,-1364,0,0
-857,-291,557,3641,246,-1401,0,0
-1825,-549,428,3492,637,-769,0,0
-1029,-608,559,3249,494,-289,0,0
898,-648,967,3979,-13,-169,0,0
2716,-484,1200,5303,-699,-58,0,0
3520,-140,945,4968,-1096,-594,0,0
2657,-61,326,3502,-1516,-800,0,0
1846,-156,-158,3017,-1344,-648,0,0
1554,-107,-383,3273,-1275,-628,0,0
1694,34,-385,3794,-1180,-796,0,0
2312,127,-298,4184,-1584,-906,0,0
2096,249,-173,3924,-2049,-772,0,0
716,367,-123,3856,-2309,-768,0,0
-1447,334,-313,4000,-1985,-663,0,0
-2716,224,-504,3848,-1472,-464,0,0
-2863,45,-547,3571,-1217,-300,0,0
-2470,-84,-552,3569,-891,-179,0,0
-1148,-128,-550,3885,-851,-367,0,0
181,-219,-517,4444,-1080,-364,0,0
925,-354,-458,4381,-1060,-244,0,0
1623,-403,-182,3690,-1140,-101,0,0
1989,-338,278,3442,-1152,-288,0,0
1830,-238,664,3423,-1215,-512,0,0
1073,-44,840,3617,-1185,-531,0,0
131,139,540,4157,166,-978,0,0
509,54,-175,4190,475,-1213,0,0
832,124,-554,3830,-808,-760,0,0
321,459,-570,3775,-1085,-790,0,0
-46,584,-494,3901,-1020,-864,0,0
-539,407,-383,3915,-1157,-764,0,0
-1249,162,-245,3890,-1042,-528,0,0
-1558,-11,-70,3839,-862,-368,0,0
-1382,-160,69,3867,-689,-402,0,0
-989,-304,141,3875,-580,-359,0,0
-419,-365,189,3848,-527,-209,0,0
174,-294,218,3829,-597,-177,0,0
211,-114,190,3822,-599,-378,0,0
-275,46,61,3841,-231,-665,0,0
-390,88,-122,3833,181,-746,0,0
78,70,-201,3884,-153,-634,0,0
321,71,-124,3881,-563,-559,0,0
278,52,-10,3884,-713,-459,0,0
147,44,58,3911,-765,-417,0,0
9,57,73,3904,-690,-519,0,0
-6,61,55,3850,-587,-617,0,0
93,55,33,3873,-554,-672,0,0
98,29,28,3863,-638,-676,0,0
-137,9,38,3940,-686,-616,0,0
-370,18,46,3911,-608,-614,0,0
-451,10,54,3867,-619,-610,0,0
-520,-14,53,3872,-676,-551,0,0
-562,-47,58,3932,-692,-491,0,0
-501,-78,94,3922,-680,-438,0,0
-417,-94,162,3852,-656,-424,0,0
-403,-88,218,3824,-617,-434,0,0
-441,-69,215,3839,-570,-470,0,0
-485,-51,143,3851,-530,-460,0,0
-386,-24,43,3811,-466,-443,0,0
-95,6,-13,3791,-543,-461,0,0
86,25,-22,3835,-648,-499,0,0
119,6,-27,3874,-681,-521,0,0
122,-27,-30,3899,-673,-525,0,0
160,-48,-14,3876,-635,-548,0,0
242,-59,16,3836,-605,-555,0,0
277,-49,32,3847,-613,-567,0,0
264,-30,21,3854,-595,-592,0,0
288,-18,-2,3855,-651,-589,0,0
320,7,-18,3893,-707,-578,0,0
343,41,-24,3986,-738,-635,0,0
334,46,-20,3932,-749,-698,0,0
220,6,-9,3879,-802,-691,0,0
49,-46,5,3823,-736,-646,0,0
37,-94,30,3786,-707,-554,0,0
103,-95,37,3829,-678,-512,0,0
199,-56,16,3803,-651,-541,0,0
317,-5,-12,3839,-690,-601,0,0
418,36,-41,3844,-734,-678,0,0
441,48,-57,3838,-816,-701,0,0
342,38,-38,3832,-865,-664,0,0
221,22,-2,3872,-892,-655,0,0
92,2,14,3915,-866,-664,0,0
9,-14,13,3909,-830,-658,0,0
-31,-27,13,3874,-813,-638,0,0
-93,-35,11,3893,-794,-608,0,0
-173,-39,8,3851,-750,-576,0,0
-226,-40,7,3759,-731,-541,0,0
-223,-12,10,3777,-685,-497,0,0
-166,43,5,3906,-687,-534,0,0
-132,89,-17,3912,-727,-584,0,0
-99,106,-31,3925,-787,-641,0,0
-36,91,-5,3878,-850,-684,0,0
-58,67,33,3794,-898,-692,0,0
-162,38,49,3734,-884,-719,0,0
-274,-1,45,3766,-868,-707,0,0
-448,-58,30,3800,-887,-614,0,0
-635,-97,28,3900,-787,-522,0,0
-620,-119,44,3922,-670,-474,0,0
-514,-120,74,3888,-586,-451,0,0
-415,-90,76,3934,-517,-473,0,0
-306,-45,34,3944,-454,-487,0,0
-121,-14,-10,3870,-468,-507,0,0
90,2,-15,3841,-551,-514,0,0
216,22,-9,3839,-585,-571,0,0
285,25,-27,3807,-627,-633,0,0
318,9,-47,3812,-704,-628,0,0
352,11,-46,3897,-749,-634,0,0
356,17,-26,3897,-779,-660,0,0
283,18,1,3820,-728,-676,0,0
203,18,13,3783,-685,-668,0,0
131,30,-14,3888,-695,-643,0,0
92,41,-61,3904,-746,-635,0,0
73,32,-75,3874,-803,-614,0,0
62,-1,-31,3838,-799,-585,0,0
21,-28,35,3848,-758,-537,0,0
-11,-25,58,3821,-638,-559,0,0
24,-13,42,3846,-608,-609,0,0
54,14,13,3912,-650,-640,0,0
54,7,15,3882,-740,-631,0,0
-5,-11,47,3867,-765,-591,0,0
-17,-19,77,3875,-758,-581,0,0
14,-19,75,3825,-759,-569,0,0
22,-5,44,3822,-782,-583,0,0
5,12,19,3846,-783,-633,0,0
-21,12,15,3868,-805,-656,0,0
-70,-2,23,3842,-796,-680,0,0
-121,-24,40,3831,-769,-638,0,0
-140,-40,49,3838,-751,-613,0,0
-111,-50,44,3843,-750,-605,0,0
-57,-58,39,3880,-782,-584,0,0
-6,-59,43,3811,-750,-582,0,0
41,-55,56,3733,-724,-547,0,0
83,-7,39,3893,-698,-552,0,0
173,33,-25,4002,-755,-577,0,0
244,57,-85,4080,-878,-560,0,0
315,100,-92,3842,-846,-653,0,0
376,93,-16,3609,-852,-675,0,0
318,68,27,3733,-884,-725,0,0
168,28,16,3825,-890,-740,0,0
54,-14,-5,3914,-923,-659,0,0
-23,-26,-2,3862,-873,-590,0,0
-89,-13,12,3903,-849,-552,0,0
-157,25,-20,3888,-759,-555,0,0
-146,52,-46,3804,-770,-553,0,0
-139,62,-48,3832,-834,-581,0,0
-190,39,-21,3834,-825,-583,0,0
-222,-10,23,3823,-776,-539,0,0
-208,-54,52,3861,-742,-460,0,0
-186,-44,49,3978,-710,-384,0,0
-141,14,12,3985,-629,-447,0,0
7,51,-8,3835,-651,-547,0,0
46,43,11,3787,-742,-570,0,0
3,7,39,3755,-763,-519,0,0
-16,-20,46,3774,-808,-415,0,0
2,15,-1,3951,-834,-425,0,0
70,64,-50,3912,-856,-521,0,0
47,64,-39,3824,-866,-598,0,0
-132,42,4,3879,-741,-660,0,0
-225,10,21,3985,-632,-615,0,0
-174,-39,14,3894,-704,-491,0,0
-120,-59,15,3883,-813,-344,0,0
-116,-17,2,3844,-795,-359,0,0
-108,12,-5,3789,-705,-427,0,0
-31,18,-15,3865,-628,-532,0,0
1,2,-18,3939,-666,-540,0,0
-79,6,-10,3920,-669,-516,0,0
-113,31,-3,3881,-694,-522,0,0
-104,60,-28,3914,-744,-572,0,0
-82,48,-60,3852,-792,-612,0,0
-107,-1,-67,3754,-833,-535,0,0
-193,-6,-51,3807,-797,-519,0,0
-257,5,-34,3858,-738,-515,0,0
-316,14,-34,3865,-718,-505,0,0
-376,34,-35,3895,-600,-557,0,0
-306,30,-31,4041,-572,-559,0,0
-174,15,-34,4057,-589,-584,0,0
-68,11,-13,3933,-651,-607,0,0
-53,21,22,3783,-677,-601,0,0
-120,20,29,3702,-711,-589,0,0
-219,22,-7,3717,-727,-551,0,0
-297,34,-67,3778,-707,-547,0,0
-322,12,-108,3828,-664,-522,0,0
-264,-21,-109,3859,-597,-522,0,0
-190,-54,-79,3934,-503,-556,0,0
-106,-81,-27,3976,-507,-474,0,0
-87,-34,-5,4054,-517,-358,0,0
49,127,-28,4108,-597,-475,0,0
289,311,-41,4065,-682,-719,0,0
340,428,-47,3809,-764,-909,0,0
348,400,-58,3620,-697,-1179,0,0
242,184,-104,3730,-787,-1405,0,0
-395,-83,-191,3907,-823,-1230,0,0
-1193,-284,-249,3884,-611,-1028,0,0
-1806,-420,-163,4149,-317,-852,0,0
-1864,-538,149,4170,-272,-576,0,0
-1615,-559,625,3603,-353,-55,0,0
-1246,-389,1001,3344,-192,10,0,0
-714,-175,1030,3273,-201,-206,0,0
-507,53,831,3233,-656,-325,0,0
-961,323,617,3545,-705,-453,0,0
-1468,535,427,4076,-514,-584,0,0
-2311,708,227,4473,-301,-363,0,0
-2943,930,92,4473,-730,-20,0,0
-2209,998,189,4079,-1075,-46,0,0
-1365,764,207,3909,-1367,94,0,0
-1396,520,2,4089,-1474,290,0,0
-1253,342,-243,4004,-1269,339,0,0
-678,286,-353,3519,-1167,360,0,0
-141,350,-220,3293,-1036,27,0,0
186,379,25,3312,-1024,-118,0,0
167,430,171,2918,-973,-266,0,0
-526,481,109,1463,-610,-792,0,0
-1018,398,-81,344,219,-1509,0,0
-368,-267,-121,2103,-818,-1196,0,0
-622,-429,104,5028,-1135,-1201,0,0
-1258,-734,118,8577,-1061,-3053,0,0
-1597,-1542,141,8377,-526,-2425,0,0
-521,-2070,428,9617,-828,-3633,0,0
564,-2629,595,10637,-2219,-3983,0,0
-415,-2919,393,11943,-2715,-3418,0,0
-1574,-2880,250,10898,-2767,-2710,0,0
-2337,-2494,342,6539,-1196,-721,0,0
-648,-1342,428,-2389,989,1796,0,0
748,-2944,537,-5683,48,750,0,0
301,-1958,-193,-1337,-836,1348,0,0
-259,-1640,-65,-1128,-1221,1161,0,0
-856,-1143,-27,2190,-879,402,0,0
-425,-1000,-364,4620,-1326,1242,0,0
460,-122,-382,3060,-300,923,0,0
1993,684,432,82,548,-114,0,0
1353,634,860,-700,-114,-1084,0,0
-1377,375,748,-2144,838,-3039,0,0
-3113,-649,179,459,913,-2962,0,0
-2758,-1172,-247,2489,1301,-2372,0,0
-398,-733,-558,2660,689,-4751,0,0
1882,89,61,3742,-839,-5835,0,0
3377,1306,-80,5500,-2421,-8949,0,0
1162,1336,-923,6748,-3882,-13191,0,0
-2769,-268,-387,7353,374,-10361,0,0
-385,-1132,2,7537,1599,-9555,0,0
2873,-1801,-390,3325,-2185,-5430,0,0
1424,-757,-1119,-2702,-3375,-4848,0,0
43,-766,-1633,-4479,-1043,5223,0,0
-92,-38,-1053,-2678,-1696,3116,0,0
-1986,563,-971,272,-930,897,0,0
-959,326,-547,1645,13,1938,0,0
-232,380,-24,1874,-663,1063,0,0
541,697,603,1825,-135,-790,0,0
1107,639,1053,595,-217,-370,0,0
627,698,831,267,27,1458,0,0
10,791,662,-351,-122,874,0,0
335,747,1237,-703,-455,-3964,0,0
-163,439,1472,3743,-2036,-9270,0,0
-948,-629,1356,5280,-904,-8596,0,0
-378,-629,1018,5174,-2151,-8813,0,0
434,-14,116,6032,-2483,-12058,0,0
-399,-359,-75,6027,-3411,-12063,0,0
-1959,-814,-431,5477,-2226,-11386,0,0
-1792,-1161,-490,5682,-1759,-11846,0,0
-1716,-2533,-455,3863,-1164,-5948,0,0
-38,-2990,-931,-1180,2042,4893,0,0
2603,-1486,-1437,-1799,-1889,5935,0,0
-1271,141,-737,19,-4401,2532,0,0
-3737,589,47,79,2544,5184,0,0
537,440,175,343,443,3405,0,0
1179,732,697,976,-840,-739,0,0
172,464,807,840,545,-1103,0,0
397,174,682,579,218,-1160,0,0
867,-79,657,222,-4,-729,0,0
237,139,225,-342,-231,-301,0,0
-370,682,-151,621,-58,-2324,0,0
1509,1150,-107,1621,-600,-3196,0,0
3160,2592,400,6676,-3658,-9806,0,0
1587,1993,-5,8379,-4588,-15432,0,0
-1528,327,126,6492,-3192,-14009,0,0
-2351,-1377,1101,9042,899,-12738,0,0
-349,-2072,822,4845,-131,-10576,0,0
-1659,-1392,-366,803,-1802,-3264,0,0
-1330,-390,-1975,-7294,-3019,4543,0,0
-673,33,-2364,-1806,-3553,-1095,0,0
-1377,-625,-1831,1734,-1722,166,0,0
-996,-353,-738,117,80,1426,0,0
188,-341,89,506,-324,457,0,0
724,-414,201,898,-383,205,0,0
920,-437,292,871,-414,114,0,0
910,-396,478,945,-469,-219,0,0
186,-499,726,1453,108,-328,0,0
51,-470,1315,197,1807,-1553,0,0
-916,-41,1665,437,1640,-5043,0,0
-2043,214,1331,1132,2902,-6327,0,0
-547,982,862,2259,2340,-10060,0,0
81,1483,-113,4217,817,-14060,0,0
-1812,1021,-67,5805,3658,-11681,0,0
-508,503,158,6077,2411,-9185,0,0
-731,498,-474,1831,1169,-3767,0,0
1252,421,-1987,-3017,-2270,-180,0,0
1722,365,-1882,-4571,-3201,282,0,0
241,-184,-3128,-1082,-977,803,0,0
1028,-475,-698,940,-996,1983,0,0
1807,138,657,1030,213,-837,0,0
890,-65,296,852,223,-1439,0,0
-288,-358,177,-105,646,-1187,0,0
30,-186,245,-450,844,-2317,0,0
504,185,227,873,-102,-5289,0,0
94,529,129,1892,-739,-7725,0,0
144,656,17,2712,-1676,-6509,0,0
3259,1195,-322,5973,-2161,-8462,0,0
5954,1147,154,6045,-5437,-10768,0,0
3511,313,1665,6226,-7820,-9354,0,0
-445,-70,1836,5523,-5703,-7682,0,0
-2725,-676,619,1815,-2154,-3508,0,0
-3487,-850,-646,-4576,-609,-457,0,0
-2007,-929,-666,-3435,-568,558,0,0
-731,-802,-290,-1195,142,1951,0,0
-852,97,-291,-785,-930,470,0,0
-1069,385,-231,229,-894,-431,0,0
-778,169,-394,720,-750,345,0,0
-140,267,-528,1008,-633,389,0,0
488,344,-409,2081,-741,-324,0,0
458,168,69,1212,-306,-1072,0,0
-405,358,1098,-269,711,-3625,0,0
-1073,-79,1002,2034,-335,-4385,0,0
-646,59,349,2766,-271,-5893,0,0
385,821,15,4987,-2393,-10449,0,0
295,509,-17,6197,-2347,-16058,0,0
-3035,-975,263,5111,1118,-15906,0,0
-2713,-1992,-147,4447,4952,-14113,0,0
498,-2746,-1514,1856,1511,-4470,0,0
2857,-2923,-2486,-645,-6384,5560,0,0
-641,-765,-1432,-1500,-4879,7910,0,0
-1224,1134,157,-747,389,5772,0,0
769,1307,386,524,-287,1398,0,0
437,1384,146,1035,-253,-596,0,0
-462,1485,129,945,698,-1062,0,0
-159,1249,124,1309,673,-1694,0,0
859,723,133,943,616,-2611,0,0
1103,36,293,-26,266,-3106,0,0
444,-561,270,-290,-294,-3378,0,0
2,-569,-21,94,-801,-4229,0,0
1268,204,-264,-52,-1266,-4917,0,0
2651,1413,418,615,-3792,-8065,0,0
256,1468,-5,4829,-4368,-11090,0,0
-2211,372,-237,6734,-1418,-11327,0,0
-1395,-469,557,5617,-94,-9703,0,0
-240,-484,624,5361,-1358,-7874,0,0
-601,-351,-200,4119,-192,-4870,0,0
1223,-973,-1242,-736,3325,1709,0,0
3026,-362,-1665,-4080,-3092,1796,0,0
-1192,433,-922,383,-2704,-2323,0,0
-2962,-8,-161,399,452,1341,0,0
-437,168,368,-438,-167,925,0,0
1880,504,276,-534,-785,495,0,0
3892,979,-90,-1155,-1672,702,0,0
1861,994,-511,-53,-2361,-1088,0,0
-286,633,-539,-144,-1210,-1176,0,0
-241,684,237,375,-1632,-1991,0,0
-962,502,1144,2918,-1787,-2631,0,0
647,692,1521,4801,-719,-3576,0,0
3205,1372,1603,7113,-3555,-5552,0,0
947,1630,11,7732,-3946,-8617,0,0
-1547,998,-794,8435,-5648,-10376,0,0
-873,48,184,8502,-4935,-11019,0,0
-549,-854,21,5374,-4857,-7391,0,0
-1764,-665,-865,2786,-1732,-7118,0,0
-2542,-1556,-848,-613,-403,-3828,0,0
-2082,-2419,-668,126,-885,-1492,0,0
-857,-2892,-1056,1166,-225,44,0,0
768,-2821,-1389,255,-1029,732,0,0
1971,-2786,-697,1042,-1625,528,0,0
1418,-2495,28,905,-1273,1292,0,0
-519,-1908,292,681,-1352,2242,0,0
-1887,-1083,422,-252,-724,1712,0,0
-1867,-569,647,-877,-482,86,0,0
-2194,-203,820,-1918,252,-1393,0,0
-2756,899,910,-3264,1167,-4409,0,0
-2723,1688,743,-1000,3259,-8253,0,0
-2186,1832,514,1806,4780,-12262,0,0
-438,748,33,2611,5472,-6772,0,0
3796,663,-120,2952,-851,-2028,0,0
3773,1621,279,1554,-1106,-4287,0,0
3680,1197,792,-561,-1789,-3589,0,0
947,757,739,-900,-1154,-2294,0,0
-778,350,470,-570,523,-1524,0,0
472,194,483,-493,1,-1464,0,0
263,101,484,-90,-505,-1071,0,0
-544,78,334,-2272,-99,-757,0,0
-250,-41,240,-342,25,-386,0,0
-159,-5,112,-184,-204,-307,0,0
-537,406,-283,1752,-714,-766,0,0
-416,1727,-741,4470,179,-5301,0,0
1080,2210,-197,7290,-2154,-9987,0,0
39,1950,172,9611,-1986,-12570,0,0
-937,916,187,7561,-509,-8673,0,0
753,647,140,2660,874,-6414,0,0
851,158,-482,-678,-198,-5726,0,0
306,-478,-965,-2701,-997,-3666,0,0
-326,-551,-1109,-1062,-453,-2861,0,0
-889,-667,-1311,830,-862,-2070,0,0
-376,-921,-1218,202,-1371,-1305,0,0
-670,-1109,-938,144,-1276,-1324,0,0
-900,-1395,-616,352,-658,-1088,0,0
-377,-1641,-241,648,-298,-1303,0,0
32,-1763,140,1895,-418,-2042,0,0
297,-1388,819,2081,256,-3195,0,0
-247,-319,1760,1328,329,-6164,0,0
-2877,394,1419,3311,1153,-7543,0,0
-2608,1083,284,4586,2010,-4116,0,0
1457,1769,227,4952,1814,-3466,0,0
3885,1505,115,2206,-841,-1955,0,0
3690,2375,-104,-1355,-456,-3634,0,0
2965,2089,-440,-121,-1294,-4050,0,0
1127,1429,-487,641,-1094,-2262,0,0
-490,1279,-245,939,-1173,-2036,0,0
-537,940,-21,545,-641,-547,0,0
-138,961,84,-944,-785,-609,0,0
-504,538,109,-136,-653,-1666,0,0
-174,-103,85,353,-453,-607,0,0
468,-239,127,2472,-833,-623,0,0
731,-29,101,9634,-1587,-679,0,0
3732,1522,-101,12614,-659,-179,0,0
6159,3246,-683,13753,-4150,-7066,0,0
64,2351,-1954,11529,-3114,-8166,0,0
-2284,1409,-1481,4647,-2200,-5092,0,0
190,1067,-870,-1012,-3778,-6614,0,0
-1032,-225,-772,-855,-3742,-5802,0,0
-1663,-1577,-203,342,-2523,-1587,0,0
-851,-1574,348,305,-1177,-809,0,0
-847,-1604,708,779,-960,-467,0,0
-1029,-1605,806,561,-698,169,0,0
-1271,-1456,765,830,-925,-14,0,0
-1952,-1529,728,2173,-652,-216,0,0
-3848,-1804,674,7334,-566,1750,0,0
238,-456,-187,9693,-265,2774,0,0
2539,1581,-120,6932,-695,-222,0,0
4220,2738,381,5977,-300,-1473,0,0
3192,3301,-354,5859,-1841,-1448,0,0
-1582,3486,-1442,5163,-2635,303,0,0
-5286,3926,-1174,4489,-1307,208,0,0
-5155,3592,102,6504,3905,-8568,0,0
865,274,548,5101,4290,-9155,0,0
367,-1853,572,1738,-105,-364,0,0
1664,-654,599,2824,-2199,1337,0,0
547,-399,-61,4130,-1723,1944,0,0
-1777,-205,-1183,3092,-1215,2365,0,0
-891,220,-1275,4378,-1091,1662,0,0
-24,682,-662,4894,-385,1429,0,0
869,897,321,5190,-253,544,0,0
2023,564,1180,5859,-124,-910,0,0
1317,135,1361,5238,430,-1262,0,0
264,53,690,4647,641,-671,0,0
1134,155,279,3852,-634,-378,0,0
1514,187,87,3573,-1144,277,0,0
1092,290,-99,3282,-1534,1146,0,0
1477,477,-204,2759,-275,1041,0,0
2130,267,-339,2652,-1708,900,0,0
1798,223,-27,2698,-2616,1004,0,0
1567,328,402,2919,-1668,509,0,0
395,197,382,3859,-813,464,0,0
-479,302,-72,4203,-190,376,0,0
-341,371,-293,3938,-610,997,0,0
-382,470,-258,3575,-823,1301,0,0
-200,438,-203,3473,-856,1505,0,0
152,410,-31,3543,-944,1576,0,0
129,335,100,3897,-651,1425,0,0
293,255,300,3960,-758,1247,0,0
201,129,481,4271,-732,1362,0,0
279,32,619,4813,-405,1749,0,0
268,274,542,5109,-245,1890,0,0
303,534,348,5322,-821,1844,0,0
611,740,507,4936,-1974,2119,0,0
241,954,729,4078,-1724,2258,0,0
724,1187,863,3031,-1815,2618,0,0
1080,1300,842,1945,-1226,2254,0,0
1313,1452,662,873,-1443,2776,0,0
1276,1782,474,225,-1213,2447,0,0
1063,1964,397,406,-1260,1619,0,0
-248,1799,28,973,185,1715,0,0
9,1745,-480,1153,-514,3537,0,0
382,1695,-689,2039,-589,4716,0,0
-375,1437,-1045,3625,-474,3536,0,0
-345,654,-837,4433,-819,2722,0,0
-351,-106,-261,2588,-1184,3827,0,0
-537,-402,243,1177,-1443,4067,0,0
-228,-360,609,1022,-1158,3839,0,0
87,-249,649,1357,-695,3663,0,0
135,-174,440,1720,-817,3726,0,0
35,-175,207,1983,-1213,3612,0,0
66,-217,142,1979,-1352,3356,0,0
37,-316,106,1745,-1190,3564,0,0
-27,-278,50,1552,-1033,3728,0,0
-27,-170,30,1639,-980,3616,0,0
49,-75,61,1784,-1002,3457,0,0
75,-68,110,1840,-1238,3451,0,0
98,-77,177,1839,-1212,3554,0,0
88,-72,228,1923,-1214,3510,0,0
32,-91,227,1861,-1173,3440,0,0
21,-105,202,1842,-1143,3479,0,0
48,-100,179,1833,-1178,3438,0,0
15,-80,135,1802,-1222,3529,0,0
-33,-24,74,1824,-1253,3553,0,0
-36,17,38,1866,-1283,3507,0,0
-11,12,17,1906,-1260,3488,0,0
-18,0,3,1893,-1172,3444,0,0
-25,8,-35,1808,-1131,3550,0,0
6,31,-92,1722,-1099,3558,0,0
60,50,-129,1824,-1226,3524,0,0
-4,49,-142,1952,-1290,3491,0,0
-43,28,-113,1936,-1263,3440,0,0
-74,-6,-74,1872,-1215,3480,0,0
-94,-22,-59,1782,-1133,3529,0,0
-69,2,-66,1781,-1113,3527,0,0
-64,22,-86,1824,-1136,3503,0,0
-11,40,-89,1806,-1152,3541,0,0
45,59,-121,1848,-1180,3506,0,0
19,53,-177,1887,-1175,3513,0,0
-1,45,-185,1910,-1186,3524,0,0
-35,44,-143,1877,-1160,3486,0,0
-54,31,-97,1822,-1101,3521,0,0
-68,15,-67,1817,-1070,3523,0,0
-47,15,-34,1848,-1018,3561,0,0
55,22,-2,1910,-1094,3563,0,0
41,-16,-5,1867,-1195,3557,0,0
20,-26,-4,1764,-1089,3596,0,0
23,22,-34,1774,-1073,3591,0,0
-55,40,-91,1864,-1114,3513,0,0
-87,20,-93,1844,-1069,3496,0,0
-114,8,-81,1798,-1075,3533,0,0
-113,-13,-52,1839,-1049,3492,0,0
-65,-35,-19,1913,-1211,3502,0,0
-103,-54,-12,1825,-1125,3536,0,0
-63,-41,2,1756,-1137,3610,0,0
-1,22,-10,1790,-1175,3598,0,0
-25,58,-64,1840,-1093,3523,0,0
-30,80,-119,1798,-1204,3526,0,0
-83,94,-143,1762,-1231,3490,0,0
-118,67,-146,1878,-1132,3442,0,0
-39,29,-172,1999,-1042,3463,0,0
-145,-8,-229,1855,-1123,3638,0,0
-134,14,-217,1753,-1101,3631,0,0
-75,42,-176,1834,-1008,3567,0,0
-42,43,-143,1891,-1206,3497,0,0
-37,17,-82,1889,-1184,3462,0,0
-66,-22,-32,1807,-1240,3457,0,0
-81,-34,-11,1733,-1237,3502,0,0
-113,6,-70,1757,-1239,3541,0,0
-175,66,-208,1917,-1216,3475,0,0
-218,92,-314,1878,-1178,3513,0,0
-207,115,-336,1780,-1143,3566,0,0
-174,119,-296,1828,-1079,3530,0,0
-142,88,-226,1846,-996,3510,0,0
-109,57,-157,1789,-995,3566,0,0
-77,50,-89,1723,-1026,3588,0,0
-59,52,-30,1697,-1038,3623,0,0
61,74,10,1748,-1020,3549,0,0
49,82,6,1900,-1125,3621,0,0
-113,68,-59,1882,-1118,3542,0,0
-84,25,-72,1823,-1113,3534,0,0
-75,-12,-55,1784,-1108,3564,0,0
-60,-27,-2,1784,-1074,3545,0,0
-48,-46,44,1782,-1086,3551,0,0
-56,-60,65,1791,-1154,3564,0,0
-55,-75,85,1798,-1253,3557,0,0
6,-90,118,1845,-1141,3465,0,0
-6,-97,112,1809,-1158,3609,0,0
-28,-63,81,1739,-1219,3558,0,0
3,-44,71,1802,-1249,3499,0,0
2,-35,62,1837,-1231,3473,0,0
10,-38,63,1820,-1255,3486,0,0
10,-49,76,1803,-1261,3522,0,0
13,-48,88,1792,-1209,3525,0,0
21,-32,100,1773,-1246,3503,0,0
36,-35,133,1798,-1285,3500,0,0
71,-26,161,1838,-1201,3511,0,0
96,-15,151,1899,-1194,3441,0,0
87,-33,122,1893,-1299,3427,0,0
63,-51,105,1820,-1360,3486,0,0
42,-37,92,1806,-1441,3547,0,0
48,-14,78,1885,-1200,3510,0,0
75,-5,60,1864,-1142,3533,0,0
84,12,33,1853,-1201,3561,0,0
91,22,27,1868,-1280,3513,0,0
104,4,54,1891,-1291,3448,0,0
77,-35,74,1913,-1234,3442,0,0
58,-61,84,1883,-1211,3456,0,0
63,-64,81,1847,-1230,3489,0,0
50,-51,60,1863,-1227,3503,0,0
39,-45,32,1905,-1237,3492,0,0
42,-42,7,1906,-1199,3497,0,0
34,-26,-25,1847,-1272,3546,0,0
20,-1,-60,1818,-1131,3518,0,0
41,14,-73,1840,-1102,3514,0,0
69,22,-47,1875,-1138,3464,0,0
2,4,-43,1834,-1153,3466,0,0
-44,-3,-29,1799,-1113,3505,0,0
-60,-1,14,1872,-1089,3463,0,0
-67,-25,79,1938,-1136,3416,0,0
-78,-81,148,1937,-1185,3433,0,0
-85,-122,187,1908,-1189,3501,0,0
-91,-114,164,1853,-1216,3573,0,0
-70,-66,99,1845,-1225,3508,0,0
-50,-33,26,1891,-1176,3482,0,0
-35,-3,-56,1881,-1181,3466,0,0
-33,32,-119,1859,-1258,3428,0,0
-43,47,-143,1860,-1303,3467,0,0
-35,44,-121,1905,-1237,3472,0,0
-26,26,-93,1943,-1170,3423,0,0
6,21,-47,1900,-1194,3434,0,0
44,28,12,1882,-1241,3422,0,0
19,30,50,1829,-1240,3511,0,0
16,55,63,1823,-1255,3508,0,0
-13,58,52,1875,-1258,3407,0,0
-47,53,46,1859,-1226,3457,0,0
-47,50,59,1818,-1409,3500,0,0
-37,52,81,1831,-1256,3506,0,0
-19,60,90,1828,-1189,3524,0,0
1,60,79,1839,-1213,3529,0,0
17,62,65,1838,-1249,3543,0,0
28,76,51,1799,-1256,3583,0,0
36,88,38,1740,-1293,3589,0,0
35,90,37,1734,-1259,3506,0,0
45,68,38,1763,-1178,3477,0,0
47,41,39,1728,-1203,3555,0,0
29,33,49,1689,-1274,3599,0,0
-7,2,50,1699,-1279,3613,0,0
-3,-26,44,1768,-1255,3584,0,0
18,-51,44,1799,-1213,3552,0,0
46,-64,28,1728,-1174,3599,0,0
36,-46,-5,1680,-1226,3592,0,0
41,-25,-5,1691,-1228,3546,0,0
54,-25,13,1777,-1229,3531,0,0
48,-50,38,1792,-1212,3517,0,0
38,-85,62,1752,-1152,3547,0,0
35,-96,56,1729,-1137,3554,0,0
28,-88,25,1747,-1170,3558,0,0
23,-82,1,1777,-1137,3547,0,0
20,-83,-12,1795,-1091,3521,0,0
33,-70,-15,1747,-1140,3506,0,0
19,-30,-16,1777,-1304,3536,0,0
5,-14,0,1873,-1330,3532,0,0
-10,-35,54,1867,-1171,3399,0,0
-25,-56,91,1781,-1073,3437,0,0
-20,-43,116,1760,-1181,3501,0,0
-24,-20,123,1834,-1290,3530,0,0
-36,-25,105,1909,-1292,3424,0,0
-81,-41,65,1905,-1297,3384,0,0
-163,-19,-35,1778,-1325,3539,0,0
-130,65,-104,1716,-1350,3509,0,0
-111,139,-134,1712,-1330,3525,0,0
-108,188,-132,1840,-1526,3462,0,0
-113,154,-82,1917,-1379,3355,0,0
-117,60,-13,1886,-1321,3401,0,0
-142,-17,59,1788,-1405,3440,0,0
-111,-41,141,1725,-1501,3473,0,0
-45,-20,172,1731,-1460,3552,0,0
12,11,115,1789,-1378,3568,0,0
52,31,-16,1803,-1346,3508,0,0
69,39,-177,1767,-1387,3463,0,0
76,45,-300,1739,-1471,3470,0,0
29,58,-360,1726,-1341,3423,0,0
-20,96,-359,1635,-1103,3493,0,0
-13,154,-296,1614,-1036,3663,0,0
54,177,-158,1765,-1097,3669,0,0
83,108,20,1913,-1194,3531,0,0
73,-22,173,1875,-1252,3490,0,0
58,-98,252,1710,-1283,3540,0,0
59,-81,253,1654,-1325,3543,0,0
32,-38,186,1711,-1350,3536,0,0
3,-5,99,1739,-1315,3557,0,0
14,32,39,1684,-1256,3611,0,0
32,59,14,1663,-1166,3595,0,0
62,77,32,1637,-1072,3545,0,0
90,79,43,1619,-1076,3562,0,0
67,75,14,1602,-1193,3599,0,0
24,65,0,1636,-1268,3575,0,0
-6,39,30,1628,-1232,3549,0,0
-2,7,79,1608,-1205,3579,0,0
-72,-41,116,1698,-1365,3617,0,0
-111,-84,158,1757,-1350,3534,0,0
-109,-125,196,1622,-1264,3498,0,0
-116,-125,172,1569,-1316,3531,0,0
-128,-87,141,1647,-1455,3491,0,0
-130,-59,117,1731,-1530,3455,0,0
-99,-69,91,1792,-1491,3521,0,0
-92,-103,58,1824,-1481,3520,0,0
-113,-127,23,1701,-1425,3537,0,0
-55,-91,-3,1617,-1316,3558,0,0
38,-17,-18,1606,-1257,3610,0,0
85,70,-30,1668,-1250,3562,0,0
83,111,-37,1721,-1366,3517,0,0
97,98,-8,1715,-1449,3531,0,0
96,72,26,1702,-1416,3553,0,0
65,41,37,1704,-1400,3562,0,0
46,6,34,1694,-1390,3508,0,0
50,-18,37,1679,-1364,3474,0,0
41,-25,38,1682,-1372,3525,0,0
6,-22,10,1680,-1401,3543,0,0
3,-17,-9,1673,-1412,3524,0,0
4,-5,-28,1679,-1340,3509,0,0
6,14,-51,1639,-1282,3549,0,0
23,28,-65,1618,-1299,3579,0,0
36,27,-62,1652,-1292,3530,0,0
15,10,-37,1700,-1250,3499,0,0
-32,-31,3,1686,-1214,3539,0,0
-43,-64,56,1630,-1210,3604,0,0
-30,-66,109,1612,-1230,3607,0,0
-11,-72,153,1673,-1315,3568,0,0
-1,-86,192,1711,-1337,3515,0,0
-3,-80,187,1619,-1277,3569,0,0
-5,-26,121,1585,-1367,3588,0,0
-15,23,79,1641,-1446,3548,0,0
-12,33,84,1673,-1332,3549,0,0
-1,23,108,1643,-1262,3517,0,0
11,-10,145,1644,-1325,3513,0,0
25,-34,191,1632,-1422,3553,0,0
29,-45,229,1632,-1504,3558,0,0
19,-68,239,1686,-1536,3510,0,0
18,-89,237,1731,-1527,3457,0,0
43,-105,238,1722,-1517,3455,0,0
46,-113,221,1662,-1533,3489,0,0
52,-90,186,1608,-1625,3506,0,0
60,-55,147,1662,-1589,3532,0,0
86,-35,92,1692,-1417,3536,0,0
105,-27,43,1643,-1365,3605,0,0
130,10,33,1557,-1408,3560,0,0
153,60,38,1560,-1432,3523,0,0
165,72,52,1664,-1473,3512,0,0
133,22,74,1743,-1458,3535,0,0
93,-55,96,1650,-1400,3536,0,0
63,-99,103,1577,-1369,3520,0,0
52,-95,113,1552,-1322,3543,0,0
75,-64,133,1546,-1299,3514,0,0
73,-46,142,1589,-1373,3526,0,0
69,-55,182,1653,-1465,3545,0,0
51,-95,245,1735,-1466,3513,0,0
36,-162,299,1701,-1521,3509,0,0
43,-211,350,1712,-1505,3449,0,0
33,-226,338,1690,-1427,3446,0,0
27,-198,267,1662,-1459,3458,0,0
22,-145,181,1688,-1578,3476,0,0
32,-85,111,1740,-1583,3455,0,0
39,-40,35,1753,-1520,3437,0,0
26,-15,-38,1782,-1524,3439,0,0
19,-6,-65,1771,-1564,3441,0,0
7,-9,-68,1742,-1544,3432,0,0
11,-17,-71,1789,-1495,3435,0,0
3,-32,-57,1792,-1432,3418,0,0
-10,-34,-45,1723,-1411,3467,0,0
4,-17,-20,1751,-1448,3480,0,0
18,-2,3,1782,-1425,3452,0,0
39,-4,-3,1804,-1411,3415,0,0
40,-25,-23,1825,-1436,3452,0,0
16,-3,-47,1776,-1464,3390,0,0
-3,34,-74,1753,-1477,3420,0,0
-11,64,-88,1762,-1480,3474,0,0
-26,61,-86,1853,-1398,3422,0,0
-15,37,-54,1777,-1368,3422,0,0
-17,49,-33,1730,-1424,3482,0,0
-29,68,-39,1766,-1463,3461,0,0
-37,64,-48,1795,-1478,3443,0,0
-33,41,-51,1782,-1376,3471,0,0
-34,32,-56,1732,-1297,3514,0,0
-32,64,-75,1672,-1296,3543,0,0
0,131,-95,1688,-1335,3542,0,0
20,154,-101,1750,-1397,3530,0,0
16,125,-84,1785,-1396,3469,0,0
5,86,-52,1728,-1373,3485,0,0
5,76,-20,1638,-1335,3535,0,0
12,86,-4,1656,-1347,3541,0,0
6,90,9,1699,-1370,3546,0,0
5,81,22,1686,-1338,3532,0,0
11,85,30,1629,-1322,3609,0,0
18,121,29,1578,-1297,3653,0,0
34,163,25,1602,-1284,3642,0,0
87,177,37,1571,-1288,3621,0,0
141,168,55,1461,-1147,3566,0,0
202,147,53,1459,-1124,3529,0,0
263,114,70,1443,-1119,3466,0,0
242,59,107,1422,-1172,3379,0,0
179,0,185,1426,-1360,3427,0,0
73,17,348,1458,-1582,3826,0,0
56,121,521,1462,-1498,4023,0,0
69,191,522,1415,-1233,3803,0,0
47,190,353,1209,-1207,3640,0,0
119,189,190,1084,-1294,3733,0,0
144,196,127,1118,-1203,3899,0,0
2,184,128,1015,-1000,3923,0,0
-26,166,172,965,-976,3930,0,0
26,128,256,991,-1107,3895,0,0
76,57,362,963,-1145,3854,0,0
163,-7,431,912,-1114,3899,0,0
230,-56,431,957,-1246,3782,0,0
210,-115,381,834,-1517,3736,0,0
122,-173,324,603,-1650,4079,0,0
95,-171,250,578,-1453,4344,0,0
63,-172,164,735,-1228,4140,0,0
6,-262,90,841,-1267,3892,0,0
-23,-402,139,889,-1506,3779,0,0
-24,-473,326,884,-1528,4013,0,0
29,-508,462,1068,-1211,3827,0,0
22,-621,448,1633,-1201,3872,0,0
98,-685,412,1924,-1291,3487,0,0
99,-732,270,1712,-1092,2958,0,0
162,-658,20,1416,-1023,3320,0,0
293,-341,-226,1398,-1175,3881,0,0
274,-16,-403,1814,-1223,3651,0,0
182,51,-483,2236,-1083,3275,0,0
120,-96,-425,2260,-1119,3113,0,0
49,-270,-214,1848,-1107,3252,0,0
-29,-312,18,1665,-1111,3515,0,0
-65,-268,216,1795,-1007,3459,0,0
-51,-247,338,2076,-969,3404,0,0
-31,-266,365,2249,-1019,3464,0,0
46,-278,327,2139,-1056,3515,0,0
102,-252,225,2038,-1084,3472,0,0
132,-219,154,2001,-1083,3393,0,0
161,-202,169,2060,-982,3425,0,0
148,-200,218,2127,-1051,3442,0,0
