148,-378,-264,-237,-877,132,0,0
-548,925,517,-586,339,-1245,0,0
-362,875,700,-1372,606,-2493,0,0
340,369,168,-1066,1057,-1678,0,0
678,-74,-255,-827,1342,-2017,0,0
478,-180,-523,-2546,-3007,-5132,0,0
-176,488,-90,-3438,-2689,-9089,0,0
-500,806,503,-3200,-776,-13312,0,0
-232,328,1115,-4158,-1497,-8692,0,0
-1009,1784,887,-2321,-154,-5033,0,0
-2233,120,613,-2284,-31,-6186,0,0
-611,-350,759,-2336,-1864,-3471,0,0
797,-329,410,-1221,412,-212,0,0
457,-1693,-826,-1313,3363,-531,0,0
539,-124,-1625,-995,446,-994,0,0
388,1061,-1209,1179,-806,-2052,0,0
-199,-811,-533,576,-472,-1778,0,0
219,-101,118,-1221,-73,-698,0,0
1031,1844,376,281,135,-1206,0,0
902,-976,366,-994,-459,-344,0,0
421,-1827,-487,-2141,-686,-1392,0,0
-198,-1512,-921,-1656,-4531,-5255,0,0
-1101,-2030,-862,-4755,-3735,-7267,0,0
-1586,882,-264,-3812,-673,-11355,0,0
-1508,695,782,-4232,546,-7496,0,0
-1450,1734,1819,-4252,6,-4823,0,0
-1551,2536,1500,-4318,177,-4450,0,0
-1154,1979,-231,-1276,-1753,-3622,0,0
-496,-684,-799,833,-234,-2935,0,0
176,-2933,-537,-591,1358,-1851,0,0
911,-1316,-627,-1008,1026,-1430,0,0
939,873,-507,-394,-665,-1435,0,0
-146,1379,-466,-446,-327,-2106,0,0
-275,1284,-722,109,407,-2808,0,0
671,669,-489,662,1047,-2301,0,0
1330,-525,141,813,1804,-2428,0,0
1650,-1842,445,-1173,778,-2036,0,0
617,-417,-188,-4108,-1817,-5155,0,0
-537,997,-495,-3185,-1154,-9787,0,0
-1051,-468,245,-3817,-44,-10750,0,0
-759,290,714,-3596,1950,-5867,0,0
-1719,2161,1019,-1263,2720,-7012,0,0
-2288,-173,574,-2575,-833,-4673,0,0
-560,1302,-82,-1266,-4209,-2599,0,0
652,428,480,-131,-549,-3462,0,0
1410,-2592,715,-1179,2884,-2587,0,0
2099,-1683,-148,-1062,2918,-1961,0,0
1317,-809,-1009,-613,1039,-495,0,0
294,625,-1014,-214,-286,-282,0,0
406,1584,-348,321,-90,-1140,0,0
520,-136,-265,-128,-575,-2114,0,0
973,-2540,-509,-964,-289,-1737,0,0
1992,-1313,-720,-2497,-2614,-1337,0,0
458,718,-505,-3360,-6654,-6362,0,0
-2816,-378,-705,-2894,-3590,-8683,0,0
-1022,-315,-353,-3958,-43,-9998,0,0
-783,1532,849,-2503,-888,-5796,0,0
-1516,1977,1063,-814,-927,-3574,0,0
-2708,-65,960,-1020,-2220,-4168,0,0
-1511,-1109,233,-1877,-2672,-1356,0,0
-137,1792,16,566,1073,-2211,0,0
-254,-586,295,-409,1603,-2571,0,0
292,-1119,50,-2214,-306,-2788,0,0
660,639,-750,-257,99,-2427,0,0
-242,947,-566,558,1120,-2532,0,0
145,714,542,-372,43,-3007,0,0
938,-141,553,-723,635,-2885,0,0
1299,-1543,-80,-516,2108,-1363,0,0
1815,-1540,-23,-1573,525,-1821,0,0
1254,-1144,-303,-4015,-2598,-5322,0,0
-39,-229,-596,-4404,-3992,-7402,0,0
-1298,-120,-479,-3743,-186,-11028,0,0
-1063,1010,520,-3678,1520,-6358,0,0
-1366,2998,1473,-1052,700,-4310,0,0
-2445,-225,1533,-2108,-2707,-5165,0,0
-1230,-1880,-63,-2450,-1785,-1683,0,0
84,542,-124,36,681,-1585,0,0
357,-696,273,-522,1650,-1742,0,0
560,-543,-400,-1819,208,-2024,0,0
814,452,-724,-228,-413,-1914,0,0
315,241,-442,48,449,-916,0,0
56,1253,366,-110,406,-1739,0,0
282,707,253,-621,645,-2760,0,0
911,-788,-368,-1000,992,-2749,0,0
1752,-1118,-441,-1299,85,-3123,0,0
1182,-1394,-375,-3600,-2828,-5408,0,0
-102,-483,-2496,-3398,-2896,-7603,0,0
-1314,-414,-480,-3681,1171,-10877,0,0
-942,745,605,-4654,301,-8650,0,0
-451,2893,1061,-1210,93,-4793,0,0
-1796,1137,1197,-1700,-435,-4581,0,0
-1578,-950,724,-2263,-2625,-3720,0,0
-5,-1206,-306,-401,-1265,-2374,0,0
771,-1377,-257,513,182,-1141,0,0
951,-1416,-285,-701,1096,-838,0,0
924,-62,-402,-524,511,-1532,0,0
269,880,-338,-452,851,-994,0,0
-332,1725,84,-663,750,-1972,0,0
384,1795,304,-579,293,-2462,0,0
1044,69,53,-560,1502,-3088,0,0
1601,-1520,-180,-2127,-34,-3068,0,0
1409,-1705,-709,-3088,-1466,-6599,0,0
627,-669,-603,-3865,-3514,-7197,0,0
-436,-258,118,-2723,-1789,-8930,0,0
-1159,505,828,-4341,400,-4757,0,0
-1826,3859,1043,-811,838,-5119,0,0
-2585,-164,848,-2228,-1613,-6523,0,0
-421,-544,205,-2676,-598,-3265,0,0
1252,613,-132,370,993,-2638,0,0
792,-3306,-719,-212,1143,-424,0,0
731,-1317,-3136,-825,319,-1067,0,0
730,771,-815,420,271,-2044,0,0
49,-69,-337,-369,-82,-1538,0,0
353,606,118,-691,152,-1445,0,0
781,120,-52,-39,999,-1662,0,0
899,-1286,-294,-1869,189,-1095,0,0
895,-655,-621,-3664,-3590,-5351,0,0
637,-1048,-683,-4846,-4799,-5780,0,0
-464,10,-633,-2731,-3331,-8930,0,0
-1248,7,208,-5042,-315,-8422,0,0
-566,2497,1025,-2548,-640,-6611,0,0
-1021,1160,1334,-2473,-3536,-3539,0,0
-1758,-164,880,-1697,-2025,-3741,0,0
-953,-1229,-202,-1312,-178,-2236,0,0
583,165,-111,-320,654,-1675,0,0
973,-814,-200,-1039,1375,-211,0,0
252,-28,-293,-1309,-239,-1897,0,0
70,495,-511,-616,242,-2263,0,0
-27,717,-277,103,362,-1240,0,0
57,372,499,162,-181,-1567,0,0
393,-1143,162,-997,1056,-1583,0,0
1131,-992,-344,-1230,474,-1127,0,0
729,-258,-480,-3723,-2982,-4486,0,0
-235,730,-649,-4517,-2569,-8272,0,0
-1080,529,-2672,-2310,-2111,-11729,0,0
-1268,-385,566,-4301,913,-7977,0,0
-1169,2985,1235,-700,1352,-5115,0,0
-2475,1157,1496,-1401,-776,-4584,0,0
-1981,343,896,-2706,-1747,-3487,0,0
-402,1136,219,-853,-1016,-3566,0,0
331,-755,-224,-257,1592,-3011,0,0
1139,-1135,-444,-862,1272,-2225,0,0
1317,-450,-223,-493,-412,-3191,0,0
1108,-1144,-748,-723,298,-1202,0,0
859,431,-228,462,733,-1420,0,0
907,-325,488,-353,828,-856,0,0
922,-1016,-86,-733,738,-1242,0,0
1009,-1961,-850,-1508,-650,-1214,0,0
847,-1134,-1206,-3281,-2543,-7368,0,0
548,-767,-671,-4318,-4716,-5514,0,0
-505,-443,-468,-4293,822,-9634,0,0
-940,-562,596,-7844,-2082,-10133,0,0
457,2391,737,-2543,-1755,-4463,0,0
-1053,1555,707,340,-730,-1652,0,0
-2669,645,1851,-1882,-1835,-2235,0,0
-1072,519,848,-2514,-1097,-2619,0,0
323,852,-146,18,540,-1577,0,0
263,-214,-86,1101,1251,-775,0,0
-288,-925,88,-1288,-295,-1402,0,0
-157,302,-275,-1138,46,-2673,0,0
74,187,-604,246,728,-1901,0,0
0,-436,236,-187,638,-1065,0,0
446,953,701,-1141,158,-485,0,0
582,1444,180,-331,-538,-3168,0,0
533,-2280,-101,-2127,-1378,-4981,0,0
38,-3519,-825,-5889,-1853,-6685,0,0
-488,251,-818,-3732,184,-10055,0,0
-723,47,8,-4458,2869,-10006,0,0
-370,1266,1155,-5391,1190,-7541,0,0
-523,2315,1213,-2542,575,-4469,0,0
-2030,-12,465,-1974,-462,-6204,0,0
-1109,-2240,40,-3376,-2461,-3030,0,0
1152,-2,-256,-32,-416,-1302,0,0
1270,-1929,-12,1293,1484,-267,0,0
587,-2790,-502,-733,1319,462,0,0
640,1543,-1157,-542,-272,705,0,0
4,3345,-686,1187,-1159,-336,0,0
-719,1356,512,-15,-221,-1096,0,0
-217,1319,873,-796,1000,-2844,0,0
467,-354,218,-1168,953,-3519,0,0
927,-1621,-437,-2892,374,-5010,0,0
796,-1276,-819,-5364,-1995,-7194,0,0
283,1518,-2952,-2479,-1649,-8761,0,0
-1065,-93,-223,-2569,1267,-10796,0,0
-953,472,860,-4745,1530,-7201,0,0
-683,3212,793,-693,389,-4392,0,0
-1926,480,536,-1070,-1775,-5557,0,0
-1053,-1856,18,-2526,-2378,-3428,0,0
1127,-149,-401,439,-309,-2013,0,0
1499,-1881,-25,1069,1664,-859,0,0
924,-2068,-246,-1193,960,313,0,0
555,1522,-232,-245,170,-658,0,0
267,1652,190,-77,-10,-1462,0,0
569,887,356,-336,321,-1651,0,0
1042,-16,169,-625,377,-2467,0,0
1519,-1495,-103,-1898,-1113,-2371,0,0
1186,-2232,-624,-3623,-2210,-4885,0,0
282,-1226,-958,-5212,-3274,-5760,0,0
-918,1210,-873,-1986,180,-11143,0,0
-1262,-690,2,-3729,46,-8038,0,0
-896,2172,1279,-2253,268,-3413,0,0
-2089,2901,1287,-785,461,-5183,0,0
-2384,-1042,429,-2342,-3022,-4381,0,0
-266,-5,165,-1513,-2174,-2512,0,0
749,434,359,262,1373,-3700,0,0
859,-1881,-302,-1997,1246,-1342,0,0
1281,1101,-858,220,814,-2061,0,0
426,-12,-905,473,1170,-1706,0,0
-92,-783,-485,-890,856,-3008,0,0
870,1352,-131,-502,344,-1511,0,0
1395,321,-20,185,88,-1999,0,0
1541,-1708,-141,-1435,-753,-2126,0,0
950,-2448,-803,-2508,-3887,-5243,0,0
-141,-958,-930,-3933,-3844,-5343,0,0
-1409,991,393,-2745,-241,-11628,0,0
-1383,-10,1495,-6381,-1158,-8028,0,0
-892,3045,1170,-1050,-893,-4672,0,0
-2170,54,1202,-1175,-2388,-6219,0,0
-771,-1252,585,-3949,-2942,-3465,0,0
1607,1027,-257,177,668,-2274,0,0
1474,-2450,-138,1054,3182,-921,0,0
640,-2823,-530,-1655,1655,-124,0,0
257,1928,-952,-398,-463,-495,0,0
-231,2434,-167,702,160,-1188,0,0
60,993,680,-350,545,-1366,0,0
464,-117,491,-710,856,-1655,0,0
945,-912,92,-1082,206,-967,0,0
782,-1107,-425,-2600,-1043,-5042,0,0
333,-1865,-604,-5332,-5354,-6355,0,0
-72,815,-583,-3393,-2750,-9178,0,0
-1499,-230,55,-3792,-482,-10891,0,0
-1412,885,897,-4031,-1311,-5696,0,0
-1889,3113,335,561,-696,-7816,0,0
-2370,-1182,694,-2644,-2053,-4714,0,0
481,649,882,-2598,-1016,-2476,0,0
1728,372,433,832,875,-1569,0,0
761,-3114,-586,-405,1690,1129,0,0
138,302,-937,145,300,514,0,0
-508,2429,-60,792,-191,-1076,0,0
-507,1760,734,25,771,-1725,0,0
51,1016,854,-125,801,-3124,0,0
475,-1295,419,-1594,-152,-3133,0,0
1160,-2163,-308,-2115,-1070,-4838,0,0
973,-4016,-1043,-3827,-1549,-7082,0,0
639,-1672,-1646,-4565,-2598,-4812,0,0
-850,1211,-591,-1161,-1022,-7799,0,0
-2340,156,1199,-4943,2448,-5700,0,0
-2125,4149,1503,-1278,1207,-6716,0,0
-2139,640,1301,-2587,-2312,-6832,0,0
-546,-97,480,-3875,-1813,-4122,0,0
1134,1248,-169,954,172,-3884,0,0
1138,-2696,-135,-109,1514,-1957,0,0
1502,-1846,-709,-1520,1741,-1382,0,0
1773,667,-1158,247,1045,-906,0,0
854,587,-2736,293,410,-338,0,0
626,1081,181,-550,131,-953,0,0
712,305,32,-524,-264,-2510,0,0
1102,-1935,-603,-983,426,-1473,0,0
1488,-2056,-501,-1433,-1095,-4285,0,0
776,-2848,-397,-5520,-5983,-3486,0,0
-498,1193,-1108,-2367,-3967,-5457,0,0
-2346,342,287,-3712,355,-10638,0,0
-1586,1666,1769,-5158,-184,-5425,0,0
-1921,3588,950,-284,650,-6768,0,0
-2731,-922,603,-4010,311,-5569,0,0
-178,1324,-289,-696,-2726,-3596,0,0
1129,516,188,1312,-1466,-1978,0,0
986,-2017,756,-1019,1627,-423,0,0
1252,75,51,-1066,1019,-441,0,0
755,759,-195,-143,104,-652,0,0
131,34,-300,-1077,255,-1016,0,0
758,1196,194,29,-654,-2485,0,0
1372,-343,614,-347,-173,-1745,0,0
1210,-1493,-189,-984,602,-1480,0,0
344,-2294,-1041,-2118,-2364,-5762,0,0
295,-986,-939,-4903,-4890,-5060,0,0
-396,1579,-643,-298,-3197,-8650,0,0
-2366,-865,629,-4953,733,-9201,0,0
-1392,2970,1246,-2412,399,-8962,0,0
-1511,779,793,-1936,-438,-6958,0,0
-876,-56,-41,-1807,-1619,-5594,0,0
574,-384,-463,-662,-3348,-3088,0,0
1455,-1504,-191,-603,256,-543,0,0
1316,-1222,-507,-230,1848,289,0,0
655,-524,-588,845,645,261,0,0
-75,16,286,-311,1824,794,0,0
-842,1657,616,-742,2199,-1360,0,0
-297,959,48,-808,11,-2931,0,0
933,30,-188,-692,-357,-3132,0,0
1799,-1313,-239,-1107,-700,-3205,0,0
1424,-2669,-348,-4588,-4353,-5460,0,0
1119,-439,-236,-3868,-7144,-5075,0,0
-1145,-520,-445,-2756,-3204,-6717,0,0
-2351,405,630,-3565,-2020,-7323,0,0
-1972,2335,1687,-2839,1173,-4951,0,0
-2875,3223,467,-878,2611,-6419,0,0
-2080,-379,397,-1570,-3173,-7650,0,0
993,-1109,1213,-2330,-2876,-2923,0,0
1912,-1140,520,99,407,-1417,0,0
1086,-3493,-665,183,2281,126,0,0
605,-1362,-1066,-901,277,-253,0,0
72,1492,-693,-658,99,-1214,0,0
-243,1772,-511,494,1075,-2639,0,0
309,-281,96,91,643,-1707,0,0
1006,-450,560,-1289,1213,-1318,0,0
1300,-801,136,-2140,-105,-2387,0,0
940,-1128,-829,-4642,-3577,-3715,0,0
-230,1007,-483,-4109,-4435,-7947,0,0
-1313,334,216,-3947,-1455,-11547,0,0
-1208,87,688,-4149,-410,-8020,0,0
-1435,1300,1186,-2639,277,-5788,0,0
-1728,648,563,-2433,-1582,-5424,0,0
-553,-610,-236,-1457,-3128,-3117,0,0
1080,-521,460,-501,-572,-798,0,0
1088,-1273,917,-775,1773,-1029,0,0
427,-2329,-495,-1907,1103,-42,0,0
617,1086,-726,-155,760,26,0,0
354,2956,208,297,2250,-1074,0,0
-22,2169,144,-468,855,-1973,0,0
-18,120,-848,-260,96,-1791,0,0
-79,-1863,-1188,-686,-283,-3484,0,0
523,-4264,-1640,-3482,-2226,-4356,0,0
892,-682,-1534,-4365,-8513,-3953,0,0
-497,641,-17,-2387,-2640,-8260,0,0
-978,153,506,-5045,875,-9602,0,0
-303,1739,1571,-3421,106,-4983,0,0
-1465,2445,1610,-1444,1601,-2739,0,0
-2617,2245,1254,-2251,-1411,-4695,0,0
-2133,-495,370,-2529,-3175,-5297,0,0
137,-202,-90,-1487,-499,-2266,0,0
1303,598,217,72,822,-2560,0,0
1057,-1953,-346,-1683,2085,-1235,0,0
765,-42,-911,-474,1509,-1458,0,0
-27,620,-358,231,768,-2474,0,0
7,-368,-144,-890,450,-2142,0,0
1079,266,-427,-201,791,-2156,0,0
1424,-1201,-539,-713,547,-1783,0,0
1018,-2008,-993,-3368,-1980,-4945,0,0
531,-950,-3256,-5212,-4169,-5938,0,0
-464,784,-761,-1731,-1083,-9528,0,0
-1467,-1301,801,-6354,-542,-8758,0,0
-382,2525,748,-1981,-1420,-4464,0,0
-1621,1402,543,865,-775,-3052,0,0
-1897,81,1092,-2734,-2158,-4099,0,0
553,1133,513,-1311,-2428,-2999,0,0
1129,-1537,194,57,676,-949,0,0
689,-2825,-276,-2133,2281,-1103,0,0
829,140,-845,-1449,2138,-1675,0,0
332,1833,-687,217,1109,-725,0,0
-299,1577,286,274,80,-1707,0,0
114,23,109,-435,-228,-2034,0,0
759,-869,-304,-675,-765,-1434,0,0
1301,-566,-166,-2515,-1989,-2210,0,0
469,-141,-158,-4422,-3957,-6872,0,0
-607,5,-299,-3523,-2355,-9411,0,0
-1412,-120,320,-3402,480,-10657,0,0
-1286,1288,1032,-3322,1,-6508,0,0
-1460,2687,602,-97,-2088,-5565,0,0
-1771,-989,527,-2145,-2036,-5216,0,0
401,-567,550,-2470,-983,-2831,0,0
1702,-519,155,186,1292,-1938,0,0
1340,-2888,-370,-560,2374,-113,0,0
890,11,-911,-627,1457,94,0,0
-136,2684,-688,924,106,-1049,0,0
-578,1329,262,835,-429,-2003,0,0
259,-583,506,-60,47,-1644,0,0
753,-1623,272,-1452,612,-1577,0,0
1345,-801,-282,-3451,-1944,-2648,0,0
365,-434,-435,-4980,-5792,-7002,0,0
-626,-25,-421,-3427,-1009,-9339,0,0
-1306,42,-94,-2777,1513,-10893,0,0
-1139,1100,1342,-4101,-104,-6147,0,0
-1260,3334,616,-561,-1346,-4395,0,0
-2240,-537,11,-1156,-1076,-4371,0,0
-388,-547,262,-2351,-1246,-2578,0,0
1197,1079,273,158,-538,-1917,0,0
885,-1935,-337,11,1095,-2264,0,0
642,-1348,-656,173,344,-1036,0,0
288,-244,-382,289,-82,-813,0,0
-475,588,81,-141,609,-965,0,0
-380,1025,393,-626,814,-1362,0,0
-30,320,26,-1138,517,-2857,0,0
847,-876,-390,-2174,-921,-3223,0,0
1284,-928,-533,-3870,-2093,-6440,0,0
503,-474,-748,-3726,-2286,-7802,0,0
-680,-585,-601,-2784,635,-11685,0,0
-365,-603,246,-4640,84,-9103,0,0
28,2231,530,-1377,-300,-4721,0,0
-1333,1747,645,-1017,380,-4029,0,0
-1592,-756,728,-2296,-1263,-4311,0,0
-25,-1217,199,-1433,-2273,-1706,0,0
802,-496,-49,240,-454,-605,0,0
493,-1131,-217,-218,428,-618,0,0
148,-371,-291,-980,935,-1562,0,0
96,1041,-506,-162,2390,-2030,0,0
70,803,230,-390,168,-1377,0,0
427,970,381,-867,-1167,-818,0,0
337,-42,-274,-478,-993,-1803,0,0
652,-1113,-613,-2299,-1615,-2801,0,0
655,-813,-684,-2572,-1739,-7655,0,0
128,-954,-488,-3619,-1824,-8392,0,0
-317,-214,163,-3482,157,-10839,0,0
-738,-300,633,-6701,714,-8749,0,0
-269,3062,67,-1399,512,-5123,0,0
-1236,1490,124,941,-266,-2440,0,0
-1728,-791,726,-1676,-2806,-3729,0,0
313,-484,266,-1771,-1182,-2409,0,0
1569,-317,221,762,729,-972,0,0
1025,-2385,204,-832,1622,-77,0,0
387,-402,-727,-1230,1205,-33,0,0
-309,2076,-617,727,-238,-1081,0,0
-777,757,465,-533,-1087,-1483,0,0
-178,64,203,-808,14,-2366,0,0
522,-1021,-470,-1065,-203,-2396,0,0
1001,-592,-699,-2804,-1312,-4312,0,0
735,-249,-617,-3900,-2093,-6822,0,0
-97,-285,-608,-3064,-569,-8007,0,0
-1332,-822,323,-5534,805,-11112,0,0
-796,670,750,-5273,298,-9203,0,0
-605,1106,-120,686,476,-4658,0,0
-2185,-420,383,-241,-2498,-1706,0,0
-1494,776,1022,-1141,-3673,-3267,0,0
217,-382,704,-1962,-959,-1716,0,0
998,241,156,-385,1329,-1200,0,0
825,-458,-66,-564,1081,-2817,0,0
646,-1306,-565,-1703,1984,-2477,0,0
387,930,-862,-213,1641,-2036,0,0
215,985,365,145,-652,-1904,0,0
908,-453,480,-1055,-114,-1602,0,0
1649,-1136,-299,-967,271,-772,0,0
1867,-1024,-790,-850,-1074,-48,0,0
387,-1000,-78,-3648,-3144,-3211,0,0
-1340,360,-92,-5079,-1723,-8456,0,0
-1861,-152,111,-5617,291,-12595,0,0
-1051,1169,420,-4585,1493,-8763,0,0
-1054,3228,114,852,1430,-5251,0,0
-2279,296,286,-511,-1722,-4311,0,0
-1030,-274,400,-1929,-3023,-2730,0,0
699,993,555,-597,-629,-1931,0,0
861,-706,414,-309,997,-1738,0,0
826,-1647,69,-1546,471,-2301,0,0
1004,-612,-576,-981,1723,-2277,0,0
576,19,-855,753,1865,-1014,0,0
241,176,188,126,-12,-232,0,0
548,540,416,-455,-1239,-1323,0,0
726,-1703,-427,-1353,-1348,-1491,0,0
939,-1546,-884,-2828,-2411,-3645,0,0
365,-877,-651,-4433,-4235,-5822,0,0
-289,768,-581,-2594,581,-8834,0,0
-1068,-1213,702,-6667,555,-10913,0,0
-611,274,531,-6829,404,-9284,0,0
-546,2004,-346,-756,1250,-5163,0,0
-1377,1403,394,-761,-1239,-2352,0,0
-1105,1300,664,-916,-3592,-3100,0,0
128,-826,658,-1132,-1178,-1118,0,0
824,-717,820,-463,1533,-897,0,0
561,-1115,-22,-1095,1629,-1446,0,0
304,-227,-1014,-899,895,-603,0,0
51,1620,-444,539,76,-307,0,0
-154,1757,726,-56,-163,-533,0,0
-76,1138,640,-562,-63,-2103,0,0
219,-574,-383,-1424,-700,-2563,0,0
1077,-814,-816,-1252,-1726,-3879,0,0
1087,-1956,-363,-3480,-1510,-7491,0,0
681,-942,-701,-4233,-1880,-7882,0,0
-249,-70,-500,-2222,234,-11293,0,0
-665,-1160,347,-5902,-276,-7899,0,0
-453,2843,323,-1276,-388,-5108,0,0
-1689,1797,476,-415,-616,-3508,0,0
-1660,304,924,-1278,-2831,-4280,0,0
152,-904,250,-1577,-2131,-1834,0,0
1215,-268,-49,752,224,-502,0,0
983,-1769,302,263,2204,-678,0,0
683,-1030,214,-1574,2399,-369,0,0
-2,2581,-211,-187,1183,-847,0,0
-736,2428,365,352,-580,-2181,0,0
-224,174,434,-1138,-251,-2674,0,0
736,-1268,-27,-864,-125,-2289,0,0
1394,-1967,-119,-1212,-164,-2064,0,0
408,-1780,-261,-3943,-3568,-6765,0,0
-188,-2120,-896,-3582,-2427,-8123,0,0
-1103,254,-414,-2195,774,-12849,0,0
-1273,-1484,504,-7096,779,-9911,0,0
-422,2438,-279,-795,1200,-5102,0,0
-1433,1024,-37,1245,-1364,-2113,0,0
-1435,-176,1111,-2119,-3601,-2731,0,0
552,776,1018,-1994,-1104,-1875,0,0
1324,-106,654,-167,1199,-815,0,0
626,-2314,-211,-508,1411,-368,0,0
-84,-1605,-1046,-247,1877,-349,0,0
-677,955,-503,313,658,-877,0,0
-821,1913,335,-432,104,-1380,0,0
-135,1786,213,-528,-473,-2553,0,0
464,-805,-268,-731,-2219,-2356,0,0
1243,-1613,-281,-1404,-1142,-2547,0,0
514,-1311,48,-4160,-1170,-7773,0,0
-295,-318,-306,-4776,-99,-9920,0,0
-618,65,-42,-3707,2585,-11426,0,0
-905,303,691,-5044,1270,-8257,0,0
-958,2749,36,-501,-76,-4326,0,0
-1812,1086,57,-2552,-840,-4032,0,0
-818,233,376,-2106,-2639,-3369,0,0
929,1443,252,10,-1524,-2213,0,0
999,-1250,179,483,796,-1367,0,0
892,-2263,-509,-504,2202,-830,0,0
859,-191,-643,535,1904,-842,0,0
39,710,272,-452,-296,-956,0,0
74,1307,754,-669,-1274,-2055,0,0
693,-178,95,-746,-317,-2301,0,0
1221,-1487,-270,-1031,871,-2029,0,0
1506,-1398,-280,-2271,-388,-4913,0,0
831,-1010,-284,-4919,-2297,-6459,0,0
-380,819,-842,-1514,-1208,-9583,0,0
-1543,-859,294,-3904,-188,-9898,0,0
-1063,1964,651,-3033,256,-6267,0,0
-1516,2961,225,535,-408,-5440,0,0
-1881,-1479,788,-1425,-2967,-4864,0,0
322,-1057,335,-2149,-2298,-1511,0,0
1452,493,53,1316,-362,-813,0,0
872,-2963,65,290,2424,725,0,0
378,-1528,-298,-1509,2668,700,0,0
-153,2474,-507,-256,834,576,0,0
-1206,3150,323,216,-348,-943,0,0
-1329,1066,432,-1300,-977,-2447,0,0
-613,-442,-468,-1446,-1186,-3802,0,0
849,-952,-663,-871,471,-4370,0,0
1083,-1485,-432,-3194,285,-7468,0,0
358,355,-985,-2246,1948,-9008,0,0
-651,-453,-280,-1908,1864,-12803,0,0
-411,-961,486,-5805,300,-10746,0,0
430,2805,-428,-657,1009,-6960,0,0
-814,1360,-388,545,1128,-2609,0,0
-1421,982,712,-1024,-1908,-3376,0,0
-332,-366,385,-2019,-2739,-2750,0,0
636,-328,-301,-533,-665,-1359,0,0
968,-1196,-160,865,1379,-1922,0,0
1177,-2276,-168,-964,1647,-1578,0,0
1173,-109,-638,63,1803,-1281,0,0
468,96,-55,-10,141,-1385,0,0
789,646,504,-1295,-1245,-512,0,0
1172,772,-22,332,-1051,-1086,0,0
1041,-1594,-153,-746,-653,-185,0,0
1256,-174,239,-1631,-2263,-4237,0,0
228,-1321,-278,-3355,-4835,-6092,0,0
-1300,-256,-896,-2550,-1948,-8699,0,0
-1980,288,54,-3042,1417,-12046,0,0
-1571,455,783,-3860,5,-7341,0,0
-1280,2321,906,-344,250,-3911,0,0
-1648,540,1077,-1358,-1336,-3255,0,0
-602,-258,832,-2709,-2485,-2226,0,0
370,311,-146,-1930,-138,-1223,0,0
780,-355,-711,115,1476,-836,0,0
842,-1358,-634,320,2436,-533,0,0
358,181,-70,388,1915,126,0,0
-739,1876,730,-242,-1075,-1448,0,0
-712,1189,393,-440,-1324,-2627,0,0
-126,-552,-310,-467,1135,-3409,0,0
816,-1271,-179,-1065,1086,-4636,0,0
1371,-1482,263,-3682,-1135,-7635,0,0
632,3,-1080,-3115,470,-8909,0,0
-770,-145,-944,-2272,-127,-12914,0,0
-482,-1692,766,-4303,711,-8328,0,0
-429,2168,490,-336,2364,-4515,0,0
-1885,1229,462,-387,923,-2901,0,0
-1752,231,735,-2862,-4157,-4275,0,0
88,-179,-142,-2272,-2414,-2308,0,0
1074,473,-244,623,274,-1240,0,0
913,-1475,-23,484,1951,-1393,0,0
724,-1491,-324,-830,1766,-1155,0,0
598,772,-603,344,1751,-908,0,0
-9,654,-2,-201,-474,-1155,0,0
422,610,462,-1340,-1002,-887,0,0
1114,493,-104,-546,-1394,-1814,0,0
1391,-1470,-318,-1012,-1135,-1866,0,0
877,-1873,-302,-2977,-2043,-5213,0,0
-5,-979,-619,-3420,-1736,-6562,0,0
-1115,186,-95,-2834,740,-11591,0,0
-1269,-1021,777,-7122,291,-10813,0,0
-671,2011,-182,-3211,1684,-7494,0,0
-1261,2088,-619,1114,2026,-3608,0,0
-1786,256,221,182,-2427,-3021,0,0
-763,-1159,63,-1682,-3621,-1855,0,0
589,561,-193,364,-306,-833,0,0
848,-385,510,609,1519,-2010,0,0
756,-1852,431,-1809,400,-2538,0,0
902,-10,-651,-1004,1371,-1558,0,0
278,1139,-380,548,384,-1589,0,0
311,230,539,-1570,-447,-165,0,0
835,1373,-75,-187,-174,-1493,0,0
942,-1560,-442,-1012,-829,-1024,0,0
715,-1079,-162,-3563,-1932,-5509,0,0
-163,-603,-167,-3823,-1631,-9652,0,0
-924,-92,-218,-3242,37,-12264,0,0
-881,209,780,-5003,-204,-10666,0,0
-558,1952,169,-1893,-519,-4390,0,0
-1392,1890,73,995,-220,-2270,0,0
-1475,-511,608,-3520,-1639,-2669,0,0
127,65,226,-1707,-2020,-1000,0,0
900,724,315,561,164,-618,0,0
631,-1316,271,-177,579,-1133,0,0
272,-3024,-489,-779,570,-1887,0,0
155,949,-515,354,1594,-1594,0,0
-213,836,701,-658,704,-2280,0,0
188,229,795,-1236,76,-3017,0,0
1035,-1220,65,-1009,784,-3460,0,0
1919,-1778,-180,-1502,-81,-3614,0,0
1325,-814,-546,-2411,-1831,-4599,0,0
-405,1142,-444,-2389,-1086,-9219,0,0
-1615,-1335,442,-5030,-1002,-15804,0,0
-187,-929,-376,-6104,-133,-10973,0,0
386,1993,-878,1418,1225,-5367,0,0
-937,-191,210,-184,-266,-852,0,0
-712,331,927,-1836,-2881,-2365,0,0
923,435,546,-2553,-1295,1432,0,0
1061,1862,25,-27,1254,649,0,0
244,-660,-678,-71,608,563,0,0
3,-612,-224,-509,-1424,-81,0,0
-340,40,-135,-760,-711,97,0,0
-3168,613,-171,-547,1302,-1658,0,0
-482,798,272,-438,601,-2741,0,0
926,738,600,-311,-138,-3993,0,0
1578,-824,645,-1121,-875,-5985,0,0
991,-3744,-859,-3039,-2555,-7926,0,0
488,-2171,-1691,-2492,-4815,-6000,0,0
-253,1857,-591,-200,-1023,-9872,0,0
-1796,-1395,1017,-5038,-1067,-10598,0,0
-1206,370,579,-3563,1185,-5194,0,0
-1337,2437,44,1530,626,-3417,0,0
-1448,-1320,1159,-3260,-2014,-3403,0,0
1262,917,911,-3477,-832,-840,0,0
1940,2099,345,286,215,-966,0,0
495,-2076,-958,-494,-398,-156,0,0
202,-1085,-1403,642,-382,-833,0,0
-7,-281,-409,725,-374,-763,0,0
-539,627,934,-522,353,-2473,0,0
240,454,958,-536,637,-2230,0,0
1061,-423,508,-516,1678,-1439,0,0
1370,-525,328,-1899,1097,-453,0,0
75,266,-249,-3898,-4811,-5555,0,0
-929,-208,-371,-4441,-1013,-10045,0,0
-1170,-25,-402,-2723,-799,-16556,0,0
-439,-2214,496,-7230,-1529,-11671,0,0
403,2567,-744,-577,-12,-5640,0,0
-1010,1250,-329,1859,615,-1791,0,0
-1115,-112,1083,-2815,-1897,-1865,0,0
743,425,529,-2396,-1639,-39,0,0
1222,643,257,-9,-369,886,0,0
403,20,-169,-54,-156,348,0,0
-294,-1027,-816,-499,-577,109,0,0
-276,-422,-316,-176,-460,16,0,0
-662,1237,293,-687,2067,-26,0,0
-1231,2032,415,-492,1293,-1545,0,0
-714,1400,-9,-480,-1576,-2852,0,0
-199,-824,-95,-571,-3616,-4944,0,0
566,-3146,-56,-2322,-134,-8374,0,0
401,-2535,-1000,-2954,935,-9299,0,0
-148,65,-518,-2706,2811,-10993,0,0
-668,-292,618,-7079,659,-11726,0,0
-396,1672,-196,-3321,1200,-7349,0,0
-1055,1703,-698,2908,921,-3098,0,0
-1827,-43,694,-716,-3001,-2960,0,0
424,-3,1352,-3524,-3344,-1936,0,0
2018,855,1195,-1714,-788,-101,0,0
1362,-798,416,-291,1192,-850,0,0
580,-1900,-779,71,3397,-1980,0,0
172,-646,-977,791,2827,-987,0,0
-183,1434,324,-76,-393,-1333,0,0
263,1767,908,-788,-1376,-1661,0,0
280,71,-254,-3704,-1623,-2220,0,0
476,-1477,-1228,-624,-2023,-2224,0,0
876,-2369,-358,-340,-3005,-4070,0,0
79,-1449,252,-3266,13,-2774,0,0
-2259,1419,-851,-577,2404,-8624,0,0
-2644,-1112,740,-4771,927,-8976,0,0
-691,3061,1141,-2488,304,-6578,0,0
-1108,1808,184,-41,1193,-7246,0,0
-1064,-1657,-94,-2349,2249,-4329,0,0
395,1459,-245,-639,1234,-3408,0,0
794,1322,-127,673,453,-4290,0,0
932,-1341,90,-866,-65,-3265,0,0
1289,-67,25,-1119,-218,-2309,0,0
834,1329,113,-197,-418,-2993,0,0
-115,3,315,-482,145,-4035,0,0
-91,-943,246,-1438,-197,-4234,0,0
494,-2256,34,-1320,-593,-3854,0,0
532,529,31,-752,-701,-3673,0,0
226,322,210,-664,-655,-3758,0,0
75,-59,381,-774,-690,-3507,0,0
48,-261,598,-695,-589,-3115,0,0
2,-569,685,-928,106,-3201,0,0
-220,58,831,-1255,240,-3624,0,0
-476,77,757,-1240,583,-4851,0,0
-404,-605,283,-1674,-36,-4728,0,0
-53,-257,-30,-1685,-100,-4056,0,0
178,794,-226,-872,324,-3966,0,0
149,741,-162,-349,417,-4002,0,0
24,234,-134,-599,114,-3895,0,0
-115,7,-248,-745,-323,-3800,0,0
-176,-275,-409,-879,-399,-3956,0,0
-109,208,-518,-652,-306,-4092,0,0
-247,113,-624,-489,-441,-3880,0,0
-532,293,-686,-350,-437,-3838,0,0
-562,345,-643,-84,159,-3416,0,0
-385,359,-491,40,367,-2071,0,0
-580,820,-227,469,589,-1557,0,0
-1154,608,-26,492,982,-1185,0,0
-1641,776,317,348,1472,-368,0,0
-2452,1610,648,510,2316,-663,0,0
-3388,1587,531,641,3746,-1609,0,0
-3925,839,100,468,5069,-1864,0,0
-4476,978,-476,362,6625,-2900,0,0
-4416,1614,-841,596,7445,-3886,0,0
-3736,2720,-924,1039,7060,-4759,0,0
-2680,3034,-1023,2182,5497,-5614,0,0
-1223,2696,-854,2384,4342,-5492,0,0
485,4618,-609,2953,3365,-4298,0,0
457,230,-123,2633,3474,-1814,0,0
126,-3022,314,1587,3744,-101,0,0
148,-3091,451,641,3885,66,0,0
388,-1639,353,143,3744,-155,0,0
397,494,166,342,3308,-404,0,0
271,1763,114,906,3027,-635,0,0
233,1302,144,979,3112,-590,0,0
194,476,114,789,3452,-541,0,0
75,259,-14,684,3617,-550,0,0
-91,250,-66,747,3557,-705,0,0
-147,104,4,780,3738,-733,0,0
-184,-42,71,764,3706,-702,0,0
-278,-258,107,743,3781,-641,0,0
-382,-428,39,763,3967,-734,0,0
-392,-717,-65,833,3761,-826,0,0
-255,-967,-68,648,3898,-652,0,0
-66,-626,-9,441,4179,-490,0,0
60,67,66,524,3907,-456,0,0
98,426,176,660,3862,-438,0,0
63,342,217,695,3976,-521,0,0
65,115,187,583,3832,-401,0,0
47,181,182,466,3406,-316,0,0
-19,445,236,461,2961,-188,0,0
-176,731,212,516,3007,-117,0,0
-423,902,-55,673,3557,-194,0,0
-713,622,-620,944,4084,-511,0,0
-858,-246,-1187,1082,4630,-775,0,0
-738,-1227,-1355,942,4748,-632,0,0
-505,-1380,-1038,592,4589,-288,0,0
-321,-714,-496,425,4282,-336,0,0
-138,-38,56,579,4187,-369,0,0
-11,181,465,697,4022,-301,0,0
5,-38,679,697,3761,-199,0,0
-9,-375,679,640,3777,-63,0,0
3,-464,484,537,3729,20,0,0
43,-239,246,522,3726,34,0,0
99,66,55,589,3840,32,0,0
145,236,-26,648,3869,15,0,0
138,267,13,690,3920,-20,0,0
76,151,84,725,3880,-101,0,0
11,-156,165,772,3844,-93,0,0
-47,-475,179,721,3913,-73,0,0
-104,-678,113,731,3844,-120,0,0
-102,-798,59,691,3834,-109,0,0
-32,-688,46,621,3787,-122,0,0
52,-403,67,659,3754,-173,0,0
98,-264,63,717,3705,-262,0,0
143,-309,59,698,3629,-272,0,0
215,-233,72,637,3758,-333,0,0
274,-15,40,688,3920,-415,0,0
306,81,-24,725,3922,-422,0,0
287,72,-43,742,3784,-472,0,0
248,2,-20,776,3782,-525,0,0
245,-112,14,745,3857,-517,0,0
254,-115,47,658,3763,-542,0,0
276,32,64,673,3678,-568,0,0
306,109,44,698,3742,-599,0,0
322,160,12,656,3751,-572,0,0
307,311,-19,698,3706,-619,0,0
246,322,-39,750,3595,-663,0,0
181,247,-41,755,3661,-694,0,0
130,172,-71,807,3787,-727,0,0
55,11,-124,777,3731,-755,0,0
-7,-89,-133,764,3633,-808,0,0
-2,-132,-108,756,3697,-876,0,0
39,-163,-86,720,3751,-914,0,0
95,-101,-67,665,3749,-917,0,0
147,85,-54,667,3697,-971,0,0
198,219,-37,735,3708,-982,0,0
229,212,-24,726,3796,-995,0,0
236,216,-15,718,3749,-1016,0,0
234,225,-13,746,3733,-1099,0,0
249,162,22,717,3677,-1104,0,0
263,170,61,676,3617,-1073,0,0
235,206,91,699,3640,-1123,0,0
188,131,63,703,3597,-1158,0,0
154,26,0,708,3548,-1161,0,0
130,-37,-52,706,3621,-1157,0,0
113,-28,-89,696,3676,-1175,0,0
104,30,-101,704,3575,-1195,0,0
103,97,-80,708,3509,-1160,0,0
88,156,-65,717,3587,-1162,0,0
36,145,-88,749,3676,-1204,0,0
-15,77,-132,749,3619,-1219,0,0
-46,50,-140,752,3559,-1234,0,0
-75,24,-106,759,3572,-1268,0,0
-94,-49,-61,758,3560,-1309,0,0
-79,-137,-10,716,3503,-1308,0,0
-35,-137,32,670,3537,-1257,0,0
8,-10,51,642,3604,-1216,0,0
17,100,64,700,3623,-1245,0,0
16,40,87,687,3536,-1200,0,0
20,-30,116,653,3472,-1179,0,0
45,-34,149,591,3337,-1152,0,0
93,63,171,613,3486,-1110,0,0
107,159,129,625,3920,-1186,0,0
102,252,66,612,4066,-1155,0,0
75,382,38,655,3759,-1132,0,0
13,305,75,712,3393,-1134,0,0
-64,22,100,695,3401,-1150,0,0
-124,-198,32,612,3576,-1089,0,0
-170,-100,-91,583,3688,-1004,0,0
-242,112,-204,757,3711,-1080,0,0
-319,-8,-241,842,3691,-1106,0,0
-362,-195,-184,794,3729,-1087,0,0
-374,-233,-97,773,3825,-1116,0,0
-358,-253,-36,779,3774,-1155,0,0
-293,-325,15,767,3748,-1128,0,0
-205,-362,49,698,3785,-1107,0,0
-126,-289,75,651,3782,-1069,0,0
-38,-153,90,668,3693,-1018,0,0
17,-116,98,695,3653,-1012,0,0
35,-173,96,677,3717,-957,0,0
45,-178,60,676,3786,-944,0,0
45,-170,19,690,3742,-933,0,0
62,-168,19,690,3703,-914,0,0
97,-144,46,690,3710,-893,0,0
125,-112,63,655,3733,-847,0,0
134,-10,41,668,3696,-832,0,0
126,60,0,713,3663,-842,0,0
99,58,-47,760,3645,-863,0,0
67,17,-74,756,3693,-891,0,0
43,56,-73,740,3687,-923,0,0
39,126,-28,735,3640,-917,0,0
24,181,13,750,3659,-976,0,0
-4,152,14,724,3712,-1007,0,0
9,209,-6,702,3786,-1006,0,0
21,304,-2,720,3758,-1003,0,0
-24,287,20,707,3645,-1024,0,0
-76,205,17,687,3612,-1074,0,0
-91,137,-4,658,3618,-1074,0,0
-108,125,-28,658,3662,-1116,0,0
-114,81,-55,653,3647,-1157,0,0
-67,80,-65,674,3623,-1132,0,0
-10,137,-48,688,3715,-1114,0,0
-3,142,-42,730,3744,-1128,0,0
1,66,-39,725,3698,-1121,0,0
44,72,-11,712,3691,-1105,0,0
82,93,33,690,3650,-1099,0,0
126,128,70,672,3597,-1014,0,0
145,169,74,718,3680,-1022,0,0
103,49,42,712,3634,-1003,0,0
67,-23,35,705,3648,-997,0,0
76,-8,54,720,3725,-1014,0,0
79,-10,67,708,3795,-1048,0,0
90,4,77,685,3726,-1020,0,0
104,37,100,674,3601,-991,0,0
77,-1,106,657,3632,-995,0,0
47,-65,46,648,3650,-1002,0,0
18,-114,-47,690,3665,-1024,0,0
-20,-151,-92,702,3685,-1015,0,0
-67,-165,-101,779,3732,-1083,0,0
-121,-292,-111,775,3715,-1174,0,0
-104,-344,-101,739,3712,-1169,0,0
-39,-223,-68,741,3802,-1181,0,0
-12,-151,-42,754,3799,-1226,0,0
30,-166,-28,748,3721,-1208,0,0
107,-143,-2,694,3590,-1172,0,0
157,-67,34,674,3595,-1121,0,0
185,31,6,704,3711,-1079,0,0
166,67,-38,753,3680,-1063,0,0
110,21,-16,764,3610,-1059,0,0
77,-18,47,717,3607,-1053,0,0
53,7,103,671,3590,-1037,0,0
-1,31,117,676,3624,-1069,0,0
-52,-20,83,648,3571,-1103,0,0
-82,-35,53,634,3567,-1111,0,0
-109,-19,30,640,3619,-1141,0,0
-138,-23,6,656,3585,-1165,0,0
-145,-37,-8,654,3572,-1177,0,0
-133,-38,-22,647,3555,-1177,0,0
-111,-7,-32,628,3497,-1152,0,0
-67,79,-31,646,3498,-1138,0,0
-17,136,-26,641,3503,-1139,0,0
26,188,-17,647,3552,-1080,0,0
36,241,-41,710,3785,-1054,0,0
-22,222,-90,761,3961,-1016,0,0
-129,160,-100,781,3832,-1038,0,0
-212,37,-34,748,3590,-1074,0,0
-218,-49,45,665,3572,-1087,0,0
-186,-15,57,612,3697,-1081,0,0
-156,65,5,666,3818,-1093,0,0
-135,28,-42,718,3764,-1127,0,0
-83,-40,-15,665,3641,-1075,0,0
-7,31,34,658,3679,-1069,0,0
47,58,21,668,3779,-1042,0,0
75,75,-22,688,3690,-970,0,0
61,90,-5,730,3586,-939,0,0
19,19,31,750,3647,-961,0,0
11,-78,17,736,3783,-979,0,0
45,-57,-18,712,3724,-933,0,0
67,75,2,725,3613,-855,0,0
26,160,59,788,3637,-842,0,0
-67,28,67,819,3695,-896,0,0
-146,-186,47,769,3803,-941,0,0
-136,-190,54,733,3872,-983,0,0
-75,-82,100,700,3802,-1011,0,0
-20,-2,162,678,3770,-1030,0,0
14,-21,176,675,3745,-1072,0,0
29,-130,132,632,3727,-1078,0,0
53,-158,64,632,3782,-1117,0,0
97,-165,5,641,3715,-1157,0,0
163,-139,8,632,3673,-1140,0,0
236,-59,42,646,3750,-1129,0,0
263,-40,47,656,3727,-1127,0,0
254,-68,32,655,3722,-1124,0,0
259,-76,-2,650,3698,-1147,0,0
251,-70,-31,660,3610,-1124,0,0
228,-51,-50,689,3644,-1133,0,0
193,-58,-76,710,3616,-1157,0,0
167,-62,-82,715,3553,-1169,0,0
147,-50,-66,736,3598,-1223,0,0
122,-68,-49,709,3683,-1260,0,0
107,-26,-34,691,3540,-1294,0,0
109,3,-11,671,3378,-1316,0,0
123,45,-12,642,3378,-1309,0,0
120,103,-33,667,3428,-1313,0,0
109,157,-58,695,3384,-1258,0,0
72,221,-39,758,3466,-1305,0,0
-15,113,-12,751,3512,-1394,0,0
-34,22,-20,648,3374,-1355,0,0
6,165,-31,629,3344,-1313,0,0
-22,270,-58,760,3616,-1364,0,0
-97,138,-140,810,3795,-1396,0,0
-138,45,-196,759,3695,-1388,0,0
-122,145,-149,736,3562,-1381,0,0
-85,275,-56,761,3515,-1377,0,0
-70,289,4,755,3557,-1368,0,0
-83,253,3,743,3650,-1369,0,0
-102,215,-31,774,3660,-1378,0,0
-115,138,-33,746,3570,-1352,0,0
-108,128,-17,719,3607,-1353,0,0
-95,135,-29,727,3665,-1350,0,0
-85,123,-43,750,3650,-1318,0,0
-86,79,-37,749,3581,-1305,0,0
-81,29,-15,735,3577,-1280,0,0
-57,8,-3,732,3635,-1259,0,0
-45,-8,2,703,3668,-1249,0,0
-27,25,22,695,3641,-1215,0,0
6,64,38,707,3646,-1200,0,0
5,31,31,695,3611,-1158,0,0
-17,23,19,705,3623,-1123,0,0
-45,2,-7,748,3649,-1133,0,0
-82,-84,-22,726,3616,-1135,0,0
-95,-93,-3,718,3617,-1133,0,0
-82,-73,30,741,3700,-1160,0,0
-79,-92,51,711,3723,-1176,0,0
-62,-92,61,694,3710,-1200,0,0
-30,-108,56,687,3645,-1217,0,0
1,-114,53,669,3651,-1183,0,0
19,-89,38,707,3707,-1191,0,0
17,-137,11,710,3692,-1183,0,0
25,-162,10,707,3640,-1173,0,0
45,-155,29,689,3619,-1136,0,0
46,-129,37,686,3611,-1121,0,0
35,-155,23,729,3688,-1144,0,0
50,-201,5,708,3686,-1138,0,0
77,-130,33,696,3714,-1097,0,0
88,-35,71,702,3730,-1101,0,0
63,-33,84,698,3652,-1085,0,0
18,-92,83,686,3621,-1108,0,0
-20,-163,66,649,3634,-1136,0,0
-31,-151,40,612,3636,-1133,0,0
-40,-89,15,634,3637,-1162,0,0
-49,-95,-11,616,3606,-1178,0,0
-46,-74,-28,605,3601,-1153,0,0
-60,-35,-36,616,3587,-1172,0,0
-82,-52,-50,607,3531,-1177,0,0
-67,-24,-65,598,3526,-1178,0,0
-55,10,-68,603,3527,-1202,0,0
-27,52,-60,575,3481,-1156,0,0
2,149,-58,642,3527,-1142,0,0
-35,86,-80,690,3723,-1140,0,0
-86,44,-112,666,3816,-1116,0,0
-101,126,-87,712,3707,-1137,0,0
-106,119,6,703,3615,-1134,0,0
-100,97,72,651,3672,-1125,0,0
-91,117,44,646,3730,-1123,0,0
-105,108,-11,696,3692,-1103,0,0
-133,37,-30,703,3673,-1123,0,0
-136,-26,-17,679,3674,-1124,0,0
-92,-3,-18,680,3745,-1145,0,0
-31,48,-17,677,3762,-1113,0,0
20,123,11,686,3712,-1053,0,0
24,122,38,680,3648,-1029,0,0
6,56,39,653,3622,-999,0,0
-7,30,14,670,3650,-984,0,0
-23,2,-28,670,3689,-991,0,0
-23,28,-29,674,3671,-969,0,0
-3,80,-7,706,3682,-957,0,0
-8,61,19,694,3661,-928,0,0
-25,62,31,693,3693,-923,0,0
-40,50,26,719,3731,-933,0,0
-57,7,24,691,3705,-923,0,0
-59,39,52,672,3686,-918,0,0
-61,82,81,671,3702,-943,0,0
-81,61,87,644,3714,-952,0,0
-91,39,82,612,3714,-992,0,0
-84,-6,56,573,3749,-1048,0,0
-83,-36,18,591,3831,-1065,0,0
-60,-58,-13,632,3842,-1068,0,0
-8,-59,-21,661,3746,-1021,0,0
46,-52,-3,652,3715,-999,0,0
79,-39,-1,650,3744,-965,0,0
86,-27,-11,678,3729,-934,0,0
79,-34,-5,702,3756,-920,0,0
69,-61,4,688,3728,-901,0,0
42,-63,24,679,3695,-876,0,0
13,-59,38,668,3692,-885,0,0
-13,-81,26,674,3706,-900,0,0
-37,-100,20,661,3736,-914,0,0
-46,-75,34,669,3717,-941,0,0
-48,-75,53,646,3698,-935,0,0
-59,-74,62,623,3694,-971,0,0
-56,-78,49,606,3655,-1001,0,0
-27,-55,28,601,3605,-989,0,0
-19,-23,27,616,3610,-997,0,0
-20,-29,30,628,3603,-1031,0,0
13,-34,32,577,3491,-1024,0,0
73,41,51,599,3520,-988,0,0
87,70,27,678,3747,-970,0,0
34,19,-44,722,3866,-930,0,0
-50,-43,-71,807,3844,-929,0,0
-114,-197,-35,801,3789,-981,0,0
-112,-274,25,720,3743,-973,0,0
-59,-157,84,678,3737,-954,0,0
-29,-49,106,730,3721,-944,0,0
-46,-100,99,717,3694,-918,0,0
-75,-164,92,695,3703,-910,0,0
-88,-190,79,675,3690,-926,0,0
-83,-173,60,659,3663,-917,0,0
-59,-130,34,683,3722,-918,0,0
-51,-131,14,707,3673,-897,0,0
-57,-121,24,716,3685,-874,0,0
-69,-125,31,754,3746,-893,0,0
-94,-203,23,727,3709,-954,0,0
-91,-214,23,709,3666,-1077,0,0
-70,-228,21,733,3707,-1111,0,0
-58,-278,6,749,3702,-1045,0,0
-34,-269,7,762,3697,-951,0,0
-14,-254,19,792,3707,-916,0,0
-6,-266,50,769,3693,-864,0,0
-12,-220,86,789,3737,-883,0,0
-38,-233,76,780,3717,-906,0,0
-52,-237,72,799,3609,-910,0,0
-65,-290,105,786,3626,-909,0,0
-68,-333,101,724,3731,-932,0,0
-47,-304,67,753,3807,-937,0,0
-13,-275,47,707,3791,-928,0,0
11,-170,44,697,3747,-931,0,0
22,-104,30,731,3776,-948,0,0
15,-119,6,724,3719,-953,0,0
-3,-126,10,694,3629,-925,0,0
-13,-103,11,700,3626,-913,0,0
-22,-105,-16,712,3664,-909,0,0
-28,-94,-41,738,3720,-901,0,0
-16,-68,-39,729,3702,-888,0,0
1,17,-4,682,3525,-863,0,0
26,145,33,709,3565,-852,0,0
18,149,1,766,3738,-923,0,0
-6,70,-55,758,3757,-933,0,0
12,141,-63,773,3752,-977,0,0
37,185,-16,805,3769,-1013,0,0
63,175,51,756,3715,-1008,0,0
90,229,137,697,3639,-1000,0,0
114,300,206,654,3670,-975,0,0
91,309,215,650,3680,-966,0,0
28,209,176,604,3598,-971,0,0
0,137,117,587,3554,-1000,0,0
-2,81,40,574,3698,-995,0,0
-26,91,-42,576,3718,-970,0,0
-63,106,-91,682,3629,-982,0,0
-105,-32,-122,720,3663,-1014,0,0
-113,-151,-165,679,3719,-1011,0,0
-83,-116,-225,715,3754,-1012,0,0
-31,-48,-252,784,3871,-996,0,0
8,-13,-208,822,3936,-981,0,0
12,-13,-94,774,3762,-963,0,0
23,2,23,733,3644,-971,0,0
49,-18,64,683,3615,-948,0,0
48,-4,31,652,3547,-922,0,0
25,13,-26,703,3617,-923,0,0
10,-22,-70,762,3781,-938,0,0
-22,-82,-54,779,3844,-944,0,0
-60,-119,19,745,3846,-1015,0,0
-42,-132,78,676,3753,-1053,0,0
3,-108,100,626,3678,-1067,0,0
29,-97,84,613,3675,-1051,0,0
55,-87,16,617,3633,-1015,0,0
61,-85,-48,643,3615,-989,0,0
74,-56,-82,679,3691,-969,0,0
72,-29,-94,718,3700,-962,0,0
78,3,-76,721,3740,-942,0,0
92,72,-40,753,3744,-944,0,0
74,74,8,727,3722,-940,0,0
59,105,34,692,3723,-937,0,0
42,131,42,683,3589,-934,0,0
8,128,36,662,3605,-945,0,0
-22,111,-20,685,3725,-1013,0,0
-9,90,-85,664,3605,-990,0,0
33,196,-85,699,3677,-963,0,0
39,245,-71,748,3741,-961,0,0
7,202,-82,757,3743,-969,0,0
-22,160,-97,747,3749,-1009,0,0
-17,176,-93,743,3781,-1032,0,0
5,230,-74,757,3824,-1085,0,0
23,226,-32,741,3649,-1127,0,0
85,217,38,667,3492,-1119,0,0
159,266,93,639,3580,-1102,0,0
195,311,87,648,3839,-1120,0,0
207,312,65,647,3717,-1095,0,0
199,283,102,639,3468,-1112,0,0
185,190,111,603,3454,-1156,0,0
216,174,40,570,3596,-1082,0,0
201,290,-15,674,3698,-1098,0,0
104,181,-28,716,3659,-1169,0,0
78,39,-55,643,3532,-1165,0,0
79,97,-72,610,3559,-1136,0,0
37,220,-103,674,3750,-1164,0,0
-20,225,-165,745,3672,-1214,0,0
-52,148,-168,704,3478,-1198,0,0
-60,138,-117,711,3555,-1232,0,0
-47,138,-102,704,3673,-1240,0,0
-32,180,-109,718,3676,-1238,0,0
-32,187,-87,719,3636,-1262,0,0
-26,136,-60,700,3576,-1273,0,0
-3,123,-61,689,3659,-1247,0,0
3,140,-77,738,3711,-1248,0,0
-6,113,-58,730,3665,-1212,0,0
2,110,-14,708,3535,-1182,0,0
-8,96,7,687,3545,-1094,0,0
-53,76,-43,765,3733,-1157,0,0
-76,-16,-62,708,3704,-1160,0,0
-17,111,32,675,3658,-1128,0,0
1,181,115,677,3669,-1134,0,0
-45,99,91,665,3699,-1112,0,0
-77,5,-14,697,3689,-1136,0,0
-96,-88,-45,676,3649,-1142,0,0
-66,-54,6,650,3625,-1116,0,0
-15,29,57,662,3691,-1077,0,0
-35,-12,56,686,3721,-1058,0,0
-60,-115,18,667,3671,-1045,0,0
-44,-115,9,673,3668,-1055,0,0
-8,-52,48,622,3639,-1028,0,0
20,62,66,676,3684,-1034,0,0
-4,1,27,707,3719,-1059,0,0
-33,-101,-1,695,3642,-1040,0,0
-19,-90,26,669,3654,-1054,0,0
-1,-40,48,660,3687,-1068,0,0
4,-45,13,700,3718,-1056,0,0
-5,-105,-40,742,3727,-1043,0,0
-43,-169,-36,741,3682,-1017,0,0
-68,-183,-6,754,3699,-1057,0,0
-71,-227,-5,738,3705,-1076,0,0
-41,-195,-2,711,3759,-1059,0,0
-6,-98,35,719,3738,-1060,0,0
-4,-100,83,683,3606,-1015,0,0
-18,-127,89,656,3636,-1016,0,0
-41,-171,34,652,3702,-1055,0,0
-33,-178,-19,635,3628,-1069,0,0
15,-78,-2,673,3718,-1058,0,0
31,-25,37,689,3749,-1076,0,0
12,-44,69,644,3618,-1060,0,0
3,-44,76,639,3548,-1068,0,0
-19,-92,50,628,3592,-1100,0,0
-25,-97,1,622,3626,-1095,0,0
-19,-53,-9,669,3653,-1116,0,0
-5,-70,9,664,3688,-1129,0,0
15,-68,5,655,3719,-1104,0,0
21,-15,5,678,3797,-1084,0,0
-13,-44,6,716,3775,-1165,0,0
-21,-174,3,623,3567,-1141,0,0
26,-103,20,558,3516,-1121,0,0
79,49,25,592,3567,-1067,0,0
85,110,-13,681,3643,-1021,0,0
26,38,-32,719,3698,-996,0,0
-50,-26,-26,750,3757,-1039,0,0
-94,-99,-13,702,3710,-1084,0,0
-63,-48,31,651,3617,-1074,0,0
-17,49,75,638,3603,-1058,0,0
-10,69,53,643,3664,-1031,0,0
-28,63,-2,695,3670,-1023,0,0
-55,33,-2,698,3626,-1014,0,0
-70,39,35,697,3663,-1036,0,0
-66,38,50,715,3786,-1049,0,0
-83,-4,46,713,3767,-1102,0,0
-90,-39,71,663,3708,-1116,0,0
-57,-22,72,666,3685,-1157,0,0
-44,-78,43,632,3711,-1175,0,0
-32,-97,3,684,3793,-1174,0,0
6,-110,-8,681,3761,-1139,0,0
57,-47,14,662,3662,-1104,0,0
70,-31,6,691,3612,-1103,0,0
69,-94,-41,672,3531,-1072,0,0
92,-46,-73,723,3518,-1022,0,0
95,5,-74,771,3649,-1014,0,0
74,11,-56,789,3651,-993,0,0
66,44,-5,805,3660,-988,0,0
35,38,63,786,3694,-1016,0,0
0,30,102,724,3635,-1002,0,0
-47,52,98,747,3653,-1060,0,0
-110,-47,68,731,3695,-1111,0,0
-127,-118,38,692,3683,-1146,0,0
-93,-92,34,660,3657,-1129,0,0
-56,-16,38,691,3676,-1140,0,0
-36,-39,18,703,3692,-1143,0,0
-4,-43,-1,677,3642,-1089,0,0
25,41,22,689,3607,-1046,0,0
3,30,23,723,3673,-1038,0,0
-29,-52,-21,715,3708,-1048,0,0
-15,-25,-35,714,3679,-1028,0,0
-7,32,-19,747,3685,-1046,0,0
-28,-3,-19,736,3713,-1042,0,0
-41,-11,-34,732,3697,-1083,0,0
-30,4,-37,701,3623,-1076,0,0
0,81,-31,742,3608,-1072,0,0
6,65,-24,747,3638,-1046,0,0
5,82,-16,731,3672,-1022,0,0
0,131,-2,756,3670,-1047,0,0
-10,82,14,774,3649,-1057,0,0
-14,11,34,727,3647,-1035,0,0
-6,44,57,712,3694,-1020,0,0
-16,50,56,737,3728,-1030,0,0
-40,-25,52,713,3734,-1032,0,0
-42,-43,60,688,3726,-1039,0,0
-39,-49,74,672,3692,-1059,0,0
-38,-69,63,644,3667,-1078,0,0
-11,-71,34,656,3701,-1082,0,0
24,-66,1,674,3717,-1069,0,0
26,-75,-17,688,3683,-1028,0,0
24,-67,-22,717,3685,-1002,0,0
11,-96,-35,741,3710,-1011,0,0
-6,-125,-42,727,3691,-1000,0,0
2,-79,-28,751,3651,-1000,0,0
2,-62,3,752,3665,-981,0,0
-19,-63,23,751,3706,-1009,0,0
-31,-84,29,745,3737,-1056,0,0
-16,-82,41,721,3674,-1075,0,0
4,-58,67,689,3674,-1073,0,0
21,-44,66,682,3660,-1092,0,0
39,-50,47,645,3571,-1067,0,0
60,4,47,623,3485,-1005,0,0
57,52,56,637,3460,-989,0,0
8,-54,48,689,3406,-1090,0,0
-66,-364,15,647,3687,-1140,0,0
-84,-417,-94,538,3960,-1106,0,0
-57,-136,-208,644,3901,-1092,0,0
-17,42,-197,769,3719,-1064,0,0
0,58,-57,735,3645,-1032,0,0
7,87,53,686,3651,-1022,0,0
7,109,61,675,3628,-1008,0,0
-13,108,36,711,3597,-1007,0,0
-48,44,20,730,3689,-1037,0,0
-61,6,40,724,3737,-1062,0,0
-50,-8,70,731,3734,-1086,0,0
-42,-49,80,689,3670,-1069,0,0
-34,-30,91,700,3646,-1082,0,0
-34,-59,91,721,3684,-1116,0,0
-39,-123,79,707,3702,-1113,0,0
-17,-103,80,726,3686,-1110,0,0
-12,-111,102,735,3632,-1102,0,0
-4,-140,94,690,3676,-1115,0,0
35,-69,65,688,3683,-1127,0,0
85,38,50,724,3664,-1149,0,0
118,113,64,712,3685,-1162,0,0
148,197,84,718,3717,-1163,0,0
126,176,56,715,3712,-1191,0,0
70,81,-19,706,3621,-1237,0,0
82,57,-72,738,3568,-1233,0,0
101,71,-89,800,3620,-1204,0,0
67,21,-98,810,3597,-1185,0,0
53,0,-102,836,3555,-1174,0,0
46,-19,-84,833,3541,-1166,0,0
27,-12,-41,830,3617,-1148,0,0
27,36,-11,843,3652,-1152,0,0
12,40,19,820,3603,-1146,0,0
-9,36,40,795,3594,-1149,0,0
-26,23,37,789,3601,-1158,0,0
-48,12,28,767,3588,-1152,0,0
-77,13,24,779,3601,-1184,0,0
-79,-13,14,776,3632,-1208,0,0
-70,-10,16,770,3617,-1206,0,0
-59,10,41,762,3637,-1215,0,0
-45,3,43,759,3642,-1218,0,0
-30,-10,33,731,3620,-1197,0,0
-8,24,36,731,3577,-1192,0,0
11,32,55,715,3580,-1130,0,0
10,46,60,724,3621,-1107,0,0
-24,9,13,732,3674,-1115,0,0
-39,-30,-57,742,3661,-1120,0,0
-35,-29,-75,761,3658,-1112,0,0
-27,-6,-52,761,3647,-1101,0,0
-19,-1,-40,769,3567,-1111,0,0
-14,-34,-36,772,3480,-1116,0,0
12,-41,-19,801,3584,-1115,0,0
26,-53,-7,788,3701,-1123,0,0
36,-21,24,749,3540,-1047,0,0
53,50,77,781,3573,-1050,0,0
6,-46,63,748,3761,-1058,0,0
-56,-65,8,736,3806,-1035,0,0
-99,-23,4,792,3619,-1049,0,0
-142,-96,44,729,3609,-1073,0,0
-137,-100,52,697,3642,-1087,0,0
-118,-87,28,728,3643,-1075,0,0
-121,-102,14,738,3719,-1066,0,0
-112,-91,23,758,3702,-1086,0,0
-82,-100,50,746,3692,-1095,0,0
-50,-95,68,707,3684,-1067,0,0
-28,-49,80,723,3675,-1052,0,0
-28,-79,76,710,3635,-1035,0,0
-44,-127,59,700,3624,-1034,0,0
-50,-140,21,725,3695,-1043,0,0
-34,-121,-12,749,3685,-1027,0,0
-37,-101,2,766,3618,-1041,0,0
-29,-106,10,767,3644,-1035,0,0
-13,-110,-36,810,3732,-1023,0,0
-20,-109,-72,820,3749,-985,0,0
-26,-69,-58,888,3786,-1028,0,0
-33,-123,-31,851,3760,-1072,0,0
0,-78,21,798,3675,-1070,0,0
30,2,78,805,3681,-1091,0,0
27,-38,91,763,3684,-1082,0,0
26,-38,68,748,3651,-1073,0,0
34,-28,33,761,3695,-1082,0,0
26,-50,3,757,3646,-1072,0,0
33,-13,12,750,3626,-1071,0,0
48,26,11,770,3661,-1075,0,0
31,22,-17,787,3630,-1039,0,0
-4,23,-19,817,3562,-1043,0,0
-37,-16,9,817,3561,-1065,0,0
-47,-42,28,762,3607,-1053,0,0
-45,12,27,781,3610,-1073,0,0
-26,34,16,796,3652,-1102,0,0
13,67,20,801,3667,-1073,0,0
35,125,37,806,3689,-1057,0,0
32,144,31,822,3647,-1051,0,0
25,126,19,834,3595,-1048,0,0
20,105,5,852,3663,-1042,0,0
14,107,-5,848,3549,-1007,0,0
20,122,-1,830,3439,-1050,0,0
68,108,-16,851,3540,-1080,0,0
136,158,-63,883,3910,-1075,0,0
110,203,-71,874,3799,-1070,0,0
94,230,0,882,3814,-1054,0,0
84,155,-7,845,3859,-1094,0,0
23,77,-5,691,3461,-1015,0,0
40,205,50,721,3197,-1106,0,0
68,106,26,747,3532,-1127,0,0
50,28,-134,700,3803,-1048,0,0
8,167,-267,835,3862,-1053,0,0
-43,178,-265,885,3744,-1105,0,0
-38,155,-122,854,3628,-1124,0,0
-2,109,33,823,3670,-1171,0,0
54,47,92,678,3661,-1156,0,0
133,196,93,666,3621,-1154,0,0
164,276,71,702,3565,-1157,0,0
133,221,14,679,3508,-1149,0,0
88,179,-67,697,3478,-1154,0,0
49,148,-131,768,3528,-1146,0,0
12,93,-162,805,3608,-1147,0,0
-12,67,-149,820,3752,-1150,0,0
-16,70,-109,844,3723,-1153,0,0
-32,25,-53,831,3646,-1145,0,0
-49,-37,-27,773,3644,-1159,0,0
-31,9,-39,751,3678,-1175,0,0
13,97,-35,805,3680,-1199,0,0
44,88,19,781,3680,-1179,0,0
67,76,67,742,3675,-1174,0,0
63,44,80,720,3645,-1143,0,0
43,26,58,718,3647,-1137,0,0
17,-13,17,703,3626,-1132,0,0
3,-19,5,697,3614,-1129,0,0
8,12,13,704,3662,-1138,0,0
-6,10,14,691,3668,-1117,0,0
-35,8,15,689,3633,-1134,0,0
-43,-17,10,684,3621,-1151,0,0
-45,-38,-12,690,3623,-1127,0,0
-59,-41,-30,717,3659,-1127,0,0
-74,-64,-41,771,3643,-1141,0,0
-76,-110,-30,769,3601,-1136,0,0
-69,-107,13,746,3561,-1122,0,0
-54,-63,59,758,3594,-1137,0,0
-51,-73,83,755,3555,-1141,0,0
-60,-110,84,750,3644,-1173,0,0
-33,-133,54,750,3500,-1187,0,0
27,-120,48,797,3534,-1144,0,0
71,-100,53,817,3782,-1147,0,0
84,-86,64,805,3621,-1095,0,0
69,-85,91,802,3571,-1124,0,0
34,-177,69,770,3610,-1167,0,0
4,-237,13,749,3600,-1170,0,0
-4,-184,-8,762,3670,-1205,0,0
15,-93,10,800,3800,-1226,0,0
29,-49,28,785,3673,-1199,0,0
37,-20,32,761,3471,-1155,0,0
67,7,-15,787,3454,-1155,0,0
115,99,-37,798,3518,-1121,0,0
146,278,-14,877,3589,-1107,0,0
122,361,57,901,3569,-1092,0,0
48,335,126,940,3636,-1162,0,0
-38,165,116,909,3789,-1265,0,0
-42,111,32,904,4078,-1384,0,0
3,142,-41,860,3752,-1340,0,0
-10,188,6,856,3123,-1279,0,0
-69,39,74,839,3161,-1318,0,0
-60,-111,24,789,3641,-1311,0,0
-36,-124,-59,845,3867,-1256,0,0
-47,-155,-84,793,3681,-1155,0,0
-56,-60,-68,751,3479,-1069,0,0
-85,22,-48,845,3504,-1083,0,0
-147,-110,-92,902,3719,-1171,0,0
-161,-231,-140,866,3766,-1190,0,0
-117,-170,-84,855,3697,-1195,0,0
-74,-122,37,807,3607,-1193,0,0
-39,-126,103,739,3571,-1179,0,0
-4,-97,73,714,3605,-1166,0,0
23,-60,-18,744,3698,-1163,0,0
44,-19,-58,773,3677,-1150,0,0
67,16,-17,753,3658,-1138,0,0
81,39,14,738,3627,-1121,0,0
73,31,2,728,3665,-1106,0,0
57,32,-33,725,3680,-1146,0,0
52,42,-35,721,3640,-1163,0,0
62,67,-12,705,3585,-1184,0,0
55,58,-2,684,3581,-1193,0,0
51,78,-19,693,3590,-1194,0,0
34,72,-42,727,3592,-1224,0,0
33,52,-50,705,3607,-1241,0,0
56,105,-32,728,3600,-1242,0,0
54,119,-14,726,3580,-1251,0,0
41,121,-11,724,3490,-1246,0,0
27,109,-12,735,3476,-1266,0,0
2,41,-10,709,3528,-1276,0,0
-1,28,-24,701,3513,-1250,0,0
3,55,-33,732,3565,-1261,0,0
-3,27,-47,757,3682,-1249,0,0
3,38,-58,780,3710,-1232,0,0
0,57,-41,782,3668,-1193,0,0
-4,72,-14,773,3623,-1192,0,0
-9,65,9,748,3593,-1209,0,0
-8,60,5,738,3594,-1218,0,0
-12,54,-6,758,3603,-1212,0,0
-21,44,4,765,3623,-1201,0,0
-41,17,14,754,3624,-1210,0,0
-50,-13,8,741,3641,-1210,0,0
-38,-13,-4,743,3615,-1201,0,0
-27,19,12,735,3627,-1194,0,0
-19,56,27,731,3633,-1194,0,0
-26,47,25,713,3581,-1170,0,0
-43,28,12,701,3581,-1154,0,0
-61,12,-14,713,3598,-1154,0,0
-94,-19,-31,736,3565,-1171,0,0
-106,-50,-32,748,3622,-1167,0,0
-91,-48,-44,779,3736,-1180,0,0
-82,-49,-50,763,3748,-1184,0,0
-47,20,-13,768,3725,-1191,0,0
-8,50,64,744,3698,-1205,0,0
9,19,92,686,3671,-1191,0,0
16,15,66,691,3668,-1193,0,0
8,-28,9,694,3670,-1184,0,0
10,-47,-22,692,3627,-1159,0,0
18,-39,-18,718,3664,-1149,0,0
4,-79,-38,711,3680,-1155,0,0
-6,-97,-60,731,3646,-1142,0,0
7,-94,-60,764,3659,-1148,0,0
8,-118,-44,748,3649,-1128,0,0
19,-96,-18,766,3632,-1122,0,0
30,-100,11,753,3621,-1110,0,0
29,-78,39,708,3575,-1062,0,0
14,-30,56,736,3611,-1077,0,0
-15,-75,54,721,3650,-1104,0,0
-28,-86,59,691,3625,-1096,0,0
-25,-44,73,689,3675,-1125,0,0
-28,-33,73,674,3676,-1144,0,0
-24,-14,74,655,3647,-1157,0,0
-21,5,79,658,3633,-1184,0,0
-18,-10,72,633,3605,-1194,0,0
-2,3,42,634,3614,-1200,0,0
6,5,-3,646,3632,-1208,0,0
31,22,-31,656,3584,-1184,0,0
44,43,-27,703,3635,-1167,0,0
28,5,-33,685,3617,-1155,0,0
17,9,-43,680,3498,-1149,0,0
20,32,-44,703,3520,-1163,0,0
21,30,-65,731,3639,-1153,0,0
6,34,-89,763,3711,-1131,0,0
-20,43,-75,792,3675,-1139,0,0
-40,29,-5,786,3630,-1161,0,0
-36,20,48,747,3620,-1189,0,0
-24,32,57,723,3635,-1182,0,0
-14,58,58,750,3649,-1190,0,0
-28,20,63,724,3642,-1186,0,0
-34,14,71,710,3639,-1193,0,0
-32,22,80,698,3663,-1203,0,0
-41,4,70,687,3697,-1198,0,0
-54,-21,37,683,3641,-1201,0,0
-36,-25,13,685,3637,-1197,0,0
-12,-13,-6,701,3645,-1173,0,0
3,28,-12,733,3670,-1138,0,0
1,32,-21,780,3655,-1127,0,0
-20,-24,-28,746,3612,-1105,0,0
-26,-7,-23,755,3621,-1107,0,0
-26,8,-20,776,3649,-1098,0,0
-33,14,-13,777,3639,-1104,0,0
-39,13,9,782,3621,-1113,0,0
-39,-3,15,767,3641,-1124,0,0
-40,-27,7,757,3645,-1129,0,0
-27,7,15,777,3679,-1133,0,0
-19,4,27,768,3663,-1135,0,0
-23,-21,32,745,3668,-1140,0,0
-15,-31,26,751,3693,-1162,0,0
-10,-54,28,737,3691,-1153,0,0
-6,-61,33,725,3647,-1171,0,0
4,-92,26,727,3657,-1170,0,0
25,-121,4,720,3675,-1159,0,0
42,-103,7,713,3680,-1133,0,0
60,-61,17,726,3708,-1133,0,0
63,-72,14,699,3666,-1129,0,0
68,-54,15,680,3610,-1126,0,0
73,-33,9,693,3626,-1135,0,0
60,-46,-6,702,3626,-1123,0,0
38,-48,-17,713,3598,-1142,0,0
38,-50,-29,725,3626,-1164,0,0
45,-37,-28,740,3604,-1141,0,0
39,-8,-7,754,3649,-1133,0,0
20,-10,0,756,3627,-1154,0,0
6,-16,14,719,3596,-1157,0,0
3,12,30,709,3584,-1180,0,0
-4,11,33,678,3549,-1189,0,0
1,38,27,669,3520,-1186,0,0
0,51,21,685,3561,-1193,0,0
-4,36,12,681,3567,-1208,0,0
6,46,10,674,3556,-1203,0,0
27,88,6,692,3636,-1197,0,0
31,114,-9,737,3693,-1169,0,0
13,106,-23,752,3661,-1142,0,0
-21,107,-21,772,3629,-1147,0,0
-57,78,-14,771,3618,-1184,0,0
-74,42,-23,762,3606,-1209,0,0
-71,42,-28,758,3626,-1214,0,0
-56,71,-30,778,3678,-1237,0,0
-40,66,-21,777,3657,-1230,0,0
-17,87,12,762,3645,-1216,0,0
-11,71,25,729,3615,-1212,0,0
-14,42,1,727,3620,-1207,0,0
-9,27,-26,744,3645,-1201,0,0
-7,26,-25,762,3638,-1183,0,0
-9,24,-12,763,3591,-1177,0,0
-10,15,-2,763,3607,-1158,0,0
-22,-17,-17,782,3641,-1153,0,0
-36,-37,-18,780,3636,-1141,0,0
-31,-4,9,805,3658,-1155,0,0
-29,-22,26,771,3647,-1157,0,0
-25,-8,34,761,3624,-1156,0,0
-16,-5,39,766,3639,-1151,0,0
-21,-33,37,761,3687,-1159,0,0
-30,-66,38,751,3673,-1183,0,0
-13,-63,44,737,3653,-1194,0,0
7,-68,36,722,3629,-1163,0,0
9,-59,29,735,3682,-1146,0,0
-1,-80,11,743,3707,-1160,0,0
-3,-95,7,715,3629,-1144,0,0
7,-63,21,707,3610,-1148,0,0
3,-78,9,714,3652,-1156,0,0
-5,-84,-15,713,3616,-1156,0,0
2,-80,-15,727,3606,-1160,0,0
20,-77,-17,738,3635,-1170,0,0
33,-58,-12,746,3648,-1142,0,0
36,-21,1,778,3678,-1141,0,0
21,-47,14,761,3627,-1142,0,0
23,-33,36,724,3579,-1147,0,0
27,-14,44,724,3600,-1154,0,0
19,-27,35,709,3633,-1136,0,0
12,-5,30,728,3640,-1161,0,0
4,-16,34,704,3634,-1193,0,0
24,2,30,698,3591,-1193,0,0
36,25,25,704,3604,-1175,0,0
27,31,16,707,3600,-1165,0,0
13,22,5,706,3591,-1172,0,0
1,16,2,695,3585,-1193,0,0
-4,31,4,674,3538,-1219,0,0
5,60,1,673,3524,-1233,0,0
15,82,-16,697,3568,-1250,0,0
31,83,-46,736,3663,-1235,0,0
28,80,-72,789,3694,-1221,0,0
6,75,-60,807,3657,-1207,0,0
-1,73,-20,817,3591,-1221,0,0
12,61,17,784,3570,-1206,0,0
21,80,27,788,3607,-1220,0,0
14,74,33,795,3593,-1234,0,0
4,63,43,792,3589,-1257,0,0
-13,26,49,768,3568,-1263,0,0
-13,19,34,775,3574,-1277,0,0
-6,1,10,790,3571,-1257,0,0
6,27,9,828,3614,-1253,0,0
6,23,17,829,3651,-1255,0,0
-5,9,15,842,3664,-1231,0,0
-58,-63,4,869,3730,-1203,0,0
-161,-212,-24,828,3749,-1257,0,0
-184,-298,-53,758,3517,-1289,0,0
-98,-200,-3,771,3617,-1268,0,0
-31,-145,49,725,3725,-1217,0,0
-18,-103,32,684,3663,-1171,0,0
-1,-49,16,726,3649,-1214,0,0
26,-69,23,670,3658,-1191,0,0
29,-32,39,685,3665,-1195,0,0
-20,-149,35,714,3679,-1272,0,0
-57,-316,-1,580,3656,-1253,0,0
-38,-225,-38,568,3513,-1288,0,0
18,-138,-68,600,3440,-1270,0,0
86,-56,-91,655,3494,-1173,0,0
76,-7,-89,740,3688,-1159,0,0
29,-63,-81,784,3745,-1166,0,0
6,-125,-33,738,3659,-1148,0,0
-17,-130,52,665,3601,-1188,0,0
-8,-113,82,604,3507,-1219,0,0
17,-52,89,591,3524,-1185,0,0
-14,-20,90,622,3639,-1182,0,0
-91,-103,55,644,3659,-1264,0,0
-108,-180,27,589,3610,-1279,0,0
-57,-82,50,575,3622,-1276,0,0
-14,-16,57,577,3628,-1274,0,0
26,14,31,565,3547,-1254,0,0
69,89,41,582,3495,-1211,0,0
65,111,51,631,3656,-1188,0,0
10,48,14,678,3764,-1196,0,0
-18,7,-1,701,3695,-1180,0,0
-30,12,25,722,3645,-1212,0,0
-52,-56,28,701,3678,-1245,0,0
-35,-46,2,678,3551,-1215,0,0
-43,-3,7,738,3531,-1220,0,0
-74,-102,6,759,3736,-1275,0,0
-37,-128,-25,698,3726,-1248,0,0
28,39,16,663,3527,-1191,0,0
42,169,102,722,3568,-1191,0,0
4,37,92,703,3746,-1226,0,0
-22,-88,15,645,3652,-1211,0,0
-6,-4,21,653,3594,-1199,0,0
-4,43,47,665,3645,-1221,0,0
-29,-23,-3,638,3638,-1201,0,0
-55,-34,-46,676,3570,-1251,0,0
-35,-25,-57,673,3590,-1256,0,0
24,66,-55,720,3670,-1203,0,0
25,101,-17,761,3645,-1162,0,0
-16,23,6,749,3646,-3248,0,0
-14,-25,-2,688,3576,-1193,0,0
0,65,18,705,3552,-1206,0,0
-2,76,29,724,3574,-1210,0,0
6,78,32,726,3596,-1149,0,0
-23,71,46,753,3640,-1156,0,0
-76,-18,24,728,3688,-1166,0,0
-75,-19,-4,743,3629,-1182,0,0
-60,29,29,757,3640,-1176,0,0
-48,27,29,766,3738,-1206,0,0
-39,-12,-2,748,3663,-1183,0,0
-42,-8,2,780,3686,-1210,0,0
-49,-74,5,761,3736,-1260,0,0
-17,-72,6,703,3679,-1256,0,0
38,28,37,688,3622,-1227,0,0
47,42,59,696,3660,-1190,0,0
13,-30,28,673,3674,-1201,0,0
-15,-93,-18,671,3641,-1198,0,0
-15,-115,-42,678,3649,-1199,0,0
-8,-109,-49,692,3690,-1204,0,0
11,-88,-66,707,3639,-1194,0,0
28,-64,-58,721,3579,-1165,0,0
27,-57,-36,728,3585,-1148,0,0
12,-68,-27,734,3598,-1141,0,0
4,-53,-12,742,3601,-1138,0,0
-8,-44,22,744,3601,-1166,0,0
-6,-63,53,690,3583,-1190,0,0
27,-26,70,650,3521,-1185,0,0
54,35,86,626,3518,-1177,0,0
59,54,94,617,3492,-1217,0,0
75,46,87,578,3526,-1183,0,0
69,81,50,634,3689,-1182,0,0
6,19,-13,665,3762,-1179,0,0
-18,25,-58,695,3695,-1183,0,0
-28,49,-31,702,3613,-1177,0,0
-38,68,2,710,3646,-1211,0,0
-37,46,-13,702,3624,-1205,0,0
-28,81,-19,727,3618,-1194,0,0
-34,74,-12,754,3655,-1205,0,0
-44,35,-16,749,3704,-1237,0,0
-42,26,-18,745,3654,-1224,0,0
-67,6,-10,751,3614,-1242,0,0
-88,-68,-23,733,3664,-1294,0,0
-45,-78,-33,726,3620,-1289,0,0
25,7,-9,711,3588,-1230,0,0
56,97,21,723,3589,-1172,0,0
34,77,38,746,3560,-1146,0,0
-6,-6,38,695,3566,-1132,0,0
-29,1,27,720,3665,-1133,0,0
-59,-7,23,755,3758,-1171,0,0
-82,-40,20,733,3742,-1194,0,0
-90,-40,14,715,3614,-1248,0,0
-76,-45,21,688,3637,-1265,0,0
-40,-56,2,708,3743,-1288,0,0
-17,-77,-12,671,3772,-1265,0,0
14,-19,-6,678,3670,-1255,0,0
15,-50,-1,668,3598,-1257,0,0
5,-123,-28,624,3544,-1235,0,0
27,-107,-76,661,3517,-1203,0,0
55,-64,-88,695,3463,-1150,0,0
70,-2,-57,728,3455,-1090,0,0
75,40,-18,766,3517,-1075,0,0
45,34,12,785,3673,-1038,0,0
-15,26,18,830,3874,-1124,0,0
-64,-65,44,776,3739,-1182,0,0
-25,-33,118,671,3488,-1175,0,0
-6,30,181,651,3589,-1177,0,0
-48,-28,121,640,3769,-1215,0,0
-60,-103,10,636,3685,-1238,0,0
-24,-73,12,612,3591,-1227,0,0
18,20,63,590,3605,-1189,0,0
15,52,41,645,3733,-1186,0,0
-33,-46,-43,647,3696,-1184,0,0
-44,-66,-93,637,3667,-1184,0,0
-9,15,-95,651,3579,-1167,0,0
21,89,-78,672,3527,-1125,0,0
10,107,-68,729,3599,-1123,0,0
-23,49,-80,737,3592,-1129,0,0
-28,52,-53,725,3621,-1163,0,0
7,95,-6,742,3626,-1146,0,0
14,108,26,730,3704,-1095,0,0
-22,81,13,733,3693,-1090,0,0
-55,49,1,735,3634,-1087,0,0
-57,63,34,724,3640,-1106,0,0
-52,60,60,686,3712,-1131,0,0
-38,69,47,681,3711,-1151,0,0
-15,73,41,660,3673,-1162,0,0
22,101,46,660,3659,-1180,0,0
48,102,41,642,3599,-1119,0,0
25,116,17,653,3593,-1069,0,0
-63,59,-49,690,3565,-1089,0,0
-101,18,-104,746,3634,-1103,0,0
-85,37,-73,819,3779,-1144,0,0
-68,-4,4,746,3633,-1094,0,0
-50,42,56,754,3559,-1103,0,0
-53,-6,57,757,3632,-1114,0,0
-45,-33,23,789,3752,-1102,0,0
-32,-19,36,819,3750,-1115,0,0
-9,-38,68,798,3671,-1147,0,0
43,-56,42,767,3670,-1093,0,0
48,-19,22,799,3686,-1044,0,0
-14,-81,20,837,3695,-1115,0,0
-22,-203,-13,784,3686,-1106,0,0
34,-79,8,743,3707,-1007,0,0
5,26,55,742,3682,-1061,0,0
-14,-46,13,704,3390,-1036,0,0
32,2,13,779,3604,-970,0,0
-14,-1,82,799,3980,-996,0,0
-101,-81,75,739,3951,-1016,0,0
-169,-160,34,728,3715,-1161,0,0
-177,-303,4,607,3478,-1252,0,0
-33,-176,-10,568,3591,-1229,0,0
118,69,21,654,3844,-1177,0,0
132,84,36,667,3738,-1075,0,0
53,-36,-5,663,3473,-1024,0,0
-25,-157,-76,662,3575,-1076,0,0
-34,-187,-124,691,3656,-1111,0,0
27,-75,-95,690,3707,-1029,0,0
46,44,-11,751,3652,-1021,0,0
0,-100,10,708,3489,-1043,0,0
14,-149,-35,641,3520,-1003,0,0
61,43,-8,706,3666,-971,0,0
51,143,64,761,3748,-1004,0,0
7,61,91,720,3738,-1051,0,0
-2,24,88,632,3680,-1047,0,0
-32,64,84,656,3698,-1095,0,0
-103,-31,40,635,3633,-1168,0,0
-117,-118,-22,623,3542,-1223,0,0
-54,-95,-38,607,3632,-1178,0,0
21,38,-32,679,3830,-1198,0,0
83,76,-16,679,3665,-1102,0,0
124,140,38,670,3466,-1011,0,0
87,123,60,687,3656,-979,0,0
-3,37,-11,750,3839,-1015,0,0
-90,-104,-71,741,3719,-1107,0,0
-75,-113,-53,698,3631,-1173,0,0
22,16,3,658,3593,-1158,0,0
74,127,24,672,3645,-1102,0,0
59,126,-5,716,3626,-1077,0,0
27,62,-9,697,3646,-1080,0,0
31,79,-11,690,3604,-1049,0,0
33,134,-14,768,3731,-1047,0,0
2,105,-10,775,3856,-1080,0,0
-9,78,-1,730,3693,-1092,0,0
-6,69,7,686,3646,-1144,0,0
11,78,-17,677,3679,-1156,0,0
28,79,-48,701,3625,-1160,0,0
47,92,-39,681,3555,-1119,0,0
45,106,-34,716,3607,-1130,0,0
21,25,-72,704,3632,-1100,0,0
24,69,-79,763,3655,-1102,0,0
21,93,-36,764,3651,-1097,0,0
11,107,4,728,3626,-1087,0,0
8,129,21,742,3611,-1086,0,0
-18,64,24,752,3603,-1068,0,0
-81,-33,19,695,3629,-1067,0,0
-115,-7,3,696,3663,-1115,0,0
-115,11,-15,780,3730,-1187,0,0
-109,-57,-11,750,3756,-1215,0,0
-54,17,23,722,3728,-1236,0,0
24,104,52,728,3684,-1242,0,0
62,79,62,702,3680,-1222,0,0
70,32,45,685,3670,-1199,0,0
67,-12,5,698,3670,-1170,0,0
52,-56,-29,697,3641,-1145,0,0
38,-76,-41,716,3643,-1134,0,0
38,-92,-59,739,3637,-1129,0,0
39,-92,-58,747,3640,-1099,0,0
44,-43,-36,770,3666,-1098,0,0
39,-24,1,748,3590,-1088,0,0
34,2,39,709,3514,-1075,0,0
27,16,50,685,3518,-1061,0,0
0,23,39,679,3593,-1068,0,0
-41,4,23,692,3613,-1112,0,0
-65,-29,12,725,3787,-1188,0,0
-68,-86,9,666,3731,-1200,0,0
-15,13,39,628,3588,-1156,0,0
-5,55,54,672,3647,-1166,0,0
-29,-45,8,625,3639,-1133,0,0
-15,-18,-32,679,3654,-1146,0,0
-8,-1,-20,675,3617,-1123,0,0
-4,38,-3,685,3601,-1121,0,0
-8,13,-15,712,3631,-1141,0,0
-15,-20,-26,720,3709,-1148,0,0
-21,-19,-21,725,3658,-1157,0,0
0,4,3,714,3622,-1145,0,0
28,52,27,693,3587,-1103,0,0
10,54,26,703,3639,-1093,0,0
-21,9,-2,745,3678,-1100,0,0
-44,-31,-6,743,3660,-1081,0,0
-61,-7,21,751,3664,-1108,0,0
-61,-12,48,736,3643,-1138,0,0
-38,-17,55,717,3670,-1144,0,0
-26,-17,52,715,3686,-1119,0,0
-23,-1,53,734,3693,-1127,0,0
-29,-38,44,718,3687,-1129,0,0
-29,-56,32,698,3664,-1122,0,0
-22,-42,26,702,3648,-1114,0,0
-12,-41,17,708,3671,-1100,0,0
-11,-43,11,737,3706,-1096,0,0
-14,-55,25,734,3694,-1108,0,0
-2,-43,29,732,3665,-1124,0,0
5,-44,29,724,3627,-1109,0,0
7,-39,32,748,3683,-1098,0,0
-1,-76,23,730,3708,-1109,0,0
-2,-61,28,707,3663,-1102,0,0
4,-32,26,725,3653,-1107,0,0
-16,-75,8,704,3662,-1086,0,0
-27,-64,-2,709,3629,-1099,0,0
-35,-83,-10,712,3618,-1129,0,0
-18,-88,-26,710,3573,-1125,0,0
22,-21,-9,745,3583,-1093,0,0
41,20,19,758,3638,-1077,0,0
27,9,23,758,3705,-1078,0,0
24,-10,24,748,3734,-1117,0,0
42,18,51,675,3634,-1079,0,0
48,82,55,685,3631,-1079,0,0
-3,4,0,692,3686,-1132,0,0
-26,-63,-48,660,3640,-1149,0,0
7,-7,-51,691,3608,-1151,0,0
19,12,-53,703,3709,-1165,0,0
31,34,-70,717,3611,-1141,0,0
38,69,-50,745,3561,-1125,0,0
13,32,-39,777,3686,-1158,0,0
-9,-28,-55,754,3662,-1154,0,0
5,22,-34,777,3625,-1167,0,0
15,39,13,752,3564,-1170,0,0
29,33,28,710,3565,-1156,0,0
41,55,21,714,3601,-1110,0,0
20,82,32,745,3655,-1110,0,0
-18,41,40,744,3673,-1139,0,0
-14,35,46,728,3628,-1140,0,0
-9,54,56,722,3614,-1134,0,0
-20,60,48,723,3655,-1124,0,0
-37,49,32,739,3619,-1135,0,0
-60,11,40,717,3606,-1132,0,0
-69,-7,20,730,3659,-1157,0,0
-69,-28,-9,743,3673,-1154,0,0
-52,6,1,790,3705,-1169,0,0
-41,-32,2,773,3697,-1165,0,0
-28,-37,-3,749,3593,-1135,0,0
-24,-10,12,773,3650,-1149,0,0
-30,-55,9,774,3726,-1149,0,0
-37,-91,0,760,3678,-1145,0,0
-38,-83,27,736,3665,-1151,0,0
-18,-74,27,714,3620,-1161,0,0
3,-64,20,705,3625,-1118,0,0
10,-48,11,726,3710,-1115,0,0
4,-60,-2,726,3702,-1103,0,0
1,-45,4,716,3624,-1074,0,0
-8,-57,2,695,3619,-1062,0,0
-18,-61,-23,694,3645,-1039,0,0
-29,-31,-31,735,3661,-1069,0,0
-35,-43,-18,727,3677,-1085,0,0
-14,-9,-3,706,3624,-1075,0,0
-5,41,14,721,3655,-1059,0,0
-20,29,6,726,3666,-1073,0,0
-27,13,8,708,3645,-1060,0,0
-23,47,28,714,3639,-1083,0,0
-32,24,26,694,3654,-1088,0,0
-28,22,14,694,3658,-1090,0,0
-26,24,17,704,3683,-1122,0,0
-6,16,13,681,3697,-1135,0,0
32,49,6,691,3654,-1131,0,0
50,62,7,689,3669,-1101,0,0
51,59,-8,703,3647,-1100,0,0
41,32,-19,704,3636,-1092,0,0
39,26,-30,705,3655,-1079,0,0
35,44,-20,721,3655,-1082,0,0
23,35,-22,719,3650,-1078,0,0
16,33,-27,735,3650,-1107,0,0
21,24,-24,713,3631,-1115,0,0
33,62,-17,720,3633,-1097,0,0
20,65,-21,746,3655,-1117,0,0
-2,16,-23,724,3571,-1146,0,0
16,35,-6,690,3508,-1177,0,0
52,77,-6,717,3587,-1174,0,0
54,76,-29,779,3738,-1150,0,0
9,52,-28,800,3755,-1148,0,0
-35,4,9,790,3605,-1167,0,0
-31,-42,30,742,3623,-1206,0,0
-5,-43,20,719,3688,-1194,0,0
26,36,35,750,3696,-1187,0,0
30,26,56,725,3647,-1186,0,0
23,-19,47,666,3617,-1171,0,0
29,-9,21,672,3640,-1174,0,0
33,5,3,682,3648,-1143,0,0
25,15,-4,706,3627,-1137,0,0
5,-18,-3,702,3619,-1116,0,0
-7,-26,-13,717,3638,-1130,0,0
-16,-31,-16,720,3645,-1142,0,0
-5,21,2,735,3644,-1151,0,0
-7,28,17,725,3610,-1145,0,0
-21,21,13,715,3603,-1146,0,0
-27,13,1,736,3635,-1150,0,0
-27,16,3,746,3681,-1145,0,0
-40,-2,8,765,3699,-1169,0,0
-49,-39,12,749,3681,-1197,0,0
-33,-46,9,730,3665,-1221,0,0
-12,-29,13,714,3652,-1204,0,0
-3,-32,7,724,3702,-1207,0,0
-11,-83,-14,694,3678,-1198,0,0
-4,-73,-18,697,3619,-1201,0,0
12,-80,-19,688,3634,-1178,0,0
14,-87,-34,689,3661,-1139,0,0
-1,-88,-39,715,3616,-1120,0,0
-15,-109,-27,712,3610,-1106,0,0
-14,-109,-16,708,3605,-1110,0,0
-14,-82,9,713,3649,-1107,0,0
-9,-57,33,715,3647,-1133,0,0
-9,-52,70,681,3623,-1143,0,0
0,-33,100,648,3618,-1167,0,0
-1,-45,109,620,3606,-1169,0,0
-3,-49,114,592,3600,-1170,0,0
-5,-58,104,592,3580,-1208,0,0
13,-66,83,568,3541,-1207,0,0
46,-15,69,630,3546,-1178,0,0
27,-55,46,704,3598,-1178,0,0
-14,-128,13,728,3618,-1190,0,0
-19,-132,-1,768,3603,-1226,0,0
-5,-122,0,781,3670,-1209,0,0
9,-74,-2,818,3718,-1185,0,0
-13,-73,-8,853,3698,-1161,0,0
-55,-120,-15,835,3633,-1145,0,0
-74,-124,-10,822,3616,-1147,0,0
-92,-130,-12,826,3606,-1149,0,0
-116,-142,-3,816,3573,-1149,0,0
-125,-141,14,817,3595,-1178,0,0
-110,-147,31,801,3679,-1183,0,0
-73,-106,49,792,3715,-1198,0,0
-33,-54,98,749,3667,-1192,0,0
18,30,131,711,3667,-1186,0,0
38,49,118,696,3668,-1159,0,0
23,24,74,699,3675,-1170,0,0
22,25,39,706,3627,-1161,0,0
56,132,46,761,3598,-1153,0,0
46,131,52,780,3656,-1116,0,0
13,103,5,798,3610,-1144,0,0
2,83,2,798,3414,-1132,0,0
65,149,-26,874,3848,-1150,0,0
60,102,-70,852,3653,-1143,0,0
74,171,-19,808,3551,-1064,0,0
122,272,-17,963,3968,-1184,0,0
45,26,-33,783,3660,-1100,0,0
52,194,44,678,3315,-1110,0,0
68,231,63,782,3494,-1175,0,0
7,-1,-68,673,3714,-1105,0,0
-34,81,-179,762,3641,-1140,0,0
-40,117,-153,852,3550,-1188,0,0
-22,56,-65,760,3565,-1174,0,0
1,119,-41,724,3685,-1186,0,0
39,183,-85,791,3636,-1219,0,0
67,185,-60,782,3592,-1188,0,0
75,215,0,764,3690,-1206,0,0
49,170,6,744,3714,-1228,0,0
33,136,-4,700,3599,-1237,0,0
34,158,10,691,3517,-1245,0,0
30,126,8,693,3554,-1240,0,0
15,72,-23,687,3555,-1245,0,0
4,42,-40,702,3549,-1234,0,0
15,34,-44,732,3597,-1256,0,0
34,24,-37,730,3670,-1245,0,0
71,87,-27,755,3701,-1241,0,0
88,114,-15,754,3621,-1206,0,0
81,109,-21,762,3556,-1175,0,0
53,75,-40,802,3595,-1170,0,0
23,27,-45,821,3648,-1167,0,0
10,34,-28,822,3598,-1188,0,0
5,51,5,804,3567,-1192,0,0
14,57,12,805,3619,-1204,0,0
5,44,2,792,3626,-1199,0,0
-6,46,8,790,3554,-1215,0,0
-3,39,5,782,3603,-1215,0,0
-4,38,-3,778,3640,-1212,0,0
-3,50,10,773,3588,-1209,0,0
3,57,16,790,3608,-1222,0,0
-11,4,1,775,3597,-1217,0,0
-15,8,-4,786,3599,-1223,0,0
-22,-10,-10,802,3576,-1230,0,0
-32,-16,-14,814,3628,-1222,0,0
-33,7,-8,871,3663,-1240,0,0
-46,-34,12,847,3588,-1240,0,0
-42,-46,22,825,3610,-1252,0,0
-18,-29,28,808,3646,-1251,0,0
4,-1,48,788,3653,-1244,0,0
13,-3,51,759,3681,-1268,0,0
35,-11,37,725,3555,-1270,0,0
58,-2,28,728,3563,-1230,0,0
50,-16,-16,757,3665,-1208,0,0
19,-56,-47,772,3538,-1193,0,0
12,-53,-36,768,3512,-1210,0,0
11,-62,-41,759,3536,-1214,0,0
6,-48,-57,799,3597,-1191,0,0
-22,-39,-52,820,3653,-1187,0,0
-59,-56,-30,802,3618,-1201,0,0
-59,-44,-20,787,3541,-1211,0,0
-52,-40,-9,786,3564,-1191,0,0
-39,-2,-6,813,3695,-1218,0,0
-34,20,9,812,3686,-1255,0,0
-9,43,57,770,3587,-1260,0,0
13,49,81,735,3598,-1262,0,0
17,29,59,697,3634,-1241,0,0
17,54,38,714,3584,-1236,0,0
14,37,40,705,3530,-1230,0,0
26,45,40,703,3523,-1217,0,0
19,32,15,735,3594,-1221,0,0
1,-17,-27,733,3617,-1226,0,0
11,10,-34,782,3610,-1247,0,0
15,19,-17,804,3621,-1256,0,0
13,-2,-23,808,3637,-1250,0,0
16,7,-24,807,3612,-1218,0,0
8,18,-9,808,3591,-1215,0,0
-4,-3,9,778,3607,-1207,0,0
0,3,-2,790,3627,-1205,0,0
-16,-5,4,787,3657,-1191,0,0
-31,5,15,787,3654,-1217,0,0
-35,-18,19,755,3576,-1229,0,0
-18,-12,22,722,3533,-1231,0,0
-2,15,17,727,3611,-1225,0,0
-5,23,-3,758,3662,-1212,0,0
-28,-11,-10,768,3618,-1214,0,0
-37,-44,-8,739,3605,-1219,0,0
-28,-50,-30,743,3593,-1227,0,0
-16,-20,-36,762,3601,-1212,0,0
-10,7,-17,798,3607,-1211,0,0
-22,-24,1,772,3597,-1201,0,0
-27,-18,9,772,3583,-1212,0,0
-18,1,17,782,3619,-1212,0,0
-15,0,17,781,3634,-1217,0,0
-19,-7,20,775,3584,-1217,0,0
-23,-14,24,784,3619,-1224,0,0
-40,-73,-1,802,3630,-1236,0,0
-44,-93,-6,807,3658,-1238,0,0
-29,-70,16,812,3674,-1242,0,0
-34,-83,45,752,3603,-1222,0,0
-37,-82,53,727,3554,-1227,0,0
-44,-125,20,728,3612,-1223,0,0
-55,-151,-20,719,3649,-1209,0,0
-51,-125,-22,762,3637,-1222,0,0
-26,-124,-9,746,3630,-1212,0,0
-4,-100,-1,738,3607,-1174,0,0
4,-55,4,763,3669,-1163,0,0
-4,-61,8,754,3635,-1154,0,0
-16,-55,30,727,3569,-1143,0,0
-30,-57,30,729,3608,-1170,0,0
-40,-82,17,710,3633,-1172,0,0
-29,-38,27,701,3609,-1174,0,0
-33,-29,40,706,3642,-1195,0,0
-19,-49,28,676,3603,-1191,0,0
17,5,37,680,3579,-1157,0,0
28,37,46,675,3615,-1148,0,0
21,32,36,666,3619,-1143,0,0
12,35,35,639,3541,-1164,0,0
19,44,38,609,3520,-1170,0,0
43,60,13,643,3633,-1167,0,0
41,27,-38,712,3758,-1159,0,0
1,1,-65,746,3723,-1162,0,0
-27,3,-36,779,3625,-1199,0,0
-20,8,-20,771,3577,-1203,0,0
-17,55,-27,767,3643,-1198,0,0
-53,133,-47,821,3666,-1212,0,0
-85,67,-38,719,3621,-1175,0,0
-64,36,-2,741,3620,-1180,0,0
-47,15,15,728,3656,-1203,0,0
-45,-3,-1,717,3638,-1204,0,0
-34,-6,-3,713,3648,-1189,0,0
-13,7,-2,720,3651,-1188,0,0
-6,7,0,700,3649,-1157,0,0
2,38,-2,710,3663,-1135,0,0
-8,27,-1,715,3629,-1132,0,0
-33,-7,-1,694,3606,-1135,0,0
-40,-8,-12,691,3630,-1153,0,0
-41,-6,-29,708,3678,-1170,0,0
-42,-10,-31,715,3657,-1178,0,0
-21,8,-15,734,3674,-1177,0,0
-1,0,-14,739,3667,-1194,0,0
6,1,-5,729,3664,-1171,0,0
15,24,10,762,3693,-1193,0,0
-5,-46,15,706,3642,-1183,0,0
-8,-38,21,681,3623,-1173,0,0
5,-27,15,687,3656,-1163,0,0
-6,-53,2,643,3623,-1112,0,0
-23,-29,-4,671,3642,-1112,0,0
-36,-58,-24,678,3729,-1124,0,0
-54,-72,-43,632,3670,-1108,0,0
-67,-11,-50,697,3936,-1216,0,0
-58,-49,-106,687,3886,-1342,0,0
-68,-36,-54,973,3451,-1619,0,0
-198,-366,152,1834,3190,-3288,0,0
157,-1225,473,1878,2065,-3913,0,0
939,-1564,596,1905,1194,-5189,0,0
1955,-1795,960,1684,1835,-4966,0,0
3063,-2063,1152,1999,5052,-5288,0,0
3713,-2312,434,1738,7532,-4771,0,0
3830,-2077,-360,1837,8215,-4909,0,0
3863,-2104,-596,1101,7204,-5603,0,0
3816,-1470,-481,28,6079,-4676,0,0
3542,411,-115,-288,3965,-2957,0,0
2354,1255,397,65,2271,-1173,0,0
246,885,655,-762,-529,-1481,0,0
-954,-652,895,-688,-1762,-2332,0,0
-373,-2002,1123,-1551,-1820,-1554,0,0
664,-1010,889,-1847,-372,-1750,0,0
1206,-706,-494,-402,1846,-2042,0,0
1146,-1897,-1424,-107,1635,-1355,0,0
742,-1134,-1493,-693,624,188,0,0
307,1648,-794,-209,-638,-548,0,0
411,2503,13,838,-199,-1338,0,0
775,82,107,-28,166,-2019,0,0
1026,-1133,-408,-1797,-1072,-3610,0,0
793,-443,-737,-1212,-3508,-6003,0,0
-33,182,-1014,-110,-2050,-8532,0,0
-917,-25,83,-500,-2518,-10744,0,0
-789,-581,1208,-2679,-960,-7254,0,0
-1054,684,370,-1614,-149,-4992,0,0
-1425,1291,218,-172,-1368,-4720,0,0
-881,120,535,-537,-1427,-2620,0,0
94,-358,332,-114,65,-1891,0,0
747,-913,236,146,1329,-1273,0,0
797,-1477,-23,-318,1436,-563,0,0
425,-642,-423,-574,443,96,0,0
-206,1494,-134,-513,-781,-482,0,0
-211,3085,358,432,-420,-1998,0,0
266,1667,223,561,101,-4193,0,0
401,-1826,-79,-649,-2623,-8012,0,0
100,-2521,-617,-2555,-1008,-7667,0,0
-759,1079,-828,834,-138,-11646,0,0
-1167,-847,502,-269,-1570,-7590,0,0
-1015,30,1241,-2195,-1591,-3830,0,0
-1159,1362,469,234,-1023,-5783,0,0
-110,-1579,116,-891,4,-2612,0,0
1099,-1269,-182,-707,1521,-1364,0,0
1156,-913,-548,-273,1502,-1415,0,0
531,-599,-476,-670,-453,-1043,0,0
615,827,-285,-530,212,-835,0,0
1018,1696,-169,428,346,-983,0,0
960,67,29,91,284,-1209,0,0
277,-1423,-98,-2436,-2469,-4175,0,0
-160,-747,-2432,-2540,-2399,-7208,0,0
-837,385,-781,-1050,-1182,-11462,0,0
-1188,-833,346,-2034,-1950,-9844,0,0
-483,-32,935,-2594,-1814,-4000,0,0
-1033,1598,366,-252,-1680,-4357,0,0
-863,-271,-69,-415,-658,-3168,0,0
565,-975,-285,-2872,1441,-1448,0,0
1191,-520,-306,-324,1943,-1262,0,0
821,-332,-82,-767,-192,-748,0,0
440,1189,-21,-701,-752,-1357,0,0
471,1917,-41,609,-866,-1627,0,0
590,270,142,706,280,-1343,0,0
534,-1293,269,-1280,404,-3028,0,0
450,-271,-15,-2738,-3289,-6163,0,0
-60,270,-704,-795,-1539,-8397,0,0
-1466,-683,-334,-513,-1673,-11440,0,0
-1059,-669,941,-3349,-1329,-7321,0,0
-672,1838,567,-1726,-1546,-4190,0,0
-1340,1350,268,-502,-1740,-5187,0,0
-513,-1161,20,-1454,-794,-3367,0,0
1085,-1069,-639,-356,1301,-1598,0,0
1467,-1490,-749,774,2214,-705,0,0
617,-1331,-479,-671,524,439,0,0
-187,1810,-3,-496,-977,-817,0,0
37,2895,260,395,-350,-2004,0,0
466,521,150,325,688,-2987,0,0
701,-2002,-80,-1879,-1404,-4351,0,0
613,-1319,-256,-2803,-3343,-5731,0,0
-201,910,-358,-1562,-518,-7329,0,0
-1858,844,-103,34,-2151,-9504,0,0
-2057,-481,939,-1470,-1402,-4051,0,0
-2249,1719,355,-465,-637,-6163,0,0
-1491,-166,-150,-611,-570,-5630,0,0
466,-682,-143,-1382,166,-2412,0,0
1767,1089,32,748,1706,-2911,0,0
1874,-1950,151,779,1288,-1633,0,0
1026,-2224,-206,-930,-168,68,0,0
436,1414,9,-393,-542,-1040,0,0
779,1825,269,598,269,-2373,0,0
943,-987,-15,-1119,443,-5013,0,0
800,-2328,-325,-3501,-4174,-4819,0,0
2,557,-536,-2330,-2149,-6931,0,0
-1736,257,-183,-2760,-868,-11656,0,0
-1550,-1394,663,-4010,-1401,-5087,0,0
-909,3620,106,-119,-1651,-2742,0,0
-1666,1950,108,895,-1263,-5873,0,0
-577,-1499,145,-1574,-602,-2310,0,0
1170,62,-292,-345,1186,-1994,0,0
1507,-365,-142,743,1186,-2348,0,0
891,-2214,-46,-832,-877,-535,0,0
366,49,-251,-589,-703,-806,0,0
309,1369,192,850,213,-1994,0,0
731,-652,372,-148,1504,-2258,0,0
924,-1598,-199,-2223,321,-4886,0,0
904,-1145,-608,-3689,-4331,-6129,0,0
97,605,-486,-2043,-3770,-6765,0,0
-1668,601,28,-989,-1290,-7602,0,0
-2177,597,1262,-2735,-1088,-4995,0,0
-1661,2141,893,-915,-590,-4948,0,0
-844,327,-9,100,-498,-4350,0,0
342,-1329,-370,-526,488,-2305,0,0
1027,-751,-354,-438,1133,-1693,0,0
761,-132,-168,-567,-12,-1154,0,0
76,738,75,-59,-251,-1892,0,0
115,584,286,42,358,-2054,0,0
655,-103,256,33,1377,-3072,0,0
1218,-1438,118,-1355,-230,-3312,0,0
940,-895,-345,-2450,-3671,-3772,0,0
-414,736,-494,-1979,-1195,-8080,0,0
-1585,379,48,-1034,-2098,-11035,0,0
-1172,-654,430,-2038,-873,-4529,0,0
-1780,1641,508,-411,81,-4868,0,0
-2072,825,483,-308,-883,-4696,0,0
-659,342,-188,-555,-970,-3121,0,0
619,-1,-166,165,1361,-3183,0,0
979,-1624,294,-1167,1186,-2630,0,0
991,-353,96,-1727,-154,-2074,0,0
1002,1227,-390,-171,-209,-2233,0,0
1148,266,-232,831,39,-1155,0,0
1194,-1478,71,226,1557,-792,0,0
750,-1268,-240,-1995,70,-3029,0,0
317,-62,-311,-2600,-4117,-6087,0,0
-307,108,-267,-2730,-1009,-8319,0,0
-1467,-82,-201,-2305,-406,-9553,0,0
-1268,608,450,-2617,-1151,-4975,0,0
-1432,2681,-42,149,-756,-4415,0,0
-1779,-136,-412,496,-1608,-5938,0,0
-82,-1993,-387,-1213,-568,-2835,0,0
1606,180,-282,-432,1903,-1979,0,0
1538,-238,116,-307,1170,-1512,0,0
896,-562,-157,-539,-29,-953,0,0
511,784,-461,167,-302,-748,0,0
449,720,85,615,63,-1412,0,0
718,-909,345,-1373,208,-2513,0,0
1010,-819,-108,-2537,-2310,-6017,0,0
825,-429,-513,-3412,-4758,-6657,0,0
-387,920,-578,-578,-2591,-9144,0,0
-1586,-556,149,-1941,-807,-9068,0,0
-1116,1220,675,-1357,-948,-3674,0,0
-1329,2139,144,871,-1367,-3437,0,0
-3352,-844,91,-250,-788,-3469,0,0
404,-792,324,-1407,370,-1023,0,0
1370,716,221,-118,1634,-1150,0,0
757,-781,-16,52,-376,-226,0,0
-353,-178,92,-187,-466,-396,0,0
-702,1401,593,-134,388,-2243,0,0
-31,909,573,-176,607,-4072,0,0
993,-940,163,-1124,230,-5206,0,0
1112,-1665,-295,-2038,-2518,-7170,0,0
373,-886,-590,-2595,-1210,-8636,0,0
-499,654,-264,-726,-1632,-9464,0,0
-1156,-733,555,-1977,-2091,-5797,0,0
-1430,938,195,-1102,-783,-2821,0,0
-1721,1486,1,549,-539,-5214,0,0
-573,-1350,198,-739,-927,-3174,0,0
927,-769,67,-742,1068,-1696,0,0
1419,-515,-47,178,1527,-888,0,0
657,-759,-185,-547,-330,237,0,0
-295,1428,24,-306,-856,-681,0,0
-349,1971,235,242,404,-1969,0,0
118,345,78,-210,1136,-3963,0,0
781,-1786,-51,-2290,-713,-6071,0,0
1162,-1487,-455,-3547,-1891,-7174,0,0
365,210,-780,-1375,-1665,-7994,0,0
-3224,-62,60,-1573,-1407,-8963,0,0
-1280,622,762,-2503,-1840,-5272,0,0
-1378,2129,144,-2432,-805,-4073,0,0
-1462,156,-264,45,-85,-4468,0,0
-157,-525,-487,-779,-607,-2090,0,0
978,920,-224,939,-7,-1852,0,0
1060,-1372,296,27,744,-1352,0,0
890,-1274,10,-862,191,-866,0,0
711,886,-175,258,252,-979,0,0
396,733,312,216,226,-1619,0,0
609,-460,349,-487,939,-2924,0,0
1041,-1358,-34,-2141,-1190,-5527,0,0
762,-746,-238,-3758,-3632,-5638,0,0
-575,1105,-666,-1084,-1432,-9232,0,0
-1905,-341,-259,-1732,-744,-10521,0,0
-1223,754,440,-2011,-1047,-4739,0,0
-1481,2122,169,415,-752,-4665,0,0
-1696,-371,-114,-596,-907,-4351,0,0
2,158,-145,-953,-1436,-2753,0,0
1272,621,77,393,818,-2453,0,0
1268,-1660,59,-436,1360,-1454,0,0
918,-774,-76,-702,300,-1215,0,0
724,511,41,88,615,-1745,0,0
746,-312,372,-266,-127,-1469,0,0
1059,-898,4,-903,228,-2198,0,0
1174,-1689,-525,-1548,-1312,-5946,0,0
1367,-1835,-686,-4412,-3696,-4670,0,0
485,1700,-807,-432,-2636,-6057,0,0
-2236,-347,51,-1463,-1365,-7598,0,0
-2541,904,782,-2090,-1233,-5745,0,0
-1899,1681,242,59,-789,-5445,0,0
-1039,-199,378,-969,-810,-3916,0,0
382,-100,382,-1092,-329,-2156,0,0
1013,-254,175,-406,363,-1559,0,0
610,-1291,-153,-553,600,-1862,0,0
291,-423,-402,-253,446,-1478,0,0
295,903,162,396,-618,-1568,0,0
646,654,653,249,8,-1382,0,0
912,-262,604,-571,1243,-2859,0,0
1032,-1150,442,-3061,-1614,-4711,0,0
489,132,-4,-3942,-1807,-5113,0,0
-875,2184,163,-1191,-1172,-9722,0,0
-1627,-2368,1116,-618,430,-7560,0,0
-1377,543,2111,-2125,875,-4748,0,0
-1670,2838,1406,290,-1360,-7481,0,0
-1513,-1153,417,-874,-2078,-3396,0,0
-643,52,-84,-1226,-1929,-2831,0,0
385,566,-202,506,-792,-2998,0,0
827,-1748,-649,235,828,-2260,0,0
1043,-2263,-1239,53,2195,-1585,0,0
887,-957,-1495,-2312,2992,-712,0,0
337,1572,-539,-596,-303,-2326,0,0
1074,1863,656,770,-1455,-5291,0,0
1905,-2893,192,-1329,746,-5143,0,0
1209,-3241,-559,-4648,-1753,-2727,0,0
-252,2225,-1296,-3390,-1090,-5244,0,0
-1829,1971,-517,1613,-1076,-12016,0,0
-1687,-3007,1108,-3264,-261,-5118,0,0
-996,2707,526,-3514,-859,-2690,0,0
-1339,3787,-727,761,-2517,-6480,0,0
-674,-1490,-605,-61,-1291,-3616,0,0
811,-1044,-93,-253,121,-1516,0,0
1356,-273,190,1294,702,-1458,0,0
993,-1729,178,754,1079,-123,0,0
90,-85,-82,466,1630,-841,0,0
-431,537,238,-449,508,-2420,0,0
455,957,95,-739,-1140,-2324,0,0
876,-193,-466,-292,-1197,-4237,0,0
228,-2807,-292,-3633,-2864,-4994,0,0
-377,72,-643,-4806,-191,-6468,0,0
-1506,1700,-357,-1377,1184,-10064,0,0
-1725,313,1026,-2614,253,-5454,0,0
-1461,3108,895,-383,-1895,-3673,0,0
-2386,265,-42,-27,-2234,-6985,0,0
-788,-2159,61,-2152,-9,-3093,0,0
1330,1305,549,207,937,-2629,0,0
1410,-339,1032,1184,1857,-2385,0,0
868,-2155,662,-390,1446,-1142,0,0
701,-202,-120,-944,638,-1071,0,0
713,1098,-536,10,-615,-1600,0,0
748,68,-327,324,-738,-2485,0,0
637,-2020,-384,-1053,-686,-5864,0,0
641,-3149,-958,-3733,-522,-5553,0,0
187,1241,-1487,-2666,-496,-6871,0,0
-1185,690,-221,-1329,-724,-11272,0,0
-761,-603,595,-4751,-26,-5117,0,0
-418,3704,234,-57,-305,-4477,0,0
-1596,604,687,-743,-1262,-5134,0,0
-553,-331,102,-1732,-2012,-2873,0,0
1313,704,-464,855,-1026,-2020,0,0
1669,-1781,302,980,1656,-802,0,0
1102,-2845,608,-846,2461,341,0,0
329,192,359,-1330,676,491,0,0
-211,2575,72,-344,-1296,-1130,0,0
-114,1051,-399,196,-612,-3304,0,0
589,-2288,-316,-1249,-817,-4644,0,0
1088,-2427,-343,-4426,-2536,-5374,0,0
340,730,-817,-3002,-2257,-7030,0,0
-1122,1175,-960,-42,1269,-7989,0,0
-2017,143,850,-2036,1181,-6607,0,0
-1839,2250,1181,-2317,-742,-4825,0,0
-1862,1685,-230,108,-2808,-6081,0,0
-697,-1310,-309,-803,-1540,-2858,0,0
956,501,404,359,533,-2271,0,0
1185,-596,781,989,2056,-2837,0,0
736,-2328,287,-986,1611,-1166,0,0
360,466,-642,-715,1500,-1545,0,0
348,729,-608,8,-25,-1490,0,0
655,-610,-325,-958,-971,-1939,0,0
943,-1780,-330,-2223,-1026,-4866,0,0
897,-2055,-456,-4108,-3078,-5314,0,0
186,2029,-537,-2667,-472,-7381,0,0
-1199,1694,-104,18,959,-9127,0,0
-1762,-522,789,-2870,-35,-4676,0,0
-1579,3475,622,-901,-2046,-3889,0,0
-1749,1283,-493,114,-2656,-5471,0,0
-615,-1725,-724,-1268,-1432,-2472,0,0
810,574,-231,800,225,-2398,0,0
1081,-875,151,1337,1815,-2661,0,0
927,-1224,-244,10,2165,-1271,0,0
680,916,-241,423,1263,-1487,0,0
625,584,674,-943,-440,-2221,0,0
1125,-465,627,-1324,-322,-3780,0,0
1351,-1643,-112,-1288,-1284,-7074,0,0
963,-1741,-491,-2981,-1411,-4882,0,0
-496,1818,-221,-325,-125,-8039,0,0
-1990,-2544,859,-2571,-478,-7207,0,0
-1480,1957,789,-2058,-863,-2836,0,0
-1907,2733,131,1357,-873,-7224,0,0
-1253,-2290,-45,-1695,-1659,-4066,0,0
887,416,-71,-734,-1219,-2257,0,0
1630,382,169,923,1870,-2698,0,0
1481,-1760,281,-706,2106,-749,0,0
1096,351,-194,-289,1422,-668,0,0
421,639,-283,356,-412,-977,0,0
357,98,36,-170,-1103,-1256,0,0
793,-691,50,-1014,-1117,-3533,0,0
778,-1849,142,-2692,-3229,-5901,0,0
258,-618,-159,-3655,-1675,-7515,0,0
-634,754,-675,-645,-950,-10130,0,0
-1181,-680,322,-1968,-374,-8247,0,0
-1008,1530,537,-1369,600,-4269,0,0
-1432,2252,9,517,-2000,-4903,0,0
-1179,-887,-62,-633,-2574,-4299,0,0
621,-399,55,-1109,-1305,-1629,0,0
1712,1053,593,1289,708,-1772,0,0
1220,-2708,464,558,2251,-816,0,0
482,-1692,-411,-1070,1365,714,0,0
45,2415,-2,-53,-372,-1217,0,0
268,1521,451,-232,-336,-2907,0,0
709,-1175,-214,-728,-508,-4104,0,0
616,-2469,-519,-3464,-2310,-4486,0,0
-180,128,-398,-2801,-1680,-7476,0,0
-1378,222,-360,-1378,-186,-10640,0,0
-1536,-521,600,-2661,-510,-6769,0,0
-1459,2095,1017,-1350,-61,-3878,0,0
-2082,1522,43,-3,-2854,-6947,0,0
-953,-2506,-722,-1993,-3286,-3887,0,0
1232,488,-559,172,-200,-1928,0,0
1695,-605,250,1727,4727,-2355,0,0
1170,-1533,-3,-1218,4053,157,0,0
992,3546,-205,-266,-906,-386,0,0
705,2825,624,687,-2483,-3094,0,0
1032,-1759,325,-806,-610,-2269,0,0
1587,-1931,-218,-951,-1070,-2740,0,0
1055,-851,-37,-1950,-3391,-5273,0,0
217,-194,-87,-2519,-4398,-5473,0,0
-1360,249,-408,-631,-1349,-8013,0,0
-2338,-657,454,-2945,-679,-6884,0,0
-1830,2616,537,-1133,-505,-4423,0,0
-2051,1983,139,706,-342,-5313,0,0
-1485,-682,210,-381,-2635,-3160,0,0
35,-294,331,90,-1506,-1956,0,0
692,-813,382,763,1551,-2239,0,0
762,-2301,190,-318,2710,-987,0,0
864,111,90,-1049,1284,421,0,0
557,3423,462,212,987,-1168,0,0
255,1715,725,215,-1011,-3025,0,0
366,-1921,347,-1471,-2470,-4918,0,0
200,-3139,-628,-3054,-1748,-5734,0,0
-516,-536,-1193,-1563,22,-9062,0,0
-1372,-576,-762,-1249,1020,-13088,0,0
-696,-1162,223,-3102,1178,-9158,0,0
-236,1136,221,-1136,538,-4215,0,0
-989,1905,2,-393,-1378,-3730,0,0
-475,-216,231,-1154,-2989,-3608,0,0
1131,-687,144,-1619,-1640,-998,0,0
1632,444,-305,428,1547,-1126,0,0
1299,-1394,-486,467,2112,103,0,0
646,-207,-315,153,1729,1102,0,0
-251,1406,473,14,132,103,0,0
-527,1441,964,-1157,-2561,-1787,0,0
116,-191,161,-1373,-1486,-4635,0,0
844,-2380,-813,-2329,-1099,-5544,0,0
660,-672,-645,-3101,-1407,-6594,0,0
-211,1846,-642,-730,135,-11142,0,0
-1102,-955,-107,-2283,-610,-12188,0,0
-515,-260,277,-3484,-675,-7485,0,0
-286,2596,-472,275,-1961,-4447,0,0
-724,86,-271,1018,-2513,-2911,0,0
-198,-2026,-183,-216,-1223,-773,0,0
566,-439,89,71,-558,26,0,0
648,547,715,454,360,-645,0,0
774,-227,835,-582,1696,-94,0,0
618,1167,584,-1193,1186,41,0,0
167,1883,238,-931,-427,-1394,0,0
214,282,19,-906,-1002,-2265,0,0
438,-1208,456,-723,-1516,-4792,0,0
113,-3023,342,-3445,-3144,-6191,0,0
-256,-548,-1118,-3541,-1529,-7217,0,0
-1200,1151,-985,-211,-9,-12185,0,0
-1534,-1054,384,-3175,369,-8418,0,0
-1184,2468,-27,-165,1894,-4103,0,0
-1979,2147,-524,1104,-473,-4893,0,0
-1250,-1042,-220,-901,-3589,-4481,0,0
973,-310,37,-1435,-1469,-1973,0,0
2057,584,724,1264,491,-1372,0,0
1507,-2308,778,-63,658,-755,0,0
701,-1742,-74,-1157,1681,-130,0,0
4,474,-746,-406,1207,-827,0,0
-127,778,-127,-648,-806,-563,0,0
443,386,538,-946,-907,-1413,0,0
725,-1054,111,-1852,-743,-3045,0,0
240,-1336,-532,-2972,-2100,-4686,0,0
-723,501,-690,-2271,678,-10079,0,0
-1165,853,-306,-957,-210,-14776,0,0
-633,-1515,609,-3952,-358,-12085,0,0
-124,865,-326,-2131,743,-5938,0,0
-635,2462,-797,994,-1051,-2622,0,0
-1109,560,185,45,-2413,-2379,0,0
-24,-824,772,-1463,-1763,-1545,0,0
1177,165,776,-1560,-557,-574,0,0
1471,187,490,461,2282,-1382,0,0
1100,-1856,171,260,3182,-60,0,0
-50,-2656,-76,-675,670,499,0,0
-379,1204,470,-638,-1165,-454,0,0
291,1586,823,-858,-2086,-1136,0,0
201,-307,385,-1008,-2822,-4312,0,0
86,-3177,-360,-2651,-2779,-5482,0,0
-55,-1912,-1284,-3961,-2381,-6413,0,0
-2928,1006,-1259,-930,650,-9277,0,0
-2197,388,-71,-2500,1218,-10081,0,0
-1869,1578,776,-2686,-98,-6987,0,0
-1532,2202,180,-1254,-13,-4010,0,0
-1091,1756,-72,425,-3415,-4726,0,0
274,-1764,278,108,-2321,-2568,0,0
1461,-2671,187,-251,771,-847,0,0
1698,-1895,121,264,2584,-743,0,0
1004,-849,133,-929,3065,-37,0,0
261,2962,344,-1138,1370,-655,0,0
39,4069,574,255,-791,-2932,0,0
601,-319,351,-236,-128,-3456,0,0
1111,-2671,26,-1910,-441,-3634,0,0
715,-967,-479,-2021,-1950,-3235,0,0
-1265,2435,-679,924,-89,-11875,0,0
-1943,-1946,71,-1215,3,-12919,0,0
-520,-107,418,-3484,911,-5139,0,0
-1283,3767,-320,1135,1306,-6018,0,0
-2226,-2216,-347,-1059,-1919,-5776,0,0
-426,-1119,232,-1181,-2641,-3515,0,0
1514,-334,622,-329,-2220,-1575,0,0
1779,-371,967,222,-233,-654,0,0
1466,-1670,480,751,3327,-1111,0,0
1411,-2181,-750,-430,4950,796,0,0
881,1600,-787,-1043,803,1850,0,0
39,3653,447,-205,-2930,-2768,0,0
171,-1014,848,-577,-2875,-5092,0,0
516,-3688,-189,-3377,-2435,-5148,0,0
20,117,-1014,-2043,-1384,-6128,0,0
-1476,1339,-568,47,658,-11008,0,0
-1910,-22,127,-1550,1104,-9259,0,0
-1760,1627,230,-843,2008,-6495,0,0
-1805,1813,-239,336,398,-5158,0,0
-1149,622,-594,496,-3599,-3683,0,0
-251,-1349,441,-164,-3069,-2907,0,0
988,-1695,1109,-956,15,-2133,0,0
1935,-1227,733,-155,1997,-1878,0,0
2296,-1752,-129,-600,3434,-808,0,0
2185,522,-764,-1690,2009,2252,0,0
924,2862,37,318,-886,-1175,0,0
183,-988,729,-383,-3044,-2996,0,0
67,-3749,418,-3287,-1904,-4445,0,0
469,-1052,-755,-4987,-1673,-4159,0,0
-369,2648,-1583,-1416,-1528,-8409,0,0
-1736,690,-3208,-902,-154,-11379,0,0
-1445,-166,-386,-1482,994,-8090,0,0
-1237,1986,-127,-173,908,-6411,0,0
-1277,1337,-1006,652,-2634,-4581,0,0
-643,56,-1956,554,-3500,-1924,0,0
238,762,-1059,1720,-2231,-1564,0,0
817,-1003,1042,8,1221,-1163,0,0
1380,-474,1468,-2041,4534,229,0,0
953,2070,800,0,2901,-932,0,0
-95,-188,847,-352,314,-1439,0,0
283,-2039,938,-1700,-212,-2189,0,0
1280,-1674,716,-3036,-3424,-3891,0,0
992,-2645,-396,-2959,-3603,-3922,0,0
-290,-1447,-1122,-2460,-3484,-6270,0,0
-1235,590,-624,-1072,-282,-10881,0,0
-1089,750,434,-2465,166,-9790,0,0
-1046,1777,713,-908,1009,-4496,0,0
-2078,1324,113,369,-1860,-4526,0,0
-1390,-2314,375,-1361,-5998,-3932,0,0
1049,-1344,498,-1909,-1446,-1393,0,0
1521,-252,587,-429,4792,-3628,0,0
1528,-1678,-446,-2556,5412,-1776,0,0
1579,2586,-1444,-301,938,-291,0,0
681,3839,-467,1395,-1688,-142,0,0
-6,538,567,1511,-1476,-1594,0,0
424,-3440,466,-1113,-1589,-1080,0,0
1293,-2114,-50,-2057,-254,-563,0,0
450,499,230,-3905,-4019,-3395,0,0
-1223,1963,23,-3193,-1339,-10016,0,0
-1758,110,-687,-1343,-696,-13898,0,0
-949,-1927,604,-3660,-1320,-9042,0,0
-481,1141,317,-1023,-204,-3604,0,0
-2030,1340,-1083,658,-305,-2848,0,0
-2347,263,-452,-675,-4370,-1984,0,0
