-4,0,-4,1218,3571,-920,0,0
3,-18,-6,1210,3558,-906,0,0
5,-26,-7,1203,3560,-875,0,0
-4,-24,-6,1207,3547,-873,0,0
-16,-31,-5,1212,3547,-876,0,0
-22,-42,-4,1211,3546,-892,0,0
-22,-51,9,1200,3560,-889,0,0
-17,-51,18,1182,3572,-883,0,0
-7,-44,19,1171,3575,-872,0,0
-4,-39,22,1169,3576,-869,0,0
-3,-33,22,1167,3560,-868,0,0
3,-22,18,1174,3551,-859,0,0
4,-15,12,1182,3558,-844,0,0
-5,-1,7,1197,3566,-850,0,0
-15,-2,9,1183,3551,-859,0,0
-11,14,12,1184,3550,-880,0,0
-3,24,4,1194,3565,-894,0,0
5,34,4,1215,3572,-879,0,0
2,18,8,1198,3568,-896,0,0
1,25,10,1193,3555,-897,0,0
2,20,5,1196,3554,-891,0,0
-2,14,-2,1211,3574,-884,0,0
-5,15,-3,1217,3563,-891,0,0
-5,3,4,1212,3558,-889,0,0
-5,-4,5,1204,3558,-892,0,0
-5,-5,3,1202,3562,-889,0,0
-3,-7,6,1193,3557,-882,0,0
-5,-12,5,1191,3567,-873,0,0
-6,-7,2,1189,3564,-880,0,0
-6,-7,6,1192,3558,-868,0,0
-6,-7,6,1190,3561,-871,0,0
-8,0,3,1200,3563,-871,0,0
-12,-5,6,1201,3568,-876,0,0
-14,-7,9,1184,3553,-864,0,0
-12,-3,9,1188,3552,-881,0,0
-8,0,6,1195,3560,-924,0,0
-8,-1,19,1154,3552,-1191,0,0
4,-76,51,1320,3654,-1901,0,0
121,-773,22,1364,3698,-2739,0,0
382,-1399,-38,1195,3870,-3595,0,0
882,-1446,-103,1021,4066,-4273,0,0
1557,-1402,-243,1313,4441,-4667,0,0
2223,-1628,-500,1352,4920,-4860,0,0
2840,-1569,-666,1340,5554,-4893,0,0
3352,-1388,-835,1086,5601,-4569,0,0
3633,-1230,-925,913,5453,-4325,0,0
3817,-987,-961,445,4820,-3210,0,0
3740,-427,-891,391,3797,-2154,0,0
3696,413,-684,164,2379,-22,0,0
3111,1073,-180,645,343,528,0,0
1647,-671,123,184,-665,727,0,0
518,-1165,150,-621,-782,211,0,0
-5,-481,252,-683,-786,-1045,0,0
-251,308,437,-705,-757,-1794,0,0
-450,463,384,-704,-636,-2317,0,0
-569,196,268,-562,-200,-2593,0,0
-454,156,306,-729,-26,-2746,0,0
-310,445,326,-716,-86,-2925,0,0
-467,229,205,-530,258,-3651,0,0
-663,-197,-60,-798,348,-5033,0,0
-572,364,-163,-542,524,-6260,0,0
-402,481,-210,-12,1267,-8275,0,0
-202,163,-257,-79,1634,-11588,0,0
387,-519,-200,-223,1364,-13451,0,0
1550,-1159,-427,-1345,1913,-11538,0,0
1912,-174,-279,-378,1310,-8042,0,0
1487,-281,161,-348,-19,-1130,0,0
356,-202,429,-602,-1489,604,0,0
88,-695,-286,-324,-47,1047,0,0
437,-7,-294,-68,-794,1912,0,0
178,-104,-52,124,-866,1158,0,0
-344,932,182,158,-554,1009,0,0
-788,793,261,129,78,-488,0,0
-870,29,253,-9,310,-926,0,0
-511,375,382,-250,0,-90,0,0
-443,580,424,-97,-234,271,0,0
-734,264,287,-375,-34,-361,0,0
-726,572,138,-58,-105,-3254,0,0
-1053,-753,91,-1376,-906,-7148,0,0
-910,116,-191,-263,2152,-6901,0,0
-1461,899,-620,354,3853,-11390,0,0
-1947,-207,201,-866,3575,-16784,0,0
-5,-1744,-30,-2383,3804,-18487,0,0
2003,-137,-721,-321,4129,-11858,0,0
2532,1056,632,1050,2053,-2635,0,0
803,-1385,1326,-960,-3367,1501,0,0
53,-602,-13,-2090,-3640,2826,0,0
136,-16,-416,-312,-1440,1480,0,0
117,-459,-563,530,1378,-808,0,0
417,1004,-219,-181,89,68,0,0
173,170,-233,287,840,525,0,0
-565,349,161,-622,1226,-995,0,0
-887,917,824,-839,-523,-2279,0,0
-400,59,356,-184,833,-952,0,0
-146,-218,-107,-663,502,-1778,0,0
304,98,-263,132,-677,-2309,0,0
61,-1262,-28,-999,-2120,-8293,0,0
91,-517,-222,-2693,-2339,-8058,0,0
-587,1256,-1133,222,3739,-13421,0,0
-957,-1289,168,-3216,2880,-14007,0,0
747,577,1426,-212,2461,-7574,0,0
546,765,1268,-945,-108,-2505,0,0
-1182,1191,733,-1882,-5749,1990,0,0
-968,1052,-784,-2160,-2748,1145,0,0
-759,-418,-226,-159,1692,-3272,0,0
-601,-359,117,-342,1792,-3956,0,0
354,-204,-735,459,3537,-2266,0,0
454,278,-565,-87,1674,-1870,0,0
320,1129,448,12,-965,-340,0,0
318,206,124,306,-151,-263,0,0
306,-143,141,-591,-161,-949,0,0
613,-190,269,-665,-1164,-2995,0,0
285,-1120,-194,-1076,-720,-9509,0,0
-517,-356,-1105,-555,1014,-13038,0,0
-465,-200,-1046,1589,4841,-16130,0,0
669,-664,433,-1052,3025,-8631,0,0
866,548,1452,742,-180,-2448,0,0
-458,-1274,527,-1675,-4085,556,0,0
-108,978,-338,-691,-2267,2880,0,0
-269,653,-682,730,1983,-444,0,0
-458,573,-224,-602,1055,-1190,0,0
-224,545,97,933,1442,-1730,0,0
-382,-545,-446,-17,1449,-1603,0,0
-252,801,304,-482,-471,-1001,0,0
115,790,396,-266,-339,-551,0,0
228,-189,-91,-202,-178,-1366,0,0
295,258,-141,-549,-330,-4073,0,0
-555,-536,-70,-292,-70,-12970,0,0
-594,-93,-768,1545,2949,-16979,0,0
555,-187,-718,927,4165,-15673,0,0
1570,-132,1081,164,2261,-6195,0,0
843,-118,1158,507,-1334,-2136,0,0
-487,-1034,370,-1586,-4189,-306,0,0
-60,114,-705,-592,-2424,2666,0,0
-54,-163,-1038,894,1226,717,0,0
-413,437,-196,-159,1226,-493,0,0
-389,793,132,795,1622,-1612,0,0
-409,-212,-294,-7,1589,-1714,0,0
-389,494,358,-432,-280,-1596,0,0
41,189,504,-223,-165,-1185,0,0
374,-457,54,-218,-34,-1844,0,0
619,-565,-180,-410,-244,-2948,0,0
336,-520,60,-1031,-648,-9734,0,0
-164,-179,-161,-1633,-17,-13211,0,0
-212,-199,-1073,10,4249,-14045,0,0
461,581,126,33,2636,-7283,0,0
179,1641,1211,1226,-726,-3086,0,0
-1298,-924,320,-1413,-2824,-1818,0,0
-1150,-335,-457,-1082,-2370,-220,0,0
-532,1102,-578,95,-460,-526,0,0
-362,1407,-338,865,1026,-1720,0,0
-365,-1,58,628,1444,-2199,0,0
53,-763,34,373,1905,-2206,0,0
568,199,366,134,298,-1694,0,0
845,151,781,45,-723,-1258,0,0
1108,-363,607,-791,-535,-883,0,0
1315,-38,400,215,-385,-1451,0,0
648,-1079,24,-374,105,-5321,0,0
-770,-494,328,-2289,-685,-12070,0,0
-756,1136,-610,2505,3894,-15248,0,0
-535,-435,-918,414,4914,-10047,0,0
-203,1334,1290,1079,-981,-2227,0,0
-1339,-766,443,-1451,-4534,-1235,0,0
-1435,-264,-554,-3864,-1939,-776,0,0
-844,440,-835,919,1354,-2056,0,0
131,603,-798,611,2701,-2515,0,0
627,1147,-38,1948,2659,-2973,0,0
295,-513,217,476,1077,-2951,0,0
734,158,728,-39,-180,-1747,0,0
1212,-156,596,56,-334,-628,0,0
1195,-1109,292,-458,-284,-402,0,0
1290,-637,-97,-473,20,-1740,0,0
166,-968,-186,-963,-764,-10246,0,0
21,-700,-347,-495,-375,-14326,0,0
398,-780,-1148,-684,2372,-13080,0,0
754,599,-37,-469,1582,-6254,0,0
149,1183,784,466,-2547,-635,0,0
-721,695,486,-549,-3981,610,0,0
-1052,186,264,-402,-1141,-381,0,0
-907,-180,-278,-4,1030,-1360,0,0
-83,587,-464,-46,1167,-1368,0,0
360,1103,-60,1472,1901,-1104,0,0
-128,129,-103,204,1459,-1577,0,0
-56,1224,611,-171,-165,-1893,0,0
445,563,609,-96,-566,-1550,0,0
639,-860,126,-372,-966,-1811,0,0
473,-941,-155,175,-712,-4245,0,0
-532,-1445,-176,-425,-2104,-10384,0,0
-835,-57,-488,2171,-15,-12952,0,0
-938,-1305,-1052,960,4608,-13698,0,0
282,268,700,-643,1643,-6003,0,0
-72,844,1356,-214,-1814,-3178,0,0
-1330,-1722,113,-1813,-2687,-1404,0,0
-933,-935,-866,-566,-1563,420,0,0
-358,516,-769,-6,1052,-725,0,0
-70,1152,-325,709,1446,-1482,0,0
121,46,-270,475,2247,-1660,0,0
418,583,-161,-253,1292,-1577,0,0
621,1167,429,355,-593,-1832,0,0
712,-665,300,-356,-780,-1646,0,0
1079,-852,-161,-88,-358,-2176,0,0
654,-852,-200,186,-357,-6609,0,0
-332,-1960,-147,-2990,321,-12091,0,0
21,877,-632,622,2309,-14419,0,0
57,-737,-146,-1191,2896,-10323,0,0
595,1332,1171,857,508,-2565,0,0
-640,401,1080,28,-3274,-338,0,0
-1299,-360,229,-424,-2226,-663,0,0
-958,260,-113,-456,31,-187,0,0
-467,825,-85,-24,1202,-1218,0,0
-155,717,313,-45,1197,-1526,0,0
6,877,356,358,2033,-1220,0,0
-22,414,332,-315,782,-1715,0,0
324,893,738,-616,-694,-1203,0,0
465,264,480,-36,-517,-1541,0,0
580,-891,-74,-172,-613,-2470,0,0
340,-1287,-390,259,353,-7952,0,0
5,-1445,-130,-2074,-1274,-10392,0,0
-249,487,-352,2546,875,-13225,0,0
-808,-860,-643,-569,5013,-9606,0,0
33,2389,1665,542,107,-3390,0,0
-1004,123,1090,-1237,-4201,-1260,0,0
-1406,-241,-670,-1962,-2242,362,0,0
-1012,1678,-703,70,524,-936,0,0
-769,737,-389,927,2277,-2740,0,0
-419,-115,-396,933,2568,-2132,0,0
-144,210,-492,320,1405,-2400,0,0
453,1029,333,-7,-425,-1902,0,0
759,277,443,471,-549,-1492,0,0
785,-1105,-90,-147,-557,-1742,0,0
973,-482,-162,601,1303,-3223,0,0
82,-525,-214,1124,3654,-9605,0,0
-1015,-1068,-122,1478,5214,-13810,0,0
-706,-997,-42,1464,5522,-12639,0,0
216,144,538,689,2877,-5917,0,0
-167,798,804,-2176,-2958,-3096,0,0
-221,-1167,-228,-863,-3922,-576,0,0
301,-609,-704,77,-177,-514,0,0
440,134,-341,-58,1739,-1735,0,0
955,1360,194,467,1560,-981,0,0
1029,222,-99,1494,2433,-912,0,0
658,-968,-129,-529,885,-505,0,0
816,1274,911,-827,-602,-225,0,0
823,724,969,-126,-793,-921,0,0
598,-1500,83,-1120,-959,-1935,0,0
112,-766,-363,-810,-426,-7684,0,0
-322,37,-249,-176,-535,-12278,0,0
-659,472,-996,2748,2888,-12612,0,0
-686,374,-568,350,4202,-7099,0,0
-466,1948,1036,1438,-1921,-2484,0,0
-1276,-219,430,-615,-4429,-1115,0,0
-1478,-543,12,-1383,-316,-2251,0,0
-908,-1100,-156,-972,1244,-2567,0,0
-105,-1064,-2760,-654,2382,-2127,0,0
453,685,-1019,1346,3712,-1668,0,0
186,1018,-444,363,632,-1485,0,0
227,710,368,784,-1070,-2595,0,0
933,-365,175,-113,-582,-1979,0,0
1515,-138,296,389,-782,-2278,0,0
1381,-1344,57,-270,-69,-4589,0,0
284,-1116,-200,-1586,-60,-9827,0,0
-373,-38,-552,1601,2084,-14826,0,0
0,-2360,-548,-1653,3274,-12113,0,0
1550,481,720,-361,865,-4244,0,0
865,1658,898,303,-1862,550,0,0
-1120,881,687,-853,-3243,-277,0,0
-1108,-146,-31,-281,-1383,613,0,0
-699,90,-235,205,765,-29,0,0
-772,530,18,121,1200,-1228,0,0
-699,775,218,393,1378,-1563,0,0
-203,644,71,230,1356,-2475,0,0
279,574,525,-333,-74,-2184,0,0
445,-57,573,-378,-788,-1933,0,0
627,-684,18,-217,-679,-2464,0,0
518,-383,-351,320,325,-5557,0,0
-363,-813,-193,-496,831,-10984,0,0
-385,418,-550,1984,2924,-13769,0,0
-537,-406,-785,461,5197,-14170,0,0
1116,706,1325,454,2486,-5602,0,0
744,758,1273,112,-3522,300,0,0
-663,392,133,-1030,-4161,722,0,0
-1053,30,-56,-614,-1342,118,0,0
-892,-214,-304,387,1170,-1604,0,0
-251,240,-115,163,1495,-1996,0,0
146,658,-48,912,2404,-1557,0,0
231,383,149,-1,972,-2011,0,0
626,512,701,-260,-661,-1616,0,0
844,-330,550,-152,-656,-1103,0,0
914,-805,257,4,-532,-1404,0,0
617,-640,-2128,382,-132,-3392,0,0
-508,-212,25,254,-1144,-9766,0,0
-1114,248,-617,3757,2386,-13681,0,0
-1071,-1426,-1110,1485,5361,-13673,0,0
606,704,1447,401,1975,-6213,0,0
68,273,1516,-841,-2287,-3186,0,0
-672,-1237,0,-1730,-3347,-1025,0,0
-445,-42,-505,-158,-2493,1206,0,0
-427,309,-536,593,872,-205,0,0
-187,896,-198,249,1930,-669,0,0
-79,983,-3,1009,2413,-1306,0,0
-214,238,-165,43,1001,-2311,0,0
-34,272,219,-372,-925,-2689,0,0
428,-860,131,-135,-645,-2243,0,0
1125,-1059,-129,29,-133,-2259,0,0
694,-1113,-593,377,1179,-5826,0,0
-682,-908,-671,-292,1807,-12519,0,0
-571,-212,-1037,1601,3185,-15773,0,0
345,-1017,-357,-1116,4695,-11004,0,0
905,326,746,127,802,-3455,0,0
-19,1037,319,155,-4388,1238,0,0
-938,879,238,-138,-2990,1891,0,0
-1116,-57,349,0,730,-374,0,0
-606,424,211,-484,1956,-2196,0,0
-62,1369,414,-421,472,-2159,0,0
328,406,209,356,1985,-1880,0,0
569,172,-35,121,1383,-1340,0,0
574,799,642,-291,-140,-404,0,0
550,414,723,-414,-1158,-426,0,0
468,-737,-4,-474,-1081,-1818,0,0
220,-520,-707,518,-174,-4662,0,0
-823,-1274,-737,305,159,-12497,0,0
-1036,-523,-908,2591,1846,-16083,0,0
-278,-636,-1205,2097,6098,-14116,0,0
810,371,937,621,642,-5430,0,0
24,-108,695,66,-4448,1095,0,0
-1154,-430,-390,-1561,-2354,1512,0,0
-1356,509,57,-1451,-762,-22,0,0
-994,347,-192,-535,2264,-2534,0,0
-392,-143,-708,-361,1918,-2986,0,0
399,-83,-832,606,2384,-1890,0,0
686,612,-521,910,1035,-1169,0,0
638,829,221,481,-56,-549,0,0
693,119,173,496,-71,-868,0,0
707,-518,78,-678,-246,-2408,0,0
717,-335,-5,-218,1226,-7748,0,0
571,-948,-63,-1461,2155,-11287,0,0
393,1258,-226,1479,2821,-12862,0,0
-340,-172,-83,1061,3777,-10631,0,0
296,1060,651,1075,553,-3119,0,0
11,370,528,-253,-6169,1553,0,0
-780,180,-334,-421,-3260,1037,0,0
-1307,915,28,251,305,-1028,0,0
-873,87,63,348,1686,-2412,0,0
409,966,161,1263,2093,-2038,0,0
593,910,193,1355,2184,-1742,0,0
362,875,873,7,242,-1861,0,0
570,271,923,22,-656,-1580,0,0
708,-726,354,-197,-1283,-1575,0,0
19,-793,238,550,152,-5206,0,0
-779,-1814,-150,681,1652,-11616,0,0
-267,-650,-833,2947,3932,-14098,0,0
-429,-705,-1042,2812,5536,-14389,0,0
1045,-87,709,1044,886,-6421,0,0
531,-1249,373,1734,-3950,-367,0,0
-323,-1866,-863,-43,-2323,2939,0,0
-683,-655,-584,-729,-745,1439,0,0
-530,87,-348,-625,1056,-584,0,0
-236,825,28,-466,1150,-1347,0,0
154,121,-135,54,2087,-1712,0,0
482,724,231,-801,717,-1463,0,0
713,1383,587,52,-366,-1707,0,0
811,-534,203,-106,-215,-1399,0,0
911,-504,-41,54,240,-2829,0,0
218,-610,15,272,-292,-9564,0,0
-164,-1175,-284,-465,-199,-13227,0,0
319,-420,-1116,524,2668,-14926,0,0
750,-163,-192,-618,2069,-9049,0,0
1061,1188,785,1282,-1023,-2164,0,0
-293,98,727,-200,-3513,932,0,0
-1104,506,274,-341,-1627,531,0,0
-971,818,331,-268,115,-535,0,0
-881,225,508,41,1191,-2044,0,0
-360,453,464,-680,550,-1769,0,0
-58,615,187,268,147,-2192,0,0
39,-885,-169,-207,531,-2176,0,0
612,62,42,-109,-116,-3432,0,0
901,91,87,668,-291,-1083,0,0
842,-807,-41,-385,-2,-1098,0,0
342,-259,145,-481,-672,-6760,0,0
-438,-1286,-166,-2727,-2334,-11083,0,0
-391,882,-912,2307,1791,-14357,0,0
-513,-743,-453,-646,4428,-12792,0,0
793,258,1744,701,728,-4488,0,0
507,44,759,103,-4954,590,0,0
-641,1176,17,-883,-3396,687,0,0
-1049,483,331,-233,-110,301,0,0
-709,-114,102,-261,1771,-1536,0,0
-28,851,161,-31,1645,-1671,0,0
8,642,-101,526,1747,-1792,0,0
-34,196,118,-279,123,-2039,0,0
377,362,394,-169,-773,-1326,0,0
669,-36,-124,53,-726,-1143,0,0
544,-274,-168,113,-877,-1806,0,0
-435,-430,-126,261,42,-7460,0,0
-636,174,-179,454,169,-11263,0,0
-1267,164,-1061,3470,2318,-16219,0,0
-573,-2330,-966,107,4127,-12252,0,0
1358,691,680,628,1923,-5670,0,0
661,657,279,236,-3354,-2103,0,0
241,624,-572,-521,-3769,1324,0,0
71,601,-110,-568,-990,987,0,0
-62,134,25,399,1372,-532,0,0
-142,87,202,574,969,-1490,0,0
-181,-272,179,626,1445,-2176,0,0
35,59,326,-81,905,-2470,0,0
796,760,727,-61,-72,-825,0,0
934,-389,463,-103,-776,-75,0,0
735,-543,54,-301,-288,-471,0,0
-281,264,158,238,-527,-4961,0,0
-1356,-475,53,914,-1305,-10937,0,0
-1836,310,-1110,3444,2376,-15623,0,0
-1040,-968,-714,2899,5719,-13638,0,0
405,-522,926,843,2436,-5272,0,0
-150,-302,438,-1740,-4444,-1886,0,0
-327,561,-206,-1277,-4075,-864,0,0
-62,436,-166,390,-306,-1380,0,0
225,-823,-243,71,1386,-1380,0,0
969,-57,-117,-298,1589,-295,0,0
1087,614,-169,878,2317,355,0,0
318,447,-191,-34,1014,-122,0,0
-214,790,409,-299,-978,-1392,0,0
23,27,194,106,-624,-1838,0,0
536,-552,-34,68,-715,-2459,0,0
229,-930,-48,261,-683,-5163,0,0
-944,-939,-197,-401,297,-10958,0,0
-1303,752,-585,2781,2280,-17085,0,0
-325,-1964,-875,-167,4657,-16243,0,0
1745,64,181,60,298,-4885,0,0
844,-80,-412,1641,-4306,1453,0,0
-402,-123,-401,-490,-3559,2386,0,0
-751,1232,498,-434,-871,1365,0,0
-553,651,200,-276,2097,-1182,0,0
15,811,51,-420,1764,-1495,0,0
38,833,199,796,1926,-1810,0,0
-46,-275,120,-49,1167,-2442,0,0
337,552,403,-415,-351,-2011,0,0
748,72,249,184,-1140,-1777,0,0
862,-1161,-231,-165,-728,-1966,0,0
654,-33,-311,446,-262,-3597,0,0
-541,-980,-290,-566,-885,-10314,0,0
-850,-130,-608,1664,846,-14533,0,0
-610,-613,-1106,1447,3680,-14860,0,0
904,399,425,1714,683,-5068,0,0
173,-30,461,1307,-4184,607,0,0
-1404,38,-6,-1224,-2295,-222,0,0
-1182,1392,830,-1132,-561,-753,0,0
-544,274,284,-648,242,-2183,0,0
-176,401,-347,-196,1842,-1686,0,0
-46,644,-246,1017,1748,-1780,0,0
180,-283,150,98,297,-1897,0,0
463,-18,548,-207,-666,-1439,0,0
767,-269,342,132,-549,-773,0,0
765,-1052,238,92,-632,-949,0,0
466,-617,241,-625,-12,-3150,0,0
-182,-184,223,-647,676,-8528,0,0
-820,588,30,615,922,-12481,0,0
-1507,-419,-641,2182,4866,-15894,0,0
-70,-517,11,843,3445,-8868,0,0
666,695,-42,2135,-3185,-2196,0,0
-310,594,-713,808,-3756,-1638,0,0
-614,484,337,-1690,-1241,-587,0,0
-481,-397,120,-530,801,-1215,0,0
190,-250,-407,-875,1531,-1424,0,0
476,376,-456,990,2406,-1049,0,0
37,-647,-301,-501,1458,-1452,0,0
497,847,359,-348,-625,-1374,0,0
895,-237,92,550,-1072,-740,0,0
893,-3416,-311,-695,-749,-341,0,0
611,390,-22,-96,-317,-3324,0,0
-246,-639,321,-786,133,-11036,0,0
-176,-287,-823,1125,561,-14633,0,0
-177,-837,-1190,809,3219,-16228,0,0
1205,-445,139,187,1345,-9613,0,0
1824,439,587,1646,-1289,-2373,0,0
649,679,489,61,-3419,2924,0,0
-750,890,488,-1042,-2562,2448,0,0
-898,-178,269,-648,406,556,0,0
-540,108,298,-626,1518,-339,0,0
-500,959,506,48,999,-275,0,0
-498,682,122,1046,2115,-1519,0,0
-686,1130,337,-119,223,-1896,0,0
-620,920,630,-133,-910,-1663,0,0
-99,-390,150,150,-111,-2573,0,0
198,-657,-116,157,199,-3050,0,0
-196,-638,-51,-70,648,-8424,0,0
-353,-829,26,20,-7,-11361,0,0
-701,230,-1111,3512,4078,-15253,0,0
-414,-375,-251,1618,4312,-11956,0,0
818,-87,1240,991,-1185,-3346,0,0
0,130,130,320,-5611,171,0,0
-1069,469,279,-1405,-2375,-480,0,0
-922,-649,513,-828,578,-1818,0,0
178,-730,-141,-1065,2106,-1971,0,0
1168,1179,-255,74,1683,-533,0,0
930,533,-123,1223,2176,-964,0,0
406,517,114,81,803,-2848,0,0
255,1199,601,-78,-903,-869,0,0
471,-444,262,-78,-1341,-1011,0,0
683,-428,13,-41,-952,-775,0,0
-148,767,136,1063,-122,-5939,0,0
-1581,154,-198,2536,518,-14232,0,0
-1779,-893,-1103,3999,4300,-18450,0,0
287,-1406,-209,2268,5357,-11902,0,0
992,-284,832,833,-1184,-3043,0,0
346,48,-468,-349,-5133,852,0,0
-369,738,-439,-740,-1525,638,0,0
-920,-172,358,244,121,-317,0,0
-175,-648,311,-288,1163,-1113,0,0
720,1023,479,-388,925,-861,0,0
472,593,207,165,1672,-667,0,0
18,143,-215,-367,1695,-838,0,0
1,1071,170,-420,-379,-1132,0,0
33,-158,116,-351,-1324,-1426,0,0
361,-470,-269,203,-894,-1587,0,0
9,-40,-241,1218,232,-4762,0,0
-526,-534,-78,1830,705,-9569,0,0
-1043,1604,-493,4229,1470,-14979,0,0
-1414,-1363,-422,3886,4459,-16594,0,0
375,-1536,54,351,3433,-8594,0,0
796,612,-163,1292,-1726,-1417,0,0
-213,-229,216,-1127,-5631,3253,0,0
-354,918,163,-329,-1938,2899,0,0
-1006,997,12,-255,1800,-707,0,0
-780,478,246,43,1973,-2994,0,0
58,105,140,332,1434,-3496,0,0
394,21,-296,97,1602,-2631,0,0
719,510,195,221,236,-1974,0,0
1065,-2904,412,-46,-303,-1290,0,0
980,-1135,126,125,-390,-2619,0,0
293,-1487,-154,750,51,-7956,0,0
228,-2845,-749,194,717,-8976,0,0
241,290,-736,1637,2357,-10411,0,0
-467,-355,282,417,3314,-11639,0,0
682,118,1012,-131,1481,-6798,0,0
920,1429,528,105,-3642,-145,0,0
-158,618,-560,108,-3651,1734,0,0
-581,723,-627,-822,-419,635,0,0
-517,1177,-30,-346,694,-1438,0,0
-519,-162,-344,-949,990,-1659,0,0
11,608,-302,-306,1364,-836,0,0
389,389,55,559,1117,-800,0,0
172,27,159,-256,-243,-1040,0,0
167,410,-9,271,-667,-1412,0,0
99,-647,-154,681,-139,-2702,0,0
-162,-204,74,1298,284,-6038,0,0
-563,157,-367,2975,2511,-10658,0,0
-1565,474,-574,4369,2630,-18109,0,0
-426,-2012,-171,2413,4969,-16267,0,0
2303,65,691,2072,2285,-6409,0,0
976,-169,531,986,-3740,2026,0,0
-690,483,-90,-2606,-2955,3516,0,0
-1079,736,118,-2012,-382,523,0,0
-1090,-439,-295,-522,1555,-966,0,0
-595,647,-197,958,1305,-1203,0,0
-312,133,-112,1421,772,-1365,0,0
-140,568,-84,910,874,-1554,0,0
-120,886,541,425,-408,-2037,0,0
130,-794,502,-307,-360,-2136,0,0
746,-274,260,-13,-349,-2170,0,0
748,-819,262,668,321,-4298,0,0
100,-1580,148,-398,517,-10224,0,0
244,-229,-57,-16,1098,-12924,0,0
-217,95,-481,1914,5661,-16445,0,0
1158,-414,890,68,3048,-10112,0,0
1920,-287,968,-123,-3154,2637,0,0
-286,-252,-292,-167,-4525,4507,0,0
-1377,1036,-496,-688,-1081,2349,0,0
-784,1069,-301,68,809,-223,0,0
-1073,669,-289,-646,455,-988,0,0
-3264,1049,-449,53,1094,-1646,0,0
-580,219,-496,950,1688,-2006,0,0
-95,562,71,347,298,-1281,0,0
-131,328,304,314,-906,-1615,0,0
-46,-411,-116,181,-2,-2506,0,0
-37,-39,86,1770,1497,-7252,0,0
52,-1428,-214,1421,3694,-10719,0,0
637,1047,-700,4457,6112,-14746,0,0
259,-1933,-22,3131,5051,-14910,0,0
1668,-2120,164,820,4456,-9852,0,0
2025,176,-32,2585,1875,-2855,0,0
241,-642,549,-39,-4200,3827,0,0
-315,371,84,-1162,-3517,3025,0,0
-478,1505,733,-1396,-100,633,0,0
-604,1016,752,-695,1809,-1805,0,0
-320,258,-4,-453,1318,-1914,0,0
133,760,-119,96,391,-1107,0,0
138,18,181,106,-183,-1327,0,0
167,-372,53,-447,-423,-1422,0,0
447,147,-80,46,-753,-846,0,0
447,-671,-160,435,-690,-1325,0,0
-4,-386,-83,442,-513,-4126,0,0
-713,-52,-60,1371,485,-10303,0,0
-1209,-277,-786,2416,3061,-15696,0,0
-663,-782,-1042,2626,4706,-17127,0,0
1678,56,670,2557,1990,-10014,0,0
1316,-571,721,662,-2471,-1670,0,0
-381,-1098,-481,-362,-3054,3956,0,0
-722,-746,-669,-1449,-942,4859,0,0
-879,416,93,-521,789,1537,0,0
-1028,1068,435,-450,1496,-1264,0,0
-663,715,670,-719,61,-2560,0,0
-130,289,-148,-461,-12,-2435,0,0
210,678,-636,38,322,-1421,0,0
166,212,-316,910,14,-1119,0,0
93,-840,38,298,364,-1820,0,0
-2128,273,287,625,904,-6525,0,0
-368,-736,-300,702,1728,-12787,0,0
307,-31,-932,3355,4829,-16944,0,0
769,-1699,-319,2122,5491,-16023,0,0
2290,-1575,631,713,3135,-8080,0,0
2322,-23,360,1327,-2217,2576,0,0
303,971,902,-23,-4040,4333,0,0
-744,-327,927,-2053,-1301,1329,0,0
-383,425,515,-1000,119,-346,0,0
-774,518,-563,151,2132,-1132,0,0
-596,1071,-467,614,1956,-1331,0,0
42,-57,148,17,513,-649,0,0
215,518,522,-713,-535,382,0,0
-74,914,620,-616,-1456,311,0,0
-318,225,151,-601,-1395,-552,0,0
-624,208,99,249,-55,-4933,0,0
-992,-518,-28,-324,337,-10958,0,0
-670,404,-494,1688,1409,-14917,0,0
-765,846,-916,3989,6174,-16651,0,0
162,-1477,65,1421,3871,-11512,0,0
1497,51,399,268,-2568,-491,0,0
415,542,128,879,-4005,3223,0,0
-736,-727,-41,-1036,-1366,2863,0,0
-879,492,369,-737,253,-381,0,0
-978,323,118,-1002,964,-1821,0,0
-484,646,-202,200,1226,-2588,0,0
264,478,-357,879,1329,-1711,0,0
271,765,107,491,174,-1594,0,0
89,-304,230,62,302,-1913,0,0
564,-528,33,-102,273,-2927,0,0
1100,-102,229,2,315,-3854,0,0
198,-343,-153,849,2262,-9558,0,0
-549,188,-454,2963,3124,-14181,0,0
-593,-1352,-480,2578,3627,-15577,0,0
1171,-980,461,514,2604,-8284,0,0
1081,-349,679,267,-1728,-2179,0,0
-109,-692,132,52,-2497,-76,0,0
-97,895,453,-917,-1505,1050,0,0
282,509,554,126,-774,289,0,0
396,-679,34,-176,990,-83,0,0
466,1032,189,-191,1235,574,0,0
249,1208,318,309,1287,-555,0,0
-6,317,316,-741,432,-1205,0,0
104,879,378,-851,-922,-1327,0,0
81,-223,-183,-113,-1205,-1798,0,0
-160,-190,-264,1238,-789,-3508,0,0
-1427,-1040,-386,847,45,-10431,0,0
-962,-32,-703,3040,2811,-14727,0,0
-709,-765,-761,3219,4575,-18307,0,0
459,-2411,281,-1127,4521,-12431,0,0
2302,-220,488,-442,-1050,-2925,0,0
926,-251,-677,226,-3087,3757,0,0
-103,161,-553,-1984,-1425,3957,0,0
-334,519,-411,-1183,-354,1013,0,0
-631,246,-1138,-188,1231,172,0,0
-484,1441,-537,820,631,-313,0,0
-275,545,25,953,477,-1240,0,0
-102,442,77,378,291,-1173,0,0
115,748,501,674,-248,-1191,0,0
184,-304,516,-503,-629,-1240,0,0
151,58,165,-73,-474,-3495,0,0
-592,-1167,-483,447,-411,-10708,0,0
-389,-169,-1077,1751,2478,-14529,0,0
-176,-794,-707,1820,3476,-15278,0,0
-197,-1361,71,-314,2148,-9278,0,0
546,17,525,1514,13,-4066,0,0
-195,-158,453,-204,-2967,-1220,0,0
-455,295,108,-1348,-1683,285,0,0
-23,-54,214,-976,-224,24,0,0
-57,-387,218,-1020,181,-53,0,0
-75,782,69,-322,-172,-214,0,0
106,519,273,723,231,-570,0,0
233,-86,357,135,713,-567,0,0
370,1023,535,163,323,-1112,0,0
512,696,661,621,141,-1648,0,0
511,241,630,144,-367,-3129,0,0
17,-165,526,-72,269,-7590,0,0
-2,133,-580,1061,1921,-10288,0,0
-370,565,-1027,3390,2995,-14861,0,0
-531,-1762,-413,916,2464,-14489,0,0
1061,-704,-2344,1302,1566,-7605,0,0
679,-392,-68,701,-2429,-1311,0,0
-102,408,-166,303,-3757,1832,0,0
-345,386,-530,105,-711,578,0,0
-541,507,196,-790,857,141,0,0
-371,812,557,-742,961,-625,0,0
-186,166,416,-646,387,-891,0,0
-155,-47,-18,-683,-235,-565,0,0
31,590,-194,217,-823,-739,0,0
-86,-152,-162,231,-1012,-1085,0,0
-53,-139,-256,571,225,-3295,0,0
108,-408,65,-246,700,-6967,0,0
85,-444,56,830,1534,-10366,0,0
-628,-438,-460,1078,4162,-15465,0,0
-137,-1370,-255,260,2836,-16469,0,0
1902,-647,-246,1019,1791,-7861,0,0
1300,41,95,1283,-2019,-214,0,0
-52,-739,-145,26,-3035,2819,0,0
-257,262,124,-2712,-1542,1855,0,0
-535,677,640,-968,-102,873,0,0
-708,827,377,-374,1093,-448,0,0
-563,763,289,76,768,-1111,0,0
-337,304,223,-55,4,-1568,0,0
-40,356,286,-21,-521,-1818,0,0
118,34,268,-87,-873,-1990,0,0
259,-229,136,442,-169,-3113,0,0
215,-721,166,-190,427,-6529,0,0
-101,-810,48,-1294,257,-10725,0,0
-59,847,-679,1792,2598,-14511,0,0
-98,-1067,-624,1676,3460,-15197,0,0
1276,-898,535,1061,2669,-7493,0,0
830,-889,429,1206,-1965,-1197,0,0
-192,-529,-29,-660,-3638,2377,0,0
-193,592,322,-1472,-2411,2459,0,0
-753,582,140,-629,88,524,0,0
-1224,800,-137,-144,1739,-614,0,0
-1010,415,-52,313,1046,-1846,0,0
-348,169,33,163,598,-2154,0,0
18,673,302,-161,29,-1693,0,0
322,193,333,-303,-297,-1273,0,0
465,-571,41,-532,-218,-1073,0,0
474,418,147,-828,126,-2094,0,0
-102,1016,264,273,407,-6588,0,0
-1357,927,-315,1828,2334,-12247,0,0
-2151,46,-541,4791,4649,-17929,0,0
-592,-2087,133,422,4836,-12460,0,0
787,98,415,276,718,-5778,0,0
124,-439,-360,-698,-3030,-391,0,0
145,129,-555,-453,-2478,878,0,0
-48,-921,-478,-437,-174,-39,0,0
207,-212,-381,-394,423,-495,0,0
335,115,-408,758,259,-1162,0,0
301,-551,-684,795,2155,-759,0,0
325,719,-258,242,1193,-545,0,0
298,708,414,-2200,-232,-789,0,0
511,-56,108,-764,-263,-1222,0,0
697,522,-112,-550,235,-2274,0,0
523,1310,-16,-539,418,-6062,0,0
-219,2717,-18,2596,931,-11166,0,0
-2065,-416,-895,4588,3752,-17735,0,0
-350,-1728,0,2233,3296,-12586,0,0
1094,-80,186,3414,-1205,-8220,0,0
605,-856,68,-458,-3143,-1481,0,0
844,-1728,-21,-1442,-918,1975,0,0
1028,-800,143,-514,808,3875,0,0
3,516,624,-620,1344,4079,0,0
-657,661,426,-588,1386,1525,0,0
-954,700,441,-1006,-192,-588,0,0
-1309,367,-206,-288,-484,-2581,0,0
-511,712,-352,1116,-463,-2920,0,0
110,274,302,1454,-374,-4432,0,0
273,-684,564,254,278,-9175,0,0
735,367,127,932,2100,-11362,0,0
467,826,-527,3435,5254,-14645,0,0
191,-825,-41,1327,4273,-13703,0,0
1805,-402,-152,662,2458,-7828,0,0
1448,745,-228,740,-2313,843,0,0
-276,-157,-836,-636,-3290,3326,0,0
-592,-330,-653,-303,-1145,1316,0,0
-907,-129,22,-285,29,244,0,0
-802,444,-22,101,1497,-655,0,0
-312,664,179,-50,697,-997,0,0
-165,159,404,175,-154,-1859,0,0
29,-169,277,-121,-618,-2027,0,0
496,170,235,301,-706,-1494,0,0
616,-633,367,61,-416,-1942,0,0
532,-655,638,-231,611,-5399,0,0
372,-487,134,-949,29,-8696,0,0
95,1216,-163,2593,628,-10859,0,0
-1455,-1316,-957,1557,2891,-15870,0,0
237,-872,-122,2073,3433,-13812,0,0
1630,-738,660,2704,-69,-6196,0,0
1026,-898,701,-244,-2947,113,0,0
798,-1472,664,-1174,-2452,2035,0,0
865,-133,52,-943,-619,1896,0,0
-116,618,93,-448,722,210,0,0
-600,-460,-2104,-773,860,-1130,0,0
-66,-391,-508,-333,299,-1108,0,0
192,-312,-523,430,652,-422,0,0
284,-313,-145,182,2,-773,0,0
92,-509,-201,-746,-923,-1831,0,0
-307,-514,-396,-1436,-2014,-3799,0,0
-658,744,-194,-2013,-1561,-3590,0,0
-2001,2313,125,820,2175,-8150,0,0
-2475,733,-134,-904,2375,-8539,0,0
-422,1971,290,-411,928,-5803,0,0
136,2103,677,-133,-614,-2972,0,0
-484,1309,299,-187,38,-1688,0,0
-850,1509,-419,541,1074,-837,0,0
-1286,1686,-941,1549,1587,-243,0,0
-1875,1889,-1116,2080,2722,-2800,0,0
-2439,2927,-1370,2349,3469,-1613,0,0
-2688,4985,-1898,3523,4077,-2037,0,0
-2394,5140,-2512,4396,4674,-1707,0,0
-1766,3620,-2836,4211,4833,-391,0,0
-1703,2758,-2743,4347,4982,-414,0,0
-1842,1674,-2236,4251,4646,-965,0,0
-1742,1080,-1409,3939,4516,-1810,0,0
-156,3719,-31,5885,4237,-6186,0,0
1266,2123,1101,4540,2508,240,0,0
316,-1411,589,1698,3143,2412,0,0
-125,-1318,483,152,2829,1896,0,0
-628,-656,-511,1855,3803,-137,0,0
-223,-456,-275,1095,3855,-411,0,0
-64,121,-309,1184,3694,458,0,0
-242,-34,-358,1538,3708,376,0,0
-289,-712,-407,1283,3790,367,0,0
-270,-825,-504,1202,3818,131,0,0
-279,-581,-569,1238,3597,251,0,0
-334,-514,-524,1228,3424,311,0,0
-254,-538,-448,1323,3485,265,0,0
-85,-593,-378,1298,3604,390,0,0
28,-486,-257,1179,3709,547,0,0
57,-414,-102,1009,3865,489,0,0
44,-482,-1,723,3846,343,0,0
50,-563,-11,571,3907,259,0,0
59,-740,-110,699,4025,159,0,0
63,-1254,-207,559,3940,441,0,0
62,-931,-199,442,3846,292,0,0
125,-528,-149,620,3669,248,0,0
108,-521,-129,644,3597,328,0,0
64,-377,-72,687,3721,225,0,0
20,-132,12,701,3896,-5,0,0
-11,-4,43,597,3909,-214,0,0
-10,87,54,582,3641,-295,0,0
46,201,112,718,3521,-203,0,0
95,330,126,788,3500,-147,0,0
63,332,33,661,3640,-92,0,0
-16,292,-84,652,3734,-135,0,0
-61,384,-55,829,3778,-203,0,0
-95,232,43,951,3910,-238,0,0
-92,-132,99,763,4167,-276,0,0
2,-270,55,457,4230,-251,0,0
71,-124,-10,526,3671,-161,0,0
122,-36,77,956,3365,18,0,0
142,-191,226,1007,3580,202,0,0
32,-267,331,1118,3709,100,0,0
-75,-222,477,1144,3777,-180,0,0
-10,-354,513,866,3704,-331,0,0
76,-292,486,992,3679,30,0,0
-9,-13,545,1262,3633,107,0,0
-154,-121,562,1338,3649,154,0,0
-318,-124,560,1604,3641,-60,0,0
-404,-282,501,1594,3633,-406,0,0
-173,15,549,1549,3927,-214,0,0
107,744,789,1433,3857,202,0,0
158,1519,936,1448,3627,614,0,0
12,1801,840,1771,3310,648,0,0
-256,1003,536,1613,3020,677,0,0
-119,1482,251,1700,3282,755,0,0
320,2398,179,2563,3212,1173,0,0
366,1315,106,2859,3191,1349,0,0
334,122,133,2361,3082,1251,0,0
389,107,271,2257,3149,1080,0,0
392,112,486,2491,3096,820,0,0
424,-437,576,1923,3113,877,0,0
612,128,355,2359,3524,1242,0,0
447,254,197,2449,2969,714,0,0
164,-82,278,1336,2274,-66,0,0
385,211,-4,1108,2510,-41,0,0
860,559,-366,1770,3288,307,0,0
1132,425,-354,2049,3570,838,0,0
817,103,-113,2232,4127,825,0,0
187,-137,164,1976,3923,412,0,0
-201,-311,212,1645,3441,246,0,0
-299,-79,145,2067,2996,471,0,0
-333,-950,-31,2187,2626,171,0,0
-333,-1670,-372,1504,2649,444,0,0
-297,-507,-639,1504,2682,223,0,0
-244,67,-943,2394,2992,-404,0,0
-258,-639,-996,2530,3421,-509,0,0
-309,-502,-596,2453,3572,-377,0,0
-319,-99,-176,2317,3340,-683,0,0
-247,-787,-179,1924,2891,-740,0,0
-63,-1635,-446,1527,2836,-326,0,0
51,-1648,-802,1452,3166,25,0,0
80,-1376,-1057,1642,3710,-119,0,0
152,-1111,-998,1397,4289,-93,0,0
143,-452,-485,1232,4396,81,0,0
-93,-135,230,1037,4131,-229,0,0
-222,-557,621,725,4006,-687,0,0
-40,-1119,365,-47,4018,-815,0,0
270,-413,13,653,3747,-481,0,0
179,-145,40,1357,3539,-210,0,0
27,-347,145,1331,3562,-281,0,0
49,-446,152,1150,3667,-561,0,0
161,-253,99,1000,3761,-689,0,0
219,-94,71,959,3723,-680,0,0
221,-231,48,829,3780,-664,0,0
210,-319,-15,758,3851,-532,0,0
173,-144,-61,782,3831,-485,0,0
132,83,-62,800,3779,-577,0,0
96,245,-72,813,3697,-694,0,0
86,345,-84,900,3634,-795,0,0
90,295,-102,940,3615,-759,0,0
72,262,-129,935,3674,-731,0,0
57,332,-153,1002,3737,-787,0,0
37,330,-156,1025,3727,-838,0,0
24,241,-149,997,3724,-821,0,0
-3,180,-163,938,3691,-788,0,0
-77,79,-206,950,3684,-837,0,0
-132,-118,-252,864,3720,-844,0,0
-124,-160,-241,808,3696,-830,0,0
-65,-8,-171,891,3584,-844,0,0
29,82,-72,949,3504,-745,0,0
100,72,11,841,3514,-672,0,0
143,173,63,674,3534,-693,0,0
176,452,101,692,3601,-750,0,0
172,586,120,825,3662,-840,0,0
161,615,139,932,3673,-918,0,0
132,577,147,1096,3674,-994,0,0
75,339,120,1248,3647,-1058,0,0
11,-19,82,1214,3530,-1097,0,0
-17,-178,110,1156,3562,-1007,0,0
-36,-285,153,1132,3639,-929,0,0
-73,-400,182,1072,3633,-908,0,0
-89,-453,194,1052,3624,-911,0,0
-73,-502,206,1048,3642,-890,0,0
-53,-565,218,1067,3662,-862,0,0
-51,-602,227,1055,3684,-846,0,0
-51,-542,252,1072,3635,-819,0,0
-63,-471,279,1140,3538,-776,0,0
-107,-503,271,1150,3495,-711,0,0
-166,-500,232,1137,3513,-655,0,0
-223,-417,194,1141,3570,-659,0,0
-249,-348,173,1151,3596,-686,0,0
-254,-318,144,1153,3641,-667,0,0
-252,-258,108,1130,3642,-652,0,0
-249,-103,72,1190,3464,-677,0,0
-243,28,33,1290,3357,-627,0,0
-232,179,40,1471,3465,-527,0,0
-270,140,33,1729,3750,-599,0,0
-293,-68,-35,1722,3777,-672,0,0
-197,91,38,1411,3557,-799,0,0
-82,272,166,1374,3437,-925,0,0
-36,87,184,1436,3473,-763,0,0
-3,6,126,1400,3349,-564,0,0
36,2,84,1503,3481,-516,0,0
58,-112,-43,1524,3758,-489,0,0
139,81,-110,1417,3743,-506,0,0
237,431,-30,1555,3728,-552,0,0
98,467,37,1677,3545,-710,0,0
-157,179,81,1589,3515,-845,0,0
-156,-189,72,1526,3559,-694,0,0
-46,-273,-26,1549,3321,-516,0,0
34,-181,-100,1569,3277,-323,0,0
110,8,-165,1546,3313,-277,0,0
182,174,-144,1532,3334,-289,0,0
196,212,-207,1771,4385,-236,0,0
42,173,-418,1625,4071,-481,0,0
-112,277,-142,987,2882,-799,0,0
-165,57,246,762,3215,-1118,0,0
-182,-663,-31,751,3830,-923,0,0
-84,-507,-411,1243,3807,-431,0,0
-6,66,-405,1401,3604,-247,0,0
-11,220,-194,1317,3574,-504,0,0
5,-33,-52,984,3694,-699,0,0
114,29,-49,775,3825,-693,0,0
172,302,-99,900,3847,-594,0,0
85,261,-131,897,3661,-652,0,0
43,146,-105,857,3641,-792,0,0
92,89,-129,758,3764,-1013,0,0
262,263,-100,852,3735,-1237,0,0
373,410,78,1054,3822,-1134,0,0
240,292,279,1064,3470,-1022,0,0
22,-80,397,824,2841,-895,0,0
-145,-286,458,877,2680,-881,0,0
-251,-669,267,1123,3608,-1044,0,0
-234,-878,-244,1184,4618,-1098,0,0
-122,-437,-434,1587,3788,-861,0,0
-63,-549,-22,1327,3223,-628,0,0
-49,-758,411,1228,3594,-563,0,0
-19,-743,520,1396,3857,-665,0,0
83,-590,458,1252,3659,-739,0,0
205,-242,455,1178,3388,-729,0,0
272,-33,455,1334,3613,-769,0,0
298,-43,366,1279,3835,-697,0,0
300,160,344,1160,3673,-648,0,0
260,325,418,1215,3489,-628,0,0
130,186,411,1256,3463,-648,0,0
-8,45,247,1222,3444,-690,0,0
-75,120,4,1273,3462,-710,0,0
-107,201,-220,1352,3510,-705,0,0
-177,159,-372,1411,3555,-778,0,0
-259,114,-458,1405,3555,-850,0,0
-293,118,-465,1483,3539,-832,0,0
-306,75,-398,1365,3545,-720,0,0
-297,441,-283,1441,3717,-695,0,0
-397,572,-282,1650,3603,-787,0,0
-556,162,-349,1543,3361,-783,0,0
-585,-110,-306,1386,3287,-722,0,0
-491,-198,-218,1299,3445,-702,0,0
-335,-193,-190,1285,3737,-512,0,0
-221,-108,-164,1175,3870,-412,0,0
-170,-52,-74,983,3842,-476,0,0
-110,-7,8,816,3759,-537,0,0
-25,69,23,805,3718,-470,0,0
28,181,-30,1037,3762,-337,0,0
40,257,-58,1187,3641,-317,0,0
50,229,-12,1230,3628,-395,0,0
77,118,32,1208,3693,-422,0,0
102,14,33,1049,3715,-372,0,0
103,49,30,973,3697,-327,0,0
66,56,29,980,3681,-310,0,0
22,27,14,996,3703,-365,0,0
30,75,6,1085,3688,-414,0,0
47,94,30,1125,3675,-409,0,0
48,75,51,1109,3667,-393,0,0
22,49,39,1080,3659,-420,0,0
-10,19,30,1088,3674,-480,0,0
-16,-16,40,1109,3680,-476,0,0
-15,-51,46,1107,3696,-448,0,0
-9,-55,44,1147,3695,-424,0,0
3,-75,69,1146,3692,-358,0,0
0,-108,91,1068,3677,-354,0,0
2,-84,78,1035,3657,-383,0,0
25,-37,64,1123,3693,-398,0,0
42,-55,69,1157,3715,-396,0,0
57,-45,95,1134,3697,-426,0,0
81,-36,120,1108,3648,-436,0,0
96,-30,122,1134,3634,-442,0,0
94,-25,104,1194,3648,-452,0,0
87,-36,102,1232,3649,-464,0,0
75,-53,127,1246,3611,-440,0,0
32,-86,137,1241,3575,-453,0,0
-13,-112,129,1264,3531,-489,0,0
-37,-125,124,1344,3565,-496,0,0
-43,-132,113,1382,3574,-461,0,0
-56,-112,120,1367,3520,-470,0,0
-72,-66,159,1416,3574,-464,0,0
-92,-97,171,1462,3583,-458,0,0
-104,-219,152,1423,3532,-447,0,0
-85,-225,130,1435,3524,-421,0,0
-90,-208,91,1490,3551,-386,0,0
-103,-198,32,1546,3624,-367,0,0
-88,-145,-54,1611,3735,-418,0,0
-21,-43,-122,1623,3708,-464,0,0
63,93,-57,1605,3535,-539,0,0
103,90,46,1531,3350,-578,0,0
86,-24,111,1405,3205,-656,0,0
99,-166,6,1419,3548,-622,0,0
143,-190,-136,1461,3691,-505,0,0
199,-59,-144,1543,3730,-380,0,0
170,66,-108,1549,3659,-451,0,0
110,157,-84,1521,3485,-520,0,0
37,155,-70,1489,3451,-619,0,0
-40,71,-111,1442,3420,-683,0,0
-95,10,-166,1462,3469,-681,0,0
-78,30,-188,1404,3479,-714,0,0
44,106,-195,1725,4077,-536,0,0
25,-118,-381,1641,4434,-375,0,0
-137,-38,-226,938,2928,-380,0,0
-298,282,388,895,2516,-565,0,0
-441,-302,390,778,3355,-983,0,0
-264,-524,-283,766,3880,-687,0,0
-113,100,-613,1501,3643,-97,0,0
-226,170,-450,1307,3728,-325,0,0
-169,36,-129,1010,3893,-708,0,0
-25,-126,66,730,3989,-796,0,0
59,-3,91,949,3916,-626,0,0
73,46,44,999,3724,-383,0,0
84,52,32,985,3565,-302,0,0
46,105,47,1072,3641,-353,0,0
-33,-6,-21,904,3791,-481,0,0
-10,66,-77,856,3767,-575,0,0
16,75,-37,979,3723,-585,0,0
21,-89,8,929,3764,-528,0,0
74,-89,25,918,3729,-491,0,0
121,-13,52,1001,3681,-409,0,0
140,-10,94,1040,3698,-425,0,0
172,-15,112,975,3741,-538,0,0
208,22,100,925,3732,-602,0,0
222,75,106,952,3680,-544,0,0
212,117,135,1049,3659,-460,0,0
159,13,144,1333,3727,-563,0,0
107,-581,77,1361,3960,-573,0,0
125,-846,29,1090,3863,-843,0,0
263,-489,112,819,3082,-617,0,0
162,64,210,1005,3094,-489,0,0
-224,-15,-41,1201,3585,-875,0,0
-434,-358,-301,843,4087,-1045,0,0
-214,-59,-192,878,3951,-785,0,0
37,179,24,1155,3547,-473,0,0
37,108,58,1073,3538,-558,0,0
38,244,12,865,3672,-678,0,0
157,671,48,897,3571,-780,0,0
213,746,102,1182,3489,-717,0,0
72,448,67,1227,3654,-752,0,0
-52,377,-7,1354,3946,-869,0,0
-47,215,-59,1449,3980,-842,0,0
43,-110,15,1186,3576,-642,0,0
100,-156,165,967,3280,-572,0,0
104,20,223,1008,3292,-611,0,0
85,81,145,1105,3465,-606,0,0
41,-9,57,1088,3689,-647,0,0
29,68,61,1100,3673,-779,0,0
90,201,125,1199,3670,-771,0,0
138,196,152,1300,3658,-745,0,0
175,190,140,1294,3537,-670,0,0
177,265,141,1332,3522,-685,0,0
120,231,120,1401,3541,-743,0,0
52,120,76,1382,3558,-783,0,0
19,126,55,1465,3562,-836,0,0
-46,-44,51,1546,3566,-851,0,0
-115,-404,46,1443,3558,-778,0,0
-92,-442,39,1361,3541,-699,0,0
-54,-325,18,1374,3397,-614,0,0
-94,-284,-2,1379,3261,-642,0,0
-123,-258,-1,1475,3308,-580,0,0
-143,-272,23,1642,3397,-565,0,0
-197,-409,8,1707,3616,-596,0,0
-214,-317,-68,1677,3810,-704,0,0
-100,69,-37,1546,3628,-967,0,0
82,274,97,1465,3371,-1071,0,0
138,-26,153,1480,3324,-875,0,0
87,-217,104,1394,3346,-717,0,0
52,-170,25,1403,3426,-664,0,0
23,-158,-103,1553,3687,-632,0,0
-22,-214,-172,1533,3673,-694,0,0
-35,-192,-89,1557,3575,-681,0,0
-100,-271,14,1377,3458,-829,0,0
-116,-202,20,1156,3433,-1035,0,0
-61,-36,-58,1427,3450,-1122,0,0
-40,-183,-117,1503,3443,-959,0,0
9,-130,-70,1458,3436,-828,0,0
51,16,-31,1363,3443,-879,0,0
84,132,-44,1276,3455,-912,0,0
110,260,-73,1528,3873,-804,0,0
35,272,-174,1624,4078,-811,0,0
-90,138,-146,1234,3432,-883,0,0
-178,-30,105,1052,3060,-882,0,0
-263,-276,172,1025,3286,-821,0,0
-241,-243,-7,1175,3480,-587,0,0
-219,-57,-161,1367,3605,-414,0,0
-303,16,-147,1358,3690,-417,0,0
-384,-16,-44,1141,3738,-501,0,0
-379,4,18,910,3703,-574,0,0
-353,-2,-34,862,3650,-516,0,0
-359,-9,-142,905,3664,-433,0,0
-342,68,-206,955,3720,-444,0,0
-267,149,-210,1043,3830,-481,0,0
-175,207,-187,1133,3901,-552,0,0
-84,146,-146,1111,3830,-632,0,0
25,33,-75,950,3741,-628,0,0
149,78,-11,921,3724,-520,0,0
192,116,18,1002,3702,-453,0,0
160,51,8,1041,3658,-529,0,0
150,-64,16,1002,3689,-648,0,0
232,-89,60,1010,3680,-688,0,0
338,-76,104,1068,3691,-624,0,0
392,-90,113,1071,3666,-541,0,0
411,-44,123,1035,3656,-511,0,0
393,-58,125,1151,3711,-590,0,0
292,-409,45,1114,3594,-745,0,0
235,-491,10,953,3442,-679,0,0
151,-319,80,1008,3618,-539,0,0
-3,-154,99,1096,3814,-577,0,0
-114,-97,72,967,3740,-692,0,0
-94,-111,68,748,3668,-780,0,0
10,21,43,755,3621,-735,0,0
68,237,-20,1002,3518,-654,0,0
64,354,-56,1156,3448,-631,0,0
29,451,-53,1237,3544,-745,0,0
-11,523,-60,1298,3731,-812,0,0
-44,495,-45,1288,3811,-866,0,0
-61,316,32,1120,3673,-900,0,0
-61,143,106,1021,3610,-897,0,0
-59,34,74,1082,3633,-814,0,0
-66,-14,-30,1240,3641,-761,0,0
-76,-26,-99,1320,3601,-774,0,0
-49,-19,-51,1355,3553,-782,0,0
-29,-136,30,1253,3542,-736,0,0
-21,-195,63,1117,3551,-644,0,0
-22,-133,58,1068,3563,-547,0,0
-58,-69,52,1032,3610,-507,0,0
-107,17,46,1026,3688,-509,0,0
-146,97,35,1057,3694,-542,0,0
-185,114,15,1107,3684,-624,0,0
-212,118,-21,1172,3649,-710,0,0
-198,84,-46,1263,3650,-764,0,0
-140,-12,-43,1286,3666,-707,0,0
-68,-52,-12,1252,3680,-644,0,0
-23,-59,8,1190,3676,-617,0,0
11,-45,9,1153,3677,-612,0,0
38,-51,11,1119,3645,-605,0,0
53,-46,17,1126,3640,-582,0,0
57,-52,11,1151,3629,-564,0,0
58,-43,9,1165,3573,-549,0,0
46,-24,17,1201,3567,-523,0,0
19,-34,12,1199,3589,-528,0,0
-9,-16,15,1174,3610,-562,0,0
-36,-3,27,1170,3621,-596,0,0
-47,-30,25,1158,3647,-622,0,0
-49,-53,10,1169,3660,-596,0,0
-67,-54,4,1193,3621,-572,0,0
-92,-64,11,1197,3607,-571,0,0
-113,-102,1,1169,3632,-589,0,0
-125,-111,-20,1149,3643,-591,0,0
-119,-116,-29,1166,3685,-571,0,0
-107,-134,-25,1129,3683,-584,0,0
-66,-109,-5,1144,3651,-587,0,0
0,-115,9,1164,3710,-556,0,0
70,-110,9,1153,3739,-566,0,0
137,-41,46,1109,3672,-558,0,0
182,33,108,1133,3638,-538,0,0
149,12,93,1094,3628,-576,0,0
97,21,27,1125,3572,-670,0,0
76,7,-22,1215,3573,-740,0,0
94,-47,-18,1269,3579,-729,0,0
129,-77,17,1258,3584,-652,0,0
157,-74,47,1183,3583,-592,0,0
175,-13,62,1090,3644,-593,0,0
186,78,50,1015,3703,-646,0,0
184,146,36,1006,3698,-678,0,0
167,179,13,1030,3673,-696,0,0
125,254,-24,1137,3599,-715,0,0
48,264,-50,1253,3510,-790,0,0
-4,180,-63,1311,3511,-849,0,0
-13,130,-58,1382,3545,-876,0,0
-25,32,-28,1406,3553,-828,0,0
-46,-63,21,1306,3563,-796,0,0
-58,-116,41,1178,3588,-767,0,0
-74,-115,26,1117,3615,-722,0,0
-99,-95,4,1110,3643,-694,0,0
-120,-75,-11,1109,3633,-717,0,0
-120,-62,-22,1138,3632,-728,0,0
-112,-56,-33,1185,3650,-715,0,0
-108,-63,-47,1204,3644,-711,0,0
-107,-80,-49,1196,3618,-716,0,0
-104,-99,-40,1155,3600,-745,0,0
-73,-98,-40,1143,3602,-717,0,0
-36,-84,-29,1155,3634,-658,0,0
-19,-64,7,1130,3629,-628,0,0
-10,-42,34,1081,3605,-636,0,0
0,-12,27,1050,3621,-656,0,0
13,35,5,1087,3649,-664,0,0
19,55,2,1159,3676,-687,0,0
20,40,15,1164,3689,-724,0,0
28,33,26,1137,3640,-736,0,0
32,5,35,1117,3596,-717,0,0
27,-22,21,1099,3573,-692,0,0
30,0,-9,1144,3591,-677,0,0
39,11,-32,1171,3633,-677,0,0
55,39,-23,1142,3632,-689,0,0
73,81,7,1109,3637,-710,0,0
85,118,4,1094,3640,-697,0,0
73,157,-4,1143,3600,-673,0,0
24,161,2,1173,3575,-722,0,0
-14,159,1,1210,3567,-793,0,0
-29,101,-4,1233,3554,-815,0,0
-37,39,4,1245,3539,-778,0,0
-44,-6,17,1259,3590,-715,0,0
-57,-56,21,1191,3630,-703,0,0
-71,-41,35,1138,3648,-703,0,0
-86,-46,32,1103,3645,-724,0,0
-82,-65,9,1088,3633,-733,0,0
-54,-46,-3,1174,3624,-685,0,0
-38,-107,7,1248,3636,-675,0,0
-27,-169,28,1163,3642,-678,0,0
-16,-92,38,1100,3622,-707,0,0
-21,-49,20,1093,3634,-707,0,0
-25,-43,-9,1127,3670,-676,0,0
-29,-21,-22,1145,3663,-667,0,0
-31,15,-20,1178,3658,-657,0,0
-51,-17,-37,1171,3642,-665,0,0
-72,-39,-58,1133,3575,-730,0,0
-49,-53,-55,1162,3562,-689,0,0
-24,-110,-45,1147,3644,-603,0,0
-24,-95,-36,1096,3677,-558,0,0
-31,-60,-18,1034,3663,-565,0,0
-39,-59,-16,960,3667,-590,0,0
-32,-2,-40,983,3671,-612,0,0
-11,35,-55,1051,3703,-586,0,0
5,50,-43,1052,3704,-566,0,0
-14,75,-25,1018,3685,-659,0,0
-10,89,-29,1026,3634,-734,0,0
33,43,-28,1093,3648,-669,0,0
60,-10,-10,1093,3675,-587,0,0
73,2,5,1036,3645,-527,0,0
48,28,11,957,3632,-556,0,0
0,88,-20,964,3693,-668,0,0
-47,72,-54,1052,3684,-767,0,0
-48,-7,-53,1077,3543,-743,0,0
-22,-7,-7,1167,3630,-706,0,0
-12,-46,26,1143,3721,-666,0,0
-11,-92,54,1009,3644,-698,0,0
-10,-141,62,965,3679,-679,0,0
-22,-183,39,939,3597,-608,0,0
-50,-136,30,999,3686,-670,0,0
-27,-56,30,1069,3713,-688,0,0
56,-36,59,1051,3694,-555,0,0
67,77,93,979,3693,-559,0,0
30,232,60,1036,3640,-661,0,0
4,147,29,1077,3547,-742,0,0
-22,78,14,1140,3636,-790,0,0
-34,61,1,1325,3699,-793,0,0
-21,-174,24,1262,3646,-675,0,0
-8,-283,66,1046,3542,-579,0,0
-12,-144,81,1031,3539,-534,0,0
-55,-122,50,1080,3728,-567,0,0
-74,-111,25,1062,3757,-633,0,0
-46,-58,50,1094,3697,-628,0,0
-48,-54,61,1092,3656,-636,0,0
-51,-39,35,1125,3594,-666,0,0
-28,-55,28,1169,3605,-621,0,0
-40,-104,12,1173,3670,-572,0,0
-73,-102,-17,1133,3710,-592,0,0
-92,-78,-1,1079,3690,-607,0,0
-108,-91,7,1064,3688,-648,0,0
-118,-105,-33,1058,3642,-663,0,0
-82,-76,-50,1143,3660,-612,0,0
-57,-82,-35,1147,3671,-576,0,0
-51,-34,-11,1132,3644,-602,0,0
-50,-25,2,1101,3646,-671,0,0
-18,-37,9,1100,3637,-669,0,0
5,-77,6,1093,3637,-627,0,0
15,-58,9,1088,3599,-564,0,0
17,-42,16,1104,3641,-559,0,0
5,-36,19,1044,3641,-578,0,0
7,5,27,1064,3635,-566,0,0
-2,-9,23,1034,3674,-576,0,0
3,57,25,1051,3658,-563,0,0
-6,57,28,1076,3654,-578,0,0
-14,54,13,1063,3651,-598,0,0
-9,98,1,1133,3672,-622,0,0
-14,65,-6,1141,3682,-647,0,0
-11,59,4,1141,3667,-660,0,0
-14,14,18,1119,3656,-660,0,0
-14,-17,14,1119,3680,-639,0,0
-15,-27,13,1140,3697,-619,0,0
-15,-46,29,1116,3626,-602,0,0
-13,-97,37,1091,3592,-595,0,0
-1,-110,16,1080,3605,-559,0,0
36,-35,1,1145,3658,-518,0,0
65,17,15,1114,3675,-504,0,0
74,46,46,998,3657,-524,0,0
70,95,36,942,3683,-559,0,0
42,150,-28,983,3687,-627,0,0
34,180,-57,1059,3641,-650,0,0
35,164,-42,1144,3638,-666,0,0
33,142,-54,1192,3728,-659,0,0
70,224,-57,1234,3747,-626,0,0
89,228,-19,1216,3599,-670,0,0
72,129,-5,1063,3502,-726,0,0
91,134,1,1057,3538,-742,0,0
94,115,-21,1174,3610,-725,0,0
61,53,-8,1207,3637,-731,0,0
46,-12,48,1172,3641,-725,0,0
28,-91,60,1094,3614,-692,0,0
6,-103,34,1081,3629,-631,0,0
-19,-95,8,1094,3635,-632,0,0
-26,-80,-2,1095,3641,-644,0,0
-12,-52,-3,1110,3681,-632,0,0
0,-25,-7,1089,3662,-624,0,0
4,19,-3,1083,3629,-636,0,0
-1,40,-2,1088,3636,-669,0,0
-2,41,-11,1105,3654,-685,0,0
8,41,-8,1137,3656,-673,0,0
14,29,4,1119,3624,-663,0,0
18,34,14,1093,3621,-669,0,0
25,44,9,1090,3644,-681,0,0
32,48,5,1107,3639,-701,0,0
45,26,8,1083,3657,-697,0,0
68,28,1,1064,3677,-672,0,0
83,71,2,1076,3666,-636,0,0
77,89,23,1053,3650,-652,0,0
69,99,31,1003,3608,-673,0,0
66,147,30,1051,3589,-692,0,0
52,157,23,1112,3600,-711,0,0
42,161,27,1148,3595,-742,0,0
33,169,51,1159,3585,-759,0,0
12,145,70,1177,3579,-773,0,0
-15,71,80,1205,3553,-749,0,0
-53,-17,92,1196,3557,-716,0,0
-87,-25,111,1209,3565,-679,0,0
-127,-41,135,1229,3553,-680,0,0
-167,-82,136,1238,3533,-681,0,0
-185,-110,122,1297,3553,-641,0,0
-205,-159,108,1319,3601,-627,0,0
-202,-106,112,1325,3600,-669,0,0
-158,-13,152,1410,3585,-718,0,0
-133,-119,146,1424,3603,-704,0,0
-123,-185,115,1418,3556,-624,0,0
-144,-224,115,1416,3542,-514,0,0
-181,-229,132,1429,3490,-436,0,0
-234,-269,137,1452,3415,-404,0,0
-269,-298,104,1509,3450,-459,0,0
-257,-273,70,1634,3538,-513,0,0
-199,-271,52,1699,3586,-517,0,0
-113,-241,31,1721,3661,-520,0,0
-22,-182,-1,1741,3720,-553,0,0
99,-133,-10,1636,3657,-597,0,0
212,-94,-5,1476,3566,-558,0,0
284,6,-29,1464,3500,-512,0,0
317,69,-84,1483,3399,-476,0,0
340,123,-169,1531,3532,-490,0,0
342,199,-272,1690,3852,-484,0,0
249,196,-270,1618,3857,-516,0,0
115,225,-84,1377,3380,-630,0,0
33,102,102,1115,3267,-823,0,0
58,-131,-63,811,3548,-928,0,0
123,16,-376,974,3666,-728,0,0
119,268,-419,1361,3595,-593,0,0
23,109,-248,1357,3532,-656,0,0
-86,-67,-114,1091,3444,-776,0,0
-82,11,-108,956,3503,-915,0,0
19,82,-173,988,3609,-929,0,0
90,140,-154,1076,3642,-814,0,0
80,165,-68,1140,3639,-791,0,0
40,44,-52,1048,3647,-839,0,0
20,-23,-114,996,3735,-852,0,0
18,-39,-168,980,3784,-808,0,0
24,-49,-165,904,3782,-732,0,0
24,-29,-148,847,3807,-647,0,0
8,18,-145,800,3757,-597,0,0
3,4,-148,736,3716,-593,0,0
62,-293,-165,830,3745,-760,0,0
-22,-730,-140,489,3635,-842,0,0
-18,-151,-48,383,3705,-1059,0,0
28,328,-25,567,3726,-1308,0,0
72,218,-36,738,3544,-1289,0,0
126,33,23,741,3370,-1098,0,0
182,-9,93,749,3270,-840,0,0
132,-18,150,787,3338,-687,0,0
17,-73,186,704,3502,-723,0,0
-53,37,213,578,3724,-961,0,0
-20,164,206,680,4074,-1155,0,0
45,143,150,802,4069,-1103,0,0
134,176,167,972,3658,-890,0,0
162,-17,267,1008,3311,-669,0,0
141,-54,324,1032,3329,-560,0,0
67,116,257,1162,3570,-593,0,0
-60,184,121,1182,3737,-770,0,0
-104,360,99,1057,3731,-986,0,0
-87,434,168,1106,3636,-1091,0,0
-128,44,143,1181,3649,-989,0,0
-184,-167,53,1238,3662,-789,0,0
-228,-82,40,1314,3489,-716,0,0
-299,-153,79,1283,3286,-726,0,0
-373,-252,81,1237,3240,-719,0,0
-406,-232,28,1321,3355,-773,0,0
-385,-311,-73,1426,3639,-809,0,0
-274,-276,-202,1530,4041,-847,0,0
-119,-172,-292,1492,4116,-830,0,0
23,51,-168,1353,3770,-788,0,0
79,176,110,1368,3481,-864,0,0
53,-106,225,1251,3385,-912,0,0
104,-216,136,1205,3372,-837,0,0
207,-127,-21,1310,3434,-767,0,0
297,-4,-149,1450,3781,-738,0,0
361,129,-278,1634,4530,-786,0,0
358,225,-218,1291,3897,-827,0,0
357,463,323,1085,3030,-826,0,0
318,294,823,1206,3090,-808,0,0
239,-119,784,1296,3498,-778,0,0
169,-157,285,1239,3477,-743,0,0
93,214,-191,1220,3119,-820,0,0
-9,212,-340,1447,3151,-914,0,0
-113,-310,-308,1363,3599,-930,0,0
-105,-407,-205,1247,3917,-931,0,0
6,4,-67,1245,3799,-872,0,0
30,213,61,1310,3479,-965,0,0
-44,-8,104,1265,3370,-981,0,0
-84,-119,40,1227,3483,-929,0,0
-61,-25,-65,1224,3520,-934,0,0
-27,76,-102,1254,3509,-931,0,0
-37,55,-82,1283,3525,-922,0,0
-77,-15,-61,1238,3506,-903,0,0
-93,7,-55,1245,3493,-889,0,0
-101,-12,-64,1260,3535,-925,0,0
-96,-21,-55,1230,3515,-926,0,0
-71,18,-11,1252,3525,-919,0,0
-56,-12,5,1227,3543,-926,0,0
-33,10,5,1210,3562,-903,0,0
-4,40,19,1222,3584,-899,0,0
8,35,40,1186,3560,-877,0,0
0,36,52,1213,3561,-889,0,0
-13,-26,31,1176,3562,-893,0,0
9,-9,11,1176,3564,-891,0,0
21,4,-4,1193,3592,-879,0,0
6,-17,-14,1187,3583,-877,0,0
-5,-35,-6,1177,3557,-884,0,0
-11,-49,-10,1175,3557,-901,0,0
-3,-38,-28,1183,3540,-883,0,0
5,-45,-42,1202,3540,-877,0,0
16,-47,-40,1195,3542,-860,0,0
35,-15,-20,1199,3525,-831,0,0
40,3,-3,1204,3521,-825,0,0
18,13,7,1222,3531,-825,0,0
-21,-12,3,1223,3533,-858,0,0
-37,-13,18,1167,3409,-870,0,0
-16,26,29,1231,3524,-862,0,0
-22,39,-30,1257,3671,-880,0,0
-62,91,-45,1299,3608,-881,0,0
-134,4,21,1285,3555,-914,0,0
-171,-117,69,1179,3550,-919,0,0
-125,-74,48,1150,3592,-906,0,0
-53,7,2,1192,3612,-883,0,0
-33,-2,-7,1199,3557,-853,0,0
-44,-52,13,1199,3534,-826,0,0
-35,-77,1,1179,3559,-809,0,0
3,-9,-16,1169,3494,-782,0,0
13,39,-14,1205,3387,-770,0,0
-20,-10,-51,1286,3548,-776,0,0
-46,-53,-85,1288,3632,-760,0,0
-30,-14,-32,1260,3614,-762,0,0
5,33,56,1173,3683,-799,0,0
48,89,90,1065,3722,-836,0,0
82,118,67,961,3673,-853,0,0
92,177,35,1030,3614,-806,0,0
57,177,0,1157,3550,-779,0,0
7,135,-32,1256,3534,-782,0,0
-24,89,-53,1331,3549,-807,0,0
-36,26,-52,1326,3563,-840,0,0
-10,42,-14,1309,3595,-873,0,0
26,23,28,1248,3595,-872,0,0
48,-11,34,1184,3599,-817,0,0
42,-16,16,1168,3610,-777,0,0
20,-17,-7,1148,3599,-773,0,0
4,-8,-12,1145,3588,-775,0,0
-3,11,-18,1170,3594,-792,0,0
0,37,-23,1203,3573,-801,0,0
3,39,-15,1229,3560,-809,0,0
-4,25,-10,1224,3557,-823,0,0
-10,22,-9,1234,3543,-830,0,0
-16,-6,-4,1245,3560,-835,0,0
-20,-34,0,1231,3563,-823,0,0
-25,-50,7,1209,3565,-820,0,0
-23,-54,8,1194,3584,-814,0,0
-17,-44,9,1207,3604,-786,0,0
-27,-51,11,1179,3588,-776,0,0
-42,-42,10,1160,3585,-788,0,0
-45,-30,2,1177,3590,-799,0,0
-36,-21,-1,1189,3594,-788,0,0
-27,-7,6,1191,3587,-769,0,0
-30,-3,9,1182,3581,-768,0,0
-36,9,1,1175,3591,-782,0,0
-41,7,-5,1182,3596,-791,0,0
-49,-7,-9,1173,3608,-787,0,0
-51,-7,-12,1179,3607,-775,0,0
-53,-18,-12,1154,3580,-769,0,0
-70,-22,-11,1176,3576,-750,0,0
-128,-72,-25,1176,3578,-843,0,0
-178,-119,-30,1148,3570,-1217,0,0
-168,-347,8,1446,3618,-1766,0,0
-80,-1011,31,1294,3778,-2610,0,0
388,-1018,-2,1095,4036,-3748,0,0
986,-1233,-154,1722,4346,-4910,0,0
1626,-1973,-242,1434,4773,-4567,0,0
2389,-2342,-359,1356,5440,-4358,0,0
2965,-2135,-611,1070,5591,-4179,0,0
3252,-1835,-992,890,5230,-4237,0,0
3512,-1445,-1109,644,5003,-3288,0,0
3739,-521,-1062,200,4198,-1581,0,0
3760,532,-763,675,2852,-740,0,0
3232,253,-302,447,1095,501,0,0
2118,-204,104,127,160,753,0,0
1478,130,512,-89,97,680,0,0
1025,345,628,-196,370,-188,0,0
558,126,332,-742,-73,-1152,0,0
262,403,99,-872,-147,-2709,0,0
-23,409,87,-399,361,-4882,0,0
38,-151,-48,-725,63,-7181,0,0
-78,288,-319,-201,-52,-9997,0,0
5,126,-403,265,154,-12482,0,0
639,-1012,-495,-860,507,-12294,0,0
1357,93,-188,-381,749,-8258,0,0
905,-197,-109,908,-313,-2263,0,0
-264,-799,-70,-258,-3139,2244,0,0
-875,541,254,-1038,-2667,1492,0,0
-926,653,732,-1556,-901,545,0,0
-786,235,242,47,873,-1155,0,0
-635,353,-438,-4,497,-1079,0,0
-613,641,-100,549,282,-1407,0,0
-528,-76,153,622,133,-2351,0,0
-173,130,533,108,-614,-2033,0,0
148,74,584,114,-277,-1364,0,0
472,-313,373,-2256,303,-687,0,0
720,31,234,-181,197,-1038,0,0
426,90,-67,-929,-944,-3466,0,0
-593,-72,-215,-918,671,-8425,0,0
-1060,1071,-879,1274,1771,-15215,0,0
-850,-855,-569,426,2025,-17789,0,0
894,-1062,-432,465,2895,-11411,0,0
1265,-112,102,1187,2471,-4995,0,0
-232,-34,1117,-112,-2490,-629,0,0
-612,-1315,-269,-1619,-4256,1358,0,0
20,24,-813,-1402,-1318,775,0,0
4,1602,-81,664,1398,-395,0,0
-276,490,196,485,1327,-814,0,0
-246,64,401,-26,350,-1497,0,0
138,399,555,15,-188,-1891,0,0
607,606,625,-52,-504,-1035,0,0
699,306,544,-325,-677,-574,0,0
653,197,338,-110,-515,-1022,0,0
290,7,257,-320,-949,-3343,0,0
-429,-116,59,-964,-1748,-7526,0,0
-777,878,-302,1743,-647,-12482,0,0
-1044,-1616,-883,1000,860,-16340,0,0
718,-691,-39,121,642,-11445,0,0
1481,226,225,945,511,-7251,0,0
674,439,446,1201,267,-1895,0,0
-510,-820,852,-1263,-2137,552,0,0
-856,-1291,-99,-1166,-1521,1036,0,0
-698,-112,-589,-1037,-9,655,0,0
-638,1605,-125,396,1116,-852,0,0
-760,520,6,508,522,-2129,0,0
-327,-510,58,-320,-183,-2003,0,0
451,135,193,-15,-448,-1196,0,0
862,598,385,-19,-709,-2424,0,0
727,558,420,-129,-489,-1049,0,0
458,528,190,118,69,-3663,0,0
101,149,202,-280,264,-8013,0,0
-47,560,63,749,-795,-11343,0,0
-1011,-964,-758,716,74,-15657,0,0
-118,-558,-309,973,536,-11797,0,0
840,-105,100,1315,797,-5341,0,0
-237,94,104,172,-1383,-1179,0,0
-1014,-496,-125,-873,-3332,433,0,0
-783,-561,-535,-885,-1266,24,0,0
-454,1141,-243,220,-88,-279,0,0
-633,1178,12,318,388,-1011,0,0
-586,574,265,220,476,-1351,0,0
-2328,32,147,28,504,-1596,0,0
-11,52,136,-160,252,-1538,0,0
254,21,127,182,-197,-1327,0,0
-31,-609,22,-271,-921,-3455,0,0
-105,-958,-281,293,1301,-6595,0,0
386,-457,-548,-262,2581,-7844,0,0
-60,1241,44,1873,1700,-11534,0,0
-653,-1072,28,114,2789,-12419,0,0
494,130,652,312,2545,-8531,0,0
387,890,481,852,-325,-2747,0,0
-1046,-639,-71,-800,-2201,-1558,0,0
-903,-1061,-119,-1897,-1333,-538,0,0
-43,815,-138,-828,-153,-538,0,0
196,1046,-460,378,974,-549,0,0
99,667,-358,433,651,-402,0,0
55,333,3,473,340,-1022,0,0
237,128,249,215,-122,-1382,0,0
356,195,319,161,-657,-2052,0,0
413,-267,291,687,-762,-4059,0,0
436,-1586,13,157,1006,-6875,0,0
715,-565,-14,-282,1246,-9085,0,0
306,905,-349,1862,1443,-11514,0,0
-553,-1022,-265,1042,2127,-13521,0,0
447,-746,638,-685,397,-7869,0,0
389,276,311,675,108,-2682,0,0
-857,-1565,-23,-234,-1663,-582,0,0
-724,-1452,-342,-1490,-1786,835,0,0
42,1634,-247,-763,-880,125,0,0
55,2038,-216,138,-74,-1216,0,0
28,945,-136,410,12,-1554,0,0
329,-279,-40,368,150,-804,0,0
630,-395,112,63,249,-129,0,0
463,237,399,399,-372,-199,0,0
97,-51,261,586,244,-1606,0,0
52,166,419,-128,143,-4271,0,0
73,169,333,-16,1252,-6733,0,0
-394,758,-34,1321,1264,-10939,0,0
-1314,-494,-509,1692,2524,-15811,0,0
-19,-1122,377,948,3625,-12997,0,0
1164,-225,709,914,2813,-7086,0,0
256,351,376,1011,-1980,-618,0,0
-733,69,420,-1241,-4053,481,0,0
-1141,313,751,-1446,-2423,-2843,0,0
-754,-553,189,-783,168,-2425,0,0
397,67,-687,74,1735,-1509,0,0
1117,462,-497,652,1568,-88,0,0
904,248,38,497,1269,395,0,0
368,116,509,-358,278,-55,0,0
180,497,709,-693,-722,-193,0,0
139,152,440,-431,-1497,-1035,0,0
-7,-511,-184,-323,-652,-1953,0,0
-517,260,-245,722,358,-6522,0,0
-760,1041,-427,1922,397,-10778,0,0
-1655,244,-816,4437,2909,-17359,0,0
-966,-2548,183,832,5417,-15556,0,0
889,-1259,1318,-367,1593,-6725,0,0
678,-762,358,-52,-4545,544,0,0
-433,-574,-716,-763,-3698,3268,0,0
-619,260,-239,-14,-570,1207,0,0
-230,491,-429,516,2844,-1780,0,0
268,1232,-276,-423,2072,-1444,0,0
402,722,175,211,545,-2291,0,0
492,-13,327,-2824,-397,-1377,0,0
884,478,283,-301,-834,-223,0,0
990,-133,-29,83,-341,197,0,0
865,330,24,-100,-81,-363,0,0
-48,1146,119,-203,-921,-4165,0,0
-945,1562,-2,972,-1085,-9183,0,0
-1652,1243,-882,5385,961,-15360,0,0
-1282,-1018,-841,3831,4494,-15392,0,0
239,-1328,1230,1691,4635,-11167,0,0
675,-534,1063,258,1401,-4306,0,0
-349,-1320,463,-1274,-6001,217,0,0
-457,-2125,-729,-1045,-2776,687,0,0
323,408,-484,565,729,926,0,0
481,1115,-328,1108,2105,674,0,0
127,1070,-84,-81,989,414,0,0
-320,1296,448,-270,306,-460,0,0
-676,314,668,-290,143,-1660,0,0
-465,-654,635,-928,-307,-1981,0,0
111,-488,81,-26,-724,-2211,0,0
269,-251,-314,661,289,-3295,0,0
106,-133,5,1298,1781,-7765,0,0
17,459,68,808,1074,-10936,0,0
-2984,353,-419,3391,2017,-15943,0,0
-547,-1679,-95,1080,4942,-13184,0,0
995,-553,1090,952,4132,-7369,0,0
1169,7,1374,452,-1029,-392,0,0
308,-776,718,-1448,-5680,3567,0,0
-570,-1570,-425,-2494,-2076,1403,0,0
-283,544,-867,-985,1212,-1593,0,0
354,1128,-753,-234,1042,-805,0,0
649,840,-689,346,1013,445,0,0
401,92,-282,114,550,399,0,0
43,-166,1,-204,291,-258,0,0
-73,812,178,217,-742,-1503,0,0
-285,442,-53,634,-275,-3760,0,0
-515,18,-127,1124,1590,-7848,0,0
-612,562,-344,2383,578,-11782,0,0
-1002,-174,-752,3333,3403,-16101,0,0
71,-1101,265,1659,4115,-13076,0,0
1188,-491,700,1099,3126,-7157,0,0
853,401,991,183,-2137,-599,0,0
-217,-1389,-88,-1229,-4636,2716,0,0
-213,-525,-768,-1170,-1373,2291,0,0
-434,1553,-42,597,1275,492,0,0
-660,1310,-142,1153,3010,-1691,0,0
-284,677,44,413,1565,-2549,0,0
210,247,671,-270,-78,-2260,0,0
595,39,813,-825,-1223,-1388,0,0
658,-375,323,-147,-1573,-1309,0,0
455,-870,-291,299,-736,-1941,0,0
250,-307,-354,520,440,-3714,0,0
-305,533,35,574,152,-7354,0,0
-1067,607,-308,2965,2293,-13268,0,0
-931,-1287,-280,811,3373,-15208,0,0
825,-891,553,472,1548,-10860,0,0
1328,-53,161,669,878,-5078,0,0
685,667,361,76,-837,108,0,0
-340,-862,34,-1156,-2048,1099,0,0
-359,-306,-697,-384,-820,1485,0,0
-394,1031,-557,601,42,1576,0,0
-959,185,-320,415,550,-91,0,0
-983,281,-241,-431,-37,-796,0,0
-667,866,-352,-32,-180,-942,0,0
-372,118,-332,16,-273,-1556,0,0
-153,167,-76,-157,229,-2278,0,0
-147,-30,22,642,1377,-5902,0,0
-206,127,-45,388,2234,-8834,0,0
-636,1676,-126,3967,3431,-14939,0,0
-647,-1903,-270,2100,3847,-17809,0,0
1514,-1316,48,1812,3910,-11266,0,0
1778,-640,321,2269,2148,-4099,0,0
872,-357,762,-629,-2786,4322,0,0
720,1085,-72,-2269,-4025,5679,0,0
-357,1089,61,-1636,-1216,1035,0,0
-524,68,-134,-712,1367,-1780,0,0
-69,-269,-456,-3,1157,-1672,0,0
251,-33,-679,767,2050,-1240,0,0
-411,1102,-388,1343,1108,-2188,0,0
-1325,1146,-126,1335,186,-3388,0,0
-576,-40,-47,481,225,-1364,0,0
154,-770,49,-233,-168,-666,0,0
373,-159,193,-1010,-993,-2275,0,0
326,263,-21,573,1469,-6356,0,0
-609,959,-718,3095,3767,-11003,0,0
-1864,286,-567,5387,4663,-19084,0,0
40,-2713,643,1489,6974,-15724,0,0
1960,-901,1111,1029,2873,-6715,0,0
927,-1763,-766,1904,-2714,1381,0,0
254,1537,-180,-1487,-3840,2504,0,0
-475,-412,914,-3163,-3948,752,0,0
23,-609,-2696,-863,84,-942,0,0
769,1042,-1097,1109,1928,-34,0,0
732,151,-744,1830,2831,-913,0,0
319,657,-242,396,1976,-1816,0,0
-199,2294,619,898,-107,-2215,0,0
-63,-92,450,235,-468,-1167,0,0
201,-985,68,-717,-1115,-707,0,0
637,32,180,-614,-1510,-127,0,0
578,-105,161,-291,-836,-2417,0,0
-690,1175,142,1233,479,-6233,0,0
-2026,1829,-159,6356,2684,-14578,0,0
-2353,-2165,-219,3538,6556,-18345,0,0
548,-1216,1634,1162,6076,-13471,0,0
1546,-844,754,630,583,-5759,0,0
429,-763,-513,-1857,-4167,833,0,0
267,189,-642,-1039,-4500,3213,0,0
245,493,-824,-502,-1865,2466,0,0
-237,1635,-518,165,1369,530,0,0
-451,505,-237,666,2226,-1022,0,0
-236,-649,180,-88,1022,-1821,0,0
32,38,-75,141,1505,-1006,0,0
-386,1705,56,1028,544,-1652,0,0
-749,713,336,485,286,-1470,0,0
-397,-473,-83,113,-231,-2414,0,0
23,-723,-253,-97,-1029,-2786,0,0
283,-82,-431,951,777,-5395,0,0
78,1371,-611,3587,4522,-7870,0,0
-1750,1262,-519,6618,4016,-17131,0,0
-763,-2875,528,2970,6180,-16483,0,0
1693,-1015,1561,3103,4678,-9206,0,0
1074,-1835,958,1082,-163,-1773,0,0
-149,-837,392,-2621,-5514,3894,0,0
-71,1078,-433,-1722,-4077,4185,0,0
-842,1650,-99,-916,-926,1497,0,0
-1383,39,15,59,1579,-1308,0,0
-572,-1,-109,-72,1632,-1690,0,0
137,942,-179,1254,1923,-1732,0,0
49,1311,-204,1259,2258,-2246,0,0
-167,2111,469,620,49,-2727,0,0
-76,225,316,150,-554,-2377,0,0
156,-817,-96,-222,-1102,-2106,0,0
192,-1371,-270,575,-520,-2138,0,0
329,-952,-335,1626,2068,-5857,0,0
344,737,-7,3512,3836,-9065,0,0
-661,967,-397,6175,5174,-15842,0,0
-618,-3143,304,2142,6858,-15987,0,0
1909,-604,646,814,3734,-9761,0,0
2034,185,-514,2963,1584,-5276,0,0
1095,-913,-731,685,-2919,1545,0,0
444,-1426,-807,-1069,-3642,2142,0,0
527,-507,-725,-1353,-1238,3565,0,0
-11,80,-652,-373,331,2068,0,0
-255,646,-187,-513,378,1219,0,0
-300,1070,226,395,377,-880,0,0
-456,245,205,315,535,-2050,0,0
110,793,677,849,169,-1971,0,0
483,278,724,304,-170,-1820,0,0
731,612,800,631,-256,-1877,0,0
784,-195,943,753,-302,-2766,0,0
630,-310,874,153,-275,-5941,0,0
188,694,825,1338,-1696,-8875,0,0
-841,-159,-430,4331,778,-13447,0,0
-1353,-1672,-574,2653,2525,-14178,0,0
-184,-1810,113,1153,1603,-10936,0,0
942,-479,-444,924,1844,-4579,0,0
216,1270,6,861,-1224,-3,0,0
-1329,-365,276,-1609,-4681,553,0,0
-1006,-677,-810,-2233,-2802,-129,0,0
-365,1206,-846,-324,-989,117,0,0
-328,645,-671,913,1180,-1171,0,0
0,-206,-163,663,1121,-1195,0,0
312,683,-104,1079,2287,-786,0,0
120,1746,538,1059,719,-1048,0,0
-330,580,1125,342,-732,-1935,0,0
7,155,714,-114,-745,-1911,0,0
341,-229,478,601,-682,-2579,0,0
401,-1022,275,190,458,-3501,0,0
-34,275,490,573,489,-6085,0,0
-740,1323,-186,4460,1932,-11285,0,0
-1912,-116,-811,5465,4846,-17448,0,0
-47,-2423,704,1326,3219,-13170,0,0
1748,-858,51,763,1940,-7952,0,0
1305,276,-305,1746,-273,-276,0,0
-276,-940,-612,-283,-3737,2047,0,0
-1028,-447,-731,-1072,-1949,742,0,0
-602,2008,-90,-1169,-662,564,0,0
-719,628,-161,30,342,-1978,0,0
-475,-555,-170,-233,988,-2394,0,0
292,238,64,141,73,-1076,0,0
386,-363,-261,544,354,-508,0,0
257,511,-234,232,244,-447,0,0
96,796,135,495,-877,-1089,0,0
4,-1220,-50,316,-958,-2554,0,0
344,-564,-56,167,133,-3995,0,0
359,734,179,1197,2027,-5557,0,0
-235,1857,7,2360,2688,-9522,0,0
-2184,533,-636,4264,4265,-16391,0,0
-429,-1748,-128,2704,5799,-14165,0,0
1585,59,729,3706,2448,-8277,0,0
656,-1357,153,16,-1456,-1219,0,0
-332,-571,-642,-1684,-3367,1325,0,0
12,941,-740,-765,-2273,2468,0,0
118,1592,-108,-177,-1325,2137,0,0
-574,128,25,967,1128,-913,0,0
-568,97,24,548,1486,-1546,0,0
-169,1017,4,967,1341,-2106,0,0
146,726,354,348,30,-2288,0,0
324,494,622,-283,-1211,-1983,0,0
517,-368,170,-258,-1258,-2243,0,0
493,-703,85,960,-426,-3690,0,0
267,-951,-2,2190,1027,-7427,0,0
527,431,-105,2416,1856,-7639,0,0
-595,601,-489,4904,3978,-12798,0,0
-1179,-2596,-119,1525,4306,-13673,0,0
676,-1140,580,536,2970,-9726,0,0
1168,-97,54,1629,549,-4191,0,0
-55,-824,-577,31,-3765,15,0,0
-56,-233,-1092,-835,-2565,523,0,0
455,948,-534,-976,-963,1753,0,0
172,651,89,-322,-423,1193,0,0
-184,361,24,-352,975,570,0,0
-279,1158,134,446,521,54,0,0
-488,-433,202,684,198,-1684,0,0
-138,140,728,378,-350,-1955,0,0
233,600,827,665,-1045,-2500,0,0
331,-1082,268,512,40,-3938,0,0
569,-333,246,734,638,-5716,0,0
563,450,350,1287,575,-6625,0,0
-481,1164,-569,3350,2303,-10763,0,0
-1462,-281,-641,3957,4036,-13946,0,0
127,-3352,161,2612,3098,-10236,0,0
631,18,126,2689,1885,-4602,0,0
-359,-611,13,-195,-1597,481,0,0
-972,241,-161,-1554,-2723,75,0,0
-1024,1733,-88,-1434,-2228,-1230,0,0
-770,574,-230,-191,-849,-1879,0,0
-174,-810,-497,701,988,-1973,0,0
231,-175,-618,1676,1883,-1326,0,0
133,-76,-692,1545,1891,-2007,0,0
154,581,258,184,-590,-2645,0,0
351,-169,683,107,-1772,-2591,0,0
750,-1666,114,-311,-1119,-2176,0,0
880,-3040,1,16,96,-2924,0,0
336,92,-327,339,1894,-6737,0,0
159,1315,-613,1539,3698,-9216,0,0
-677,427,-933,3662,3404,-14509,0,0
27,-2800,121,-132,2258,-11276,0,0
1216,-552,589,899,1409,-6139,0,0
544,19,26,745,174,-1876,0,0
-292,78,449,-739,-2821,-81,0,0
-465,-655,-247,-2712,-1544,38,0,0
-59,229,-580,-865,-173,381,0,0
166,1586,29,24,173,176,0,0
37,843,370,13,412,182,0,0
-106,321,159,-516,264,-102,0,0
130,929,21,230,-197,-504,0,0
67,345,341,571,-839,-1532,0,0
-31,-329,423,218,-1390,-3152,0,0
-189,-262,291,693,-474,-6589,0,0
-39,-452,136,683,-405,-7801,0,0
-497,1778,-485,2825,2092,-11914,0,0
-1170,221,-1210,4338,5613,-17237,0,0
1135,-2489,81,1729,4686,-12120,0,0
1883,-981,420,2311,1646,-5243,0,0
313,-1547,435,-891,-2258,1647,0,0
-307,-265,-295,-1232,-3543,2049,0,0
-161,735,-522,-844,-1472,790,0,0
-145,1253,45,-397,-1100,634,0,0
-268,701,64,404,329,-1033,0,0
2,745,106,258,573,-608,0,0
224,1250,519,675,557,-425,0,0
87,180,822,300,446,-843,0,0
56,300,1042,-197,-803,-1166,0,0
-31,187,736,2,-1417,-2500,0,0
-190,-408,470,847,-342,-4567,0,0
-536,-382,68,1274,1089,-7266,0,0
-984,705,-841,3734,1808,-12410,0,0
-1787,-1241,-1117,3661,4810,-16984,0,0
81,-2126,-1,1321,4971,-14245,0,0
1945,-228,477,2289,1832,-8178,0,0
1377,-953,250,707,-154,-507,0,0
318,-586,70,-1269,-2749,2331,0,0
-435,-942,-769,-1644,-2047,2754,0,0
-199,1452,-505,-1106,-1309,3105,0,0
-572,1703,177,935,590,-32,0,0
-852,-79,107,428,1042,-1260,0,0
-493,563,-39,80,696,-1126,0,0
-116,902,-63,598,573,-1904,0,0
136,525,228,48,-302,-2111,0,0
324,280,301,50,-1566,-2247,0,0
147,-854,52,413,-1042,-4123,0,0
53,-794,-98,613,569,-6843,0,0
509,556,-193,988,1248,-8394,0,0
-110,1675,-608,3619,1858,-13467,0,0
-598,-557,-727,3646,4199,-16282,0,0
1502,-912,454,2713,2058,-12935,0,0
2083,-718,604,2832,683,-4668,0,0
861,-2225,319,-40,-3009,4121,0,0
-282,-2166,104,-981,-3125,2401,0,0
-126,-148,187,-1711,-679,2571,0,0
97,2716,279,-1041,-714,2261,0,0
-499,1114,-91,177,430,342,0,0
-1041,504,-56,399,682,-234,0,0
-1013,752,267,658,408,-1210,0,0
-481,512,554,836,178,-2110,0,0
-60,663,809,310,-637,-2382,0,0
141,182,791,633,-646,-2822,0,0
159,-430,676,443,1049,-3788,0,0
-125,1500,620,1506,651,-7714,0,0
-725,1535,-128,5298,2205,-13990,0,0
-1256,-1149,-639,5662,4037,-17570,0,0
677,-2733,160,2846,3025,-13806,0,0
2049,-1385,-48,2345,939,-8159,0,0
1514,-2168,-327,805,-1090,-827,0,0
710,-1638,-481,-54,-2493,3012,0,0
251,-630,-469,297,-387,3355,0,0
179,161,-33,-417,436,2680,0,0
-154,902,519,-1027,-56,1775,0,0
-835,902,178,-995,270,823,0,0
-957,999,-265,-407,540,336,0,0
-671,665,-175,-230,436,14,0,0
-494,962,-129,-144,-636,-713,0,0
-921,783,-487,289,-740,-2363,0,0
-1292,283,-438,858,134,-7349,0,0
-782,-221,-299,820,921,-10268,0,0
-366,1405,-902,3956,4188,-14417,0,0
-785,-941,-657,4401,4196,-17902,0,0
1453,-1897,174,1527,3597,-14404,0,0
3008,-504,614,2420,1403,-7617,0,0
2303,-1254,399,253,-883,1332,0,0
1122,-429,-151,-328,-2911,4614,0,0
138,25,-67,-493,-680,3397,0,0
-420,796,594,-2058,-368,2144,0,0
-687,884,316,-948,18,-226,0,0
-853,273,-373,-100,674,-1171,0,0
-501,1062,-467,-5,586,-560,0,0
46,1034,-230,265,596,-618,0,0
248,783,19,-184,-654,-389,0,0
-286,114,-194,-343,-1439,-1351,0,0
-743,214,-528,932,-315,-4373,0,0
-488,631,-217,1578,-313,-7724,0,0
-613,1969,-657,5430,817,-12445,0,0
-1700,-504,-932,7273,3502,-19669,0,0
180,-3066,349,2834,2568,-17558,0,0
2884,-1421,400,1778,2134,-10029,0,0
3057,-1127,142,746,326,888,0,0
1262,-1563,257,163,-1267,5330,0,0
191,-1175,384,-902,-572,6178,0,0
-373,725,674,-1775,-846,3119,0,0
-663,792,350,-1047,-444,194,0,0
-863,803,-58,174,286,-1095,0,0
-846,709,-187,413,426,-974,0,0
-321,565,-171,202,13,-1243,0,0
-200,547,-85,-68,-483,-1302,0,0
-296,490,-28,151,-881,-2308,0,0
-667,-1042,-171,-381,-302,-5126,0,0
-2400,-45,-411,-321,616,-7370,0,0
-520,1989,-684,3279,401,-11809,0,0
-1579,747,-858,4861,3169,-17735,0,0
-42,-2492,-114,1021,4100,-16500,0,0
2241,-863,739,2341,2100,-7735,0,0
1578,-1658,828,267,-3073,4144,0,0
-31,196,-450,836,-3572,3148,0,0
-1741,-87,-699,-2361,-784,1136,0,0
-914,2153,-218,-2470,-692,88,0,0
-392,-120,-1121,-442,298,-1531,0,0
-324,-116,-1219,-678,1046,182,0,0
-304,1549,-156,988,84,-695,0,0
-2448,-670,100,516,-27,-924,0,0
-255,-184,340,-258,-488,-883,0,0
-199,164,369,529,117,-3425,0,0
-101,-1257,162,-985,779,-5774,0,0
251,30,8,-522,1646,-7614,0,0
-496,1708,-603,2390,3569,-11159,0,0
-1424,-1378,-373,2153,4948,-15392,0,0
35,-2494,678,128,4883,-13105,0,0
1519,757,1178,682,2505,-3873,0,0
460,598,756,1487,-2036,-134,0,0
-99,-462,142,-1976,-4088,1016,0,0
302,1147,332,-2226,-3014,1171,0,0
372,791,51,-263,760,-226,0,0
220,257,86,201,1709,-525,0,0
1,939,209,690,2118,-928,0,0
-143,660,289,255,833,-2029,0,0
279,557,707,143,-217,-1427,0,0
419,-254,799,-136,-1540,-1652,0,0
241,-2656,461,625,-1138,-3517,0,0
-240,-392,185,1182,171,-7386,0,0
-426,79,-403,2844,1256,-11190,0,0
-1223,472,-975,3519,4929,-15435,0,0
-73,-1928,852,1157,3548,-13846,0,0
1615,-1411,945,-780,434,-6507,0,0
1393,393,-174,855,-2229,1041,0,0
83,-266,-513,-437,-3120,3402,0,0
-443,383,70,-1763,-1951,2858,0,0
-593,1458,177,-1111,-241,1015,0,0
-941,581,-841,245,1880,-1716,0,0
-776,697,-362,1085,1230,-2425,0,0
-108,-270,355,890,762,-2437,0,0
326,-118,546,-56,-296,-1766,0,0
497,402,409,186,-962,-1081,0,0
171,-542,95,433,-527,-2540,0,0
-181,-380,34,132,499,-5735,0,0
-614,504,-829,2111,4586,-9380,0,0
-1347,622,-948,3339,2973,-15208,0,0
-440,-1532,-160,2443,3569,-14074,0,0
1186,-569,391,2735,2864,-7708,0,0
691,-1077,841,1279,-1556,-1133,0,0
-72,12,89,-559,-3388,627,0,0
-87,1080,85,-1892,-1784,205,0,0
158,328,455,-2127,-914,248,0,0
386,146,13,-849,344,-186,0,0
154,461,-684,342,992,487,0,0
-73,410,-779,1653,1902,-279,0,0
-185,752,63,849,235,-1283,0,0
-400,612,612,327,-1886,-2530,0,0
-271,-570,-4,216,-1028,-4073,0,0
-165,-251,165,1539,1440,-6703,0,0
-99,297,-223,1381,3719,-9327,0,0
-1339,774,-302,3121,3040,-14542,0,0
-772,-2314,-515,1565,3367,-13274,0,0
1151,-698,-186,2786,2477,-7994,0,0
1015,-262,335,1846,102,-1816,0,0
179,20,411,-813,-1822,864,0,0
-96,434,145,-1715,-2772,222,0,0
-230,572,-451,-1668,-2097,280,0,0
-306,1188,-534,353,752,-667,0,0
-101,174,-213,536,639,-1318,0,0
172,-101,-74,150,140,-1373,0,0
340,195,-57,133,115,-1391,0,0
635,43,148,254,-371,-1388,0,0
1150,103,333,231,143,-1396,0,0
1178,771,708,837,574,-2399,0,0
173,482,724,2225,843,-5531,0,0
-919,1270,-71,4030,390,-11229,0,0
-2050,-844,-456,4950,2777,-16115,0,0
13,-2176,-172,1418,2595,-13398,0,0
1376,-401,-112,2421,980,-7432,0,0
280,-2220,-348,293,-310,-1660,0,0
-133,-609,-370,-1023,-1284,264,0,0
369,827,-120,-279,-1183,958,0,0
571,401,71,-761,-834,1518,0,0
477,1012,185,-514,-401,1249,0,0
25,1139,49,-20,-39,696,0,0
-422,670,-2,-23,70,530,0,0
-602,598,74,353,137,-360,0,0
-574,397,80,319,149,-1357,0,0
-828,215,263,906,-425,-5753,0,0
-490,-1091,105,445,-355,-9359,0,0
624,-233,12,3200,1003,-9517,0,0
85,-592,-687,3587,2556,-11269,0,0
-847,-1218,-59,1402,3324,-13205,0,0
680,-1027,-58,-402,1520,-10273,0,0
973,13,-1178,1404,827,-5803,0,0
261,-979,-1328,1095,-549,466,0,0
-340,-317,-886,-312,-1737,1406,0,0
-391,1158,-452,-885,-1580,2497,0,0
-703,1420,-173,-617,-701,530,0,0
-1171,38,224,-176,-118,-1971,0,0
-968,-88,127,-382,-139,-2797,0,0
-161,108,-421,137,92,-2563,0,0
725,-173,-368,632,153,-1587,0,0
1099,86,239,511,-507,-1014,0,0
1014,-120,390,475,42,-2200,0,0
642,256,382,558,1276,-4337,0,0
93,674,659,1301,1291,-7436,0,0
-920,820,36,3129,2222,-13770,0,0
-1014,-1921,-546,2184,3539,-15413,0,0
1172,-1086,-456,1257,2278,-11451,0,0
1764,556,-135,2589,950,-4717,0,0
668,-820,217,479,-1196,863,0,0
-279,-825,28,-1348,-1654,2202,0,0
-438,645,-349,-1382,-807,1450,0,0
-457,1026,-141,-753,-187,765,0,0
-614,504,387,159,89,-581,0,0
-596,249,201,-208,-7,-906,0,0
-74,1108,-192,260,28,-644,0,0
164,623,93,642,-374,-630,0,0
17,282,699,387,-1063,-1808,0,0
-194,277,590,428,-562,-4819,0,0
143,-116,401,1195,829,-7141,0,0
-37,596,139,2167,1384,-8442,0,0
-963,1218,-222,4669,3375,-14771,0,0
-732,-2394,39,2822,2345,-15337,0,0
1180,-1418,-190,2122,1982,-10354,0,0
1413,-1199,168,2439,1375,-4261,0,0
611,-1768,560,-1287,-2204,-255,0,0
535,-725,9,-1586,-2572,2004,0,0
484,-15,-430,-996,-1494,2947,0,0
286,909,-50,-117,-457,2302,0,0
-401,543,249,235,491,1704,0,0
-978,217,158,-108,275,954,0,0
-1039,328,175,227,-62,-30,0,0
-1023,151,465,251,14,-990,0,0
-900,94,572,-2,88,-3618,0,0
-470,-189,438,-115,738,-6032,0,0
-144,263,445,296,1496,-7785,0,0
-180,1628,-264,2144,3500,-9407,0,0
-1003,1476,-484,5013,4439,-14430,0,0
-363,-2485,224,1693,2922,-15422,0,0
1475,-1440,204,-176,1874,-11293,0,0
1986,-524,-373,908,1563,-6071,0,0
1482,-1305,-558,-397,-867,-601,0,0
685,-614,-1069,-700,-2353,2603,0,0
716,-575,-1429,539,-494,3692,0,0
512,278,-489,839,323,2606,0,0
-110,1101,952,921,241,354,0,0
-236,180,1068,183,457,-1143,0,0
328,449,1012,-77,88,-1229,0,0
415,485,997,-84,-410,-1421,0,0
-86,-97,742,-1038,-1001,-1813,0,0
-470,962,563,-1743,-132,-650,0,0
-1431,5074,726,2109,1414,-1647,0,0
-4105,2660,-1820,3125,4523,-5343,0,0
-4456,1483,-3167,2113,4683,-3232,0,0
-3407,2192,-2167,3298,4204,-2751,0,0
-2609,2464,-1789,2886,4004,-1957,0,0
-2607,3922,-1911,3746,4998,-1905,0,0
-2952,3706,-2659,4534,5752,-2603,0,0
-2579,2437,-2936,4066,5577,-2029,0,0
-2136,1288,-2111,3631,5032,-1758,0,0
-1800,417,-1233,2645,4787,-1876,0,0
-1176,1131,-369,1906,4300,-2667,0,0
91,2728,201,1969,3831,-2677,0,0
338,721,100,1315,3003,340,0,0
-99,5,-93,893,3457,1310,0,0
-157,320,-79,951,3910,1370,0,0
-156,306,53,672,3934,436,0,0
-91,318,270,251,3966,-262,0,0
-39,183,184,197,4009,300,0,0
-71,229,19,557,3887,1053,0,0
-167,290,-10,965,3720,1066,0,0
-252,150,-22,892,3485,567,0,0
-281,87,-194,701,3642,356,0,0
-226,12,-250,660,3758,850,0,0
-229,-156,-226,559,3825,1241,0,0
-198,89,-109,379,3680,1053,0,0
-213,167,-12,453,3555,867,0,0
-259,121,80,502,3614,963,0,0
-302,98,139,486,3581,1141,0,0
-380,-131,-18,503,3901,1182,0,0
-461,-271,-162,859,3896,1085,0,0
-368,-371,-128,525,3655,1290,0,0
-210,-133,-90,280,3449,1327,0,0
-41,100,-122,588,3574,1228,0,0
32,80,-73,764,3761,1196,0,0
17,56,45,493,3723,1285,0,0
18,163,119,408,3549,1064,0,0
120,212,147,537,3555,1215,0,0
182,189,123,828,3801,1160,0,0
285,222,181,880,3838,1215,0,0
368,266,234,718,3778,1166,0,0
470,278,201,694,3960,1027,0,0
599,457,163,856,3886,809,0,0
561,324,132,1011,3631,744,0,0
431,-34,62,1144,3448,579,0,0
342,-384,27,1107,3633,544,0,0
384,-340,97,949,3785,474,0,0
364,-270,235,900,3622,585,0,0
206,-419,300,1009,3475,542,0,0
240,-334,300,1007,3664,321,0,0
365,-148,239,1002,3745,284,0,0
347,-352,83,895,3863,390,0,0
259,-386,4,1091,3709,370,0,0
175,-458,42,960,3706,391,0,0
130,-444,84,789,3655,276,0,0
167,-302,9,567,3785,320,0,0
193,99,-62,775,3772,227,0,0
189,308,-5,986,3851,98,0,0
196,246,90,1010,3843,96,0,0
193,-24,71,800,3982,-70,0,0
182,-182,-81,564,4201,-89,0,0
80,-180,-238,510,4226,-60,0,0
-42,-387,-384,194,4019,-206,0,0
23,-85,-452,263,3568,-180,0,0
139,421,-369,849,3433,85,0,0
96,380,-219,1096,3621,262,0,0
-6,184,-103,800,3699,-14,0,0
-91,84,-58,407,3448,-351,0,0
-166,108,-80,251,3338,-380,0,0
-208,230,-167,463,3437,-167,0,0
-279,188,-263,559,3496,102,0,0
-386,220,-274,741,3683,44,0,0
-437,31,-203,736,4060,-161,0,0
-409,-201,-129,531,4554,21,0,0
-345,-608,-38,253,4542,-212,0,0
-32,-378,178,82,4094,32,0,0
250,504,467,726,3954,237,0,0
327,568,608,947,3792,427,0,0
166,137,578,1052,3574,559,0,0
55,-70,579,1032,3373,193,0,0
72,-210,525,959,3536,100,0,0
26,-544,437,919,3791,215,0,0
16,-608,499,933,3729,317,0,0
62,-466,608,1110,3776,396,0,0
99,-337,624,1249,3703,391,0,0
69,-252,591,1245,3594,310,0,0
15,-99,548,1181,3501,202,0,0
-4,165,449,1350,3518,207,0,0
-53,236,295,1603,3521,246,0,0
-100,151,206,1686,3495,162,0,0
-158,76,186,1728,3418,105,0,0
-178,51,177,1785,3387,167,0,0
-175,136,139,1949,3302,336,0,0
-266,29,98,2096,3179,539,0,0
-419,-248,58,2158,3212,584,0,0
-498,-346,49,2149,3359,646,0,0
-543,-414,63,1959,3350,609,0,0
-545,-568,19,1682,3454,380,0,0
-363,-360,-49,1637,3540,222,0,0
-76,-19,-103,1783,3602,436,0,0
131,88,-111,1794,3703,601,0,0
281,131,-166,1610,3745,641,0,0
391,290,-234,1637,3483,477,0,0
502,483,-220,1790,3385,461,0,0
592,556,-197,2010,3453,604,0,0
561,318,-243,2071,3627,827,0,0
339,-67,-309,1750,3713,737,0,0
49,-243,-304,1300,3212,33,0,0
-63,-448,-291,962,3071,-563,0,0
40,-381,-379,1114,3467,-172,0,0
175,-213,-457,1550,3958,203,0,0
239,-112,-384,1622,4111,-73,0,0
232,-206,-201,1269,3505,-537,0,0
222,-397,35,929,3258,-380,0,0
179,-458,108,803,3415,-141,0,0
188,-169,-2,1123,3732,-122,0,0
182,-128,-82,1522,3933,-258,0,0
185,-512,-43,1564,4354,-183,0,0
208,-710,145,1262,4123,-247,0,0
171,-700,439,712,3253,-324,0,0
80,-575,444,285,2713,-349,0,0
-21,-465,-121,489,3205,-253,0,0
-136,-87,-632,1436,3762,-174,0,0
-315,-260,-541,1603,4192,-728,0,0
-260,-514,-134,491,4052,-678,0,0
-177,28,110,193,3548,-329,0,0
-197,466,47,867,3417,-227,0,0
-262,352,-138,1292,3559,-365,0,0
-289,64,-236,1317,3846,-594,0,0
-302,-247,-185,973,3816,-479,0,0
-275,-266,-56,857,3665,-179,0,0
-240,-234,44,851,3673,-67,0,0
-214,-181,66,853,3779,39,0,0
-243,-93,20,849,3804,267,0,0
-319,-34,-1,698,3746,330,0,0
-342,99,-20,435,4013,54,0,0
-212,463,-157,518,4175,-379,0,0
-22,772,-289,1065,4028,-388,0,0
11,604,-250,1367,3756,-150,0,0
-21,226,-110,1189,3579,-36,0,0
14,151,4,987,3512,-37,0,0
91,248,84,948,3610,-95,0,0
147,252,124,899,3782,-95,0,0
147,235,151,892,3848,-136,0,0
120,175,162,879,3826,-101,0,0
90,97,127,884,3724,-46,0,0
82,48,84,966,3696,45,0,0
43,-40,46,987,3794,91,0,0
-14,-128,-3,878,3873,-4,0,0
-29,-127,-45,828,3886,-34,0,0
-64,-171,-71,870,3845,54,0,0
-100,-223,-77,879,3749,107,0,0
-111,-230,-85,864,3706,131,0,0
-111,-208,-105,838,3713,66,0,0
-97,-147,-92,840,3683,-10,0,0
-103,-162,-72,861,3728,-5,0,0
-113,-189,-58,918,3768,39,0,0
-111,-240,-36,930,3759,45,0,0
-65,-290,-18,791,3804,138,0,0
24,-151,2,669,3858,195,0,0
113,73,42,677,3850,182,0,0
137,162,77,716,3839,106,0,0
135,201,94,762,3761,46,0,0
117,207,86,867,3703,23,0,0
76,139,61,910,3706,10,0,0
33,72,33,875,3775,-27,0,0
5,18,9,866,3822,-64,0,0
-8,-32,9,850,3845,-58,0,0
-10,-61,25,826,3814,-47,0,0
9,-64,25,860,3761,-31,0,0
30,-76,17,913,3775,-14,0,0
52,-64,32,840,3734,153,0,0
-3,-9,55,822,3729,139,0,0
-88,-74,10,922,3817,-125,0,0
-93,-135,-28,912,3802,-170,0,0
-86,-144,-30,808,3757,-26,0,0
-103,-159,-55,887,3725,37,0,0
-114,-211,-57,934,3761,63,0,0
-109,-216,-22,826,3776,45,0,0
-69,-134,4,771,3796,70,0,0
-49,-79,11,787,3815,88,0,0
-53,-72,8,817,3841,68,0,0
-52,-59,3,855,3781,10,0,0
-30,-54,8,851,3733,51,0,0
-24,-53,4,843,3748,96,0,0
-28,-54,-8,850,3773,96,0,0
-27,-48,1,823,3766,79,0,0
-12,-19,9,819,3753,97,0,0
-1,14,13,873,3736,89,0,0
5,16,22,833,3741,63,0,0
17,47,24,829,3805,77,0,0
-4,40,12,880,3838,47,0,0
-19,19,16,889,3808,-3,0,0
1,17,13,865,3798,9,0,0
38,36,-16,908,3792,39,0,0
69,34,-9,894,3780,84,0,0
94,57,6,833,3803,51,0,0
