-85,578,200,-2320,147,-2811,0,0
-127,21,47,-2158,-223,-3047,0,0
-241,-766,-283,-1988,663,-2764,0,0
-340,4,-550,-2855,683,-2342,0,0
-504,1597,109,-2271,399,-4751,0,0
-695,532,632,-1493,1026,-4489,0,0
-722,-1098,481,-2418,307,-3029,0,0
-408,-1480,204,-2460,313,-3103,0,0
-24,-1128,-332,-2075,1395,-3140,0,0
71,201,-831,-3415,618,-2020,0,0
241,2540,40,-2771,196,-4795,0,0
251,1601,563,-1018,802,-4333,0,0
-92,-588,122,-2069,647,-2014,0,0
-61,-547,-32,-2126,1295,-2638,0,0
52,341,168,-1671,923,-3843,0,0
-159,-208,268,-2292,384,-4140,0,0
-285,-1043,379,-2979,565,-4473,0,0
-138,-1254,299,-3267,761,-3758,0,0
220,-456,82,-3291,850,-3044,0,0
566,865,-123,-2652,564,-2766,0,0
578,1528,-208,-1847,534,-3050,0,0
330,939,-64,-1571,613,-3226,0,0
-32,-133,170,-1959,632,-3197,0,0
-254,-693,306,-2510,691,-3060,0,0
-290,-689,165,-2899,816,-3302,0,0
-193,-392,-139,-3071,897,-3428,0,0
-40,3,-411,-2701,1002,-3448,0,0
64,307,-549,-2611,787,-3239,0,0
231,921,-578,-2450,469,-3313,0,0
468,2032,-560,-2088,172,-3511,0,0
539,2369,-485,-1429,-76,-3141,0,0
456,2141,-479,-854,-183,-2611,0,0
313,1689,-288,-26,-804,-3712,0,0
-380,897,45,-47,-1378,-1045,0,0
-1100,-115,346,375,-924,-1883,0,0
-1262,-1361,119,32,1326,-2510,0,0
-711,174,122,-1114,1083,-3627,0,0
-361,808,429,-1346,1129,-6903,0,0
-258,-678,-18,-2771,2275,-8908,0,0
212,-1195,-52,-3134,2805,-12727,0,0
758,-2710,-342,-5526,4724,-12738,0,0
2001,-585,-1055,-4417,4826,-12376,0,0
2021,-1426,-842,-2021,2863,-8627,0,0
1166,-1957,-190,-1573,256,499,0,0
207,-331,-301,867,-2411,4554,0,0
-411,-502,-359,626,-3578,2994,0,0
-2184,405,213,-485,-2098,541,0,0
101,1533,25,114,66,-1420,0,0
-130,1316,-593,648,314,-1651,0,0
-303,563,-247,-64,-94,-1093,0,0
-96,110,179,-469,516,-1190,0,0
249,-57,401,-464,496,-785,0,0
350,-294,391,-463,402,-321,0,0
313,-428,207,-750,-138,113,0,0
335,-215,124,-768,-957,873,0,0
162,17,-146,-888,-1159,260,0,0
-297,753,-82,-1946,-2170,-2297,0,0
-906,2181,889,-2892,-3566,-5200,0,0
-1914,1088,961,-1456,2531,-11091,0,0
-1988,-938,369,-3918,2846,-14439,0,0
-57,-50,282,-4845,2697,-13754,0,0
1583,1020,-282,-2529,2939,-14566,0,0
1428,-1245,-174,-3920,3229,-12698,0,0
1511,-1944,-602,-4310,3022,-10003,0,0
1770,-1377,-992,-1955,1498,-2106,0,0
1005,-376,-838,1334,-1344,5643,0,0
-718,-1159,-109,2205,-1906,6473,0,0
-1102,-10,580,938,-2294,4197,0,0
-1445,1293,1185,550,-465,-1079,0,0
-1591,674,651,-352,937,-3080,0,0
-1060,620,124,-930,-57,-2312,0,0
-536,584,390,-814,-303,-2888,0,0
-90,0,433,-1299,-100,-2354,0,0
221,-78,106,-1132,56,-1673,0,0
394,-250,-149,-657,339,-1518,0,0
608,-459,-288,-710,397,-1149,0,0
871,-353,-431,-418,238,-1227,0,0
836,-389,-421,-1391,23,-1305,0,0
323,1144,376,-3108,-3026,-3237,0,0
-845,875,1072,-2692,542,-7055,0,0
-1632,-506,404,-4133,2837,-10452,0,0
-694,-316,346,-5335,1727,-10732,0,0
860,1249,-330,-3353,2182,-10652,0,0
1026,804,-426,-2310,1765,-11534,0,0
871,-931,-131,-4141,2782,-10214,0,0
1241,-221,-472,-2577,2340,-7588,0,0
674,-510,-505,-1545,1294,-3394,0,0
120,524,-387,-1536,-1337,2008,0,0
-638,2,-585,-1295,-2690,2483,0,0
-800,-177,-857,-23,-1583,1643,0,0
-1055,96,-604,832,533,-825,0,0
-779,47,-260,1548,815,-1929,0,0
-573,-439,-7,391,-220,-1077,0,0
-291,-275,365,-580,-974,-1222,0,0
85,91,404,-616,-632,-963,0,0
157,-160,106,-781,-624,-835,0,0
279,-138,68,-641,-635,-911,0,0
530,96,-52,-629,-719,-1460,0,0
768,125,-36,-552,-198,-2965,0,0
454,285,321,-2216,-1206,-4594,0,0
-102,1078,752,-3555,-2385,-4695,0,0
-801,1077,968,-1262,626,-6603,0,0
-1301,-368,421,-2443,1753,-8228,0,0
-536,49,624,-2563,253,-7211,0,0
197,931,221,-1373,1422,-8055,0,0
216,690,271,-1130,1123,-8636,0,0
206,-538,387,-2446,1928,-8215,0,0
647,-217,276,-2353,2249,-9068,0,0
631,-660,237,-2174,2850,-7526,0,0
341,-785,218,-1912,2355,-5581,0,0
79,-438,635,-1867,-391,-2349,0,0
22,1059,417,-2379,-2594,-316,0,0
-28,1145,-290,-1207,-2218,-260,0,0
-426,330,-742,-516,-1134,-403,0,0
-406,436,-908,339,373,-1394,0,0
-116,318,-850,957,617,-1310,0,0
11,-233,-448,467,-21,-985,0,0
135,-752,18,-131,-702,-887,0,0
263,-1120,126,-565,-767,-253,0,0
306,-873,-57,-579,-840,-607,0,0
295,-857,-195,-422,-9,-1572,0,0
271,-790,-226,-1302,857,-2856,0,0
18,250,103,-2254,-821,-4529,0,0
-441,1365,640,-2166,-994,-4300,0,0
-1254,1120,1059,-762,1744,-6385,0,0
-1328,-431,952,-1892,1185,-5226,0,0
-718,256,879,-2374,116,-5269,0,0
-342,838,271,-1438,1386,-5605,0,0
-364,657,92,-990,1932,-7358,0,0
-267,-469,328,-2318,2593,-8170,0,0
298,-436,170,-3070,3092,-9697,0,0
768,-715,-150,-3519,2886,-11346,0,0
1190,-1306,-529,-3847,3411,-11190,0,0
1836,-873,-882,-2169,3791,-8465,0,0
1828,-446,-801,-921,1958,-3381,0,0
697,-232,-877,-1049,-959,4109,0,0
-942,-109,-1052,506,-2321,4252,0,0
-1531,-828,-270,-122,-2418,862,0,0
-709,178,271,-483,-1519,-824,0,0
-381,1357,35,637,174,-2329,0,0
-425,953,-251,924,310,-2123,0,0
-444,277,-159,260,-92,-1709,0,0
-101,104,97,-6,-142,-1436,0,0
186,-359,172,-224,-90,-937,0,0
333,-513,100,-642,-303,-840,0,0
521,-399,58,-549,-811,-944,0,0
476,-800,5,-1270,-215,-2516,0,0
459,252,-190,-2862,-329,-5485,0,0
50,635,137,-3138,-623,-5826,0,0
-426,2314,884,-2213,-2140,-6298,0,0
-1055,515,1338,-746,1341,-4983,0,0
-899,63,501,-1594,898,-3342,0,0
-393,1481,578,-351,5,-4653,0,0
-606,293,451,-936,1128,-5996,0,0
-594,-19,239,-1115,2081,-8030,0,0
-387,-695,49,-1865,3363,-11040,0,0
117,-1825,197,-3694,3721,-12899,0,0
995,-1858,-468,-4339,4111,-11914,0,0
1817,-892,-967,-1608,3855,-8308,0,0
1486,-480,-716,-735,1460,-541,0,0
62,-2072,-402,-115,-1072,4099,0,0
-985,-436,-468,224,-2377,4513,0,0
-1044,370,-306,77,-2946,1659,0,0
-838,1043,521,1113,-412,-1487,0,0
-651,742,401,489,541,-2037,0,0
-524,740,120,-361,-391,-2740,0,0
20,838,255,-370,-66,-2076,0,0
166,129,181,-382,70,-1941,0,0
278,-490,2,-983,-215,-1719,0,0
576,-274,-89,-936,-195,-2175,0,0
849,-602,-158,-814,1363,-4136,0,0
963,-389,-424,-2339,1581,-4776,0,0
538,667,-215,-3083,-1310,-5553,0,0
-126,1908,667,-1468,-1166,-5374,0,0
-854,407,702,-263,2314,-4846,0,0
-929,-271,285,-814,797,-3545,0,0
-662,353,593,-919,-199,-3065,0,0
-754,650,491,-1165,-109,-3558,0,0
-951,651,191,-956,286,-5133,0,0
-850,109,-28,-594,1484,-5457,0,0
-394,-74,-219,-996,2209,-6789,0,0
236,444,-265,-1161,2701,-8837,0,0
337,-791,-378,-1425,2991,-12042,0,0
853,-1867,-482,-2411,3784,-11932,0,0
1691,-1629,-641,-2252,3408,-10991,0,0
1977,-1164,-897,-1132,2406,-7075,0,0
1236,-537,-659,-733,269,1243,0,0
-191,-507,-563,151,-313,4305,0,0
-652,-91,-153,549,-1610,3836,0,0
-942,-196,353,-529,-2462,2075,0,0
-879,1032,503,-11,-360,-755,0,0
-680,1535,-159,435,70,-2524,0,0
-560,947,-349,4,-201,-2060,0,0
-259,676,-11,-228,137,-1828,0,0
55,326,37,-395,-125,-1991,0,0
181,-109,-81,-867,-341,-1549,0,0
325,-299,-173,-722,-455,-1892,0,0
488,-508,-329,-797,488,-3923,0,0
836,-225,-474,-1472,438,-5239,0,0
476,-321,-231,-2351,-849,-5738,0,0
67,1327,402,-1767,-1313,-4012,0,0
-1053,850,872,-74,1318,-5637,0,0
-1429,-762,660,-1484,499,-4011,0,0
-833,-103,608,-1547,530,-4217,0,0
-384,949,375,-748,1126,-4757,0,0
-686,469,271,-425,1181,-5149,0,0
-705,-256,273,-1136,2133,-5596,0,0
-166,568,268,-1357,2195,-7172,0,0
139,475,90,-1417,2327,-8393,0,0
272,-707,11,-1685,2212,-9365,0,0
760,-1185,-240,-2580,2924,-9843,0,0
1263,-1135,-491,-2116,3060,-11323,0,0
1438,-2107,-809,-1740,3963,-10032,0,0
1959,-1205,-516,-905,1503,-3477,0,0
1048,-1052,-214,-412,-1847,3940,0,0
-238,-786,-927,842,-2420,5013,0,0
-536,183,-675,1162,-2103,4178,0,0
-843,645,506,1200,-126,1165,0,0
-699,1270,890,262,26,141,0,0
-770,1251,455,-274,-314,-1221,0,0
-767,735,99,-851,84,-2308,0,0
-446,826,-21,-854,-145,-2034,0,0
-131,711,-261,-497,113,-2654,0,0
213,201,-358,-277,53,-3429,0,0
491,-259,-220,-489,522,-4946,0,0
576,-212,-428,-1971,671,-5527,0,0
246,809,-142,-2117,-612,-6213,0,0
-551,1724,695,-952,221,-6708,0,0
-1271,-226,593,-3008,2528,-5669,0,0
-880,-214,192,-1439,431,-4979,0,0
-277,400,476,-406,134,-4291,0,0
-357,262,108,-258,1080,-3805,0,0
-477,118,7,28,479,-4032,0,0
-408,-685,177,-348,1331,-3749,0,0
50,-159,179,-782,1019,-3963,0,0
270,86,77,-740,795,-3995,0,0
272,48,-111,-705,1324,-4425,0,0
139,-36,38,-509,1104,-5392,0,0
-34,-864,79,-1697,1870,-7125,0,0
117,-849,65,-2801,2290,-9725,0,0
355,-1598,-331,-4295,2997,-11573,0,0
1189,-1049,-764,-3736,3670,-11819,0,0
1818,-885,-1180,-1626,2990,-9270,0,0
1753,-1040,-809,-201,718,-1792,0,0
603,-558,-353,721,-968,5012,0,0
-1044,-943,-628,1678,-1825,5454,0,0
-1606,-732,-2104,400,-2430,3560,0,0
-1328,971,837,-32,-652,-790,0,0
-602,2091,729,-39,566,-2395,0,0
-220,1972,255,49,-75,-3095,0,0
-105,692,109,-531,8,-1828,0,0
151,844,51,-541,-59,-1232,0,0
211,337,-131,-373,-145,-1530,0,0
298,-89,-181,-758,-455,-1701,0,0
470,-435,-209,-780,-482,-2821,0,0
478,-601,-586,-1806,1013,-4703,0,0
359,1202,-259,-1822,-1171,-7431,0,0
-239,1317,709,-1466,-1327,-6293,0,0
-921,442,739,139,3281,-5971,0,0
-981,-69,348,-863,350,-6565,0,0
-364,-70,544,-1144,638,-4973,0,0
-116,811,220,-120,489,-5056,0,0
-372,-275,88,-240,574,-3594,0,0
-217,-173,274,-465,1164,-3079,0,0
-114,60,173,-558,515,-3717,0,0
-153,-236,72,-736,860,-3588,0,0
-102,202,66,-623,1364,-5236,0,0
-190,-226,223,-1247,1626,-7086,0,0
101,-549,82,-2052,2806,-9733,0,0
693,-601,-126,-1974,2798,-12749,0,0
1119,-1892,-285,-2319,3489,-12705,0,0
2009,-1227,-645,-724,3082,-10859,0,0
1963,-1620,-332,-1259,625,-3203,0,0
936,-456,-878,-1457,-1347,4462,0,0
-979,-1846,-1494,1268,-1625,5342,0,0
-1387,-1999,-361,571,-1548,4739,0,0
-667,1684,991,440,-632,891,0,0
-338,2706,686,409,-207,-1973,0,0
-476,1226,-249,-150,-570,-2118,0,0
-401,757,-76,-325,-70,-1720,0,0
-2,858,229,-16,199,-2085,0,0
185,165,105,-325,258,-1803,0,0
314,-284,-163,-659,19,-1056,0,0
560,243,-309,-598,-231,-1997,0,0
457,148,-354,-889,-96,-3842,0,0
-283,266,-12,-1662,-1161,-6532,0,0
-802,2024,376,-1291,-507,-6632,0,0
-1899,584,557,679,2596,-9538,0,0
-1755,-1798,487,-2104,1482,-6432,0,0
-271,927,589,-668,251,-5061,0,0
-12,1348,148,165,412,-4074,0,0
-361,528,67,150,409,-3241,0,0
-574,-529,298,-119,845,-2878,0,0
-330,-371,216,-561,900,-3276,0,0
-56,141,12,-224,1230,-3962,0,0
148,141,-89,22,1579,-5175,0,0
375,198,44,-317,1648,-5724,0,0
395,-445,141,-493,1715,-7068,0,0
487,-953,60,-1446,2009,-7785,0,0
884,-622,-28,-1595,1660,-8953,0,0
935,-1433,-179,-2346,1661,-10136,0,0
967,-2152,-415,-2633,3040,-11199,0,0
1482,-1524,-609,-2269,3004,-7240,0,0
965,-1205,-597,-794,768,-1546,0,0
-44,-1326,-1160,322,-1326,3902,0,0
51,205,-679,835,-2507,4313,0,0
55,1189,508,41,-2032,603,0,0
-84,1127,398,-589,-76,-1006,0,0
-33,1096,-405,257,-147,-1431,0,0
-199,253,-310,279,-260,-1216,0,0
-157,-338,169,-214,83,-909,0,0
34,-447,140,-406,156,-849,0,0
182,-359,-112,-694,-45,-898,0,0
324,5,-193,-923,-670,-959,0,0
190,-371,-326,-1527,-272,-3221,0,0
1,299,-290,-2774,-1737,-6571,0,0
-332,979,-53,-3076,-905,-4842,0,0
-1346,2644,715,-317,-432,-9713,0,0
-2114,-1487,930,-2335,1156,-7619,0,0
-751,-114,-1,-3037,596,-4597,0,0
259,2760,145,1135,-504,-5405,0,0
-442,-232,224,-184,248,-3358,0,0
-447,-186,142,-406,698,-3703,0,0
-93,33,311,-265,682,-3168,0,0
-14,-235,289,-777,658,-3003,0,0
81,51,85,-580,647,-3186,0,0
62,-75,-11,-598,527,-3488,0,0
96,-10,38,-733,959,-3865,0,0
79,115,104,-652,978,-5220,0,0
2,-544,189,-1587,1209,-6072,0,0
237,-329,150,-2176,1127,-7861,0,0
329,-981,74,-2733,1334,-9851,0,0
452,-1736,-200,-3500,1992,-11178,0,0
1160,-1165,-424,-2913,2579,-9659,0,0
1320,-715,-431,-801,1348,-5578,0,0
688,-335,34,-1245,-440,1359,0,0
23,1121,-126,-572,-1705,3190,0,0
-871,47,-266,-747,-2298,2786,0,0
-1233,-63,-44,-813,-1144,218,0,0
-930,479,28,430,532,-1948,0,0
-561,519,-252,-65,225,-2252,0,0
10,969,-12,-26,-152,-1855,0,0
186,375,148,-254,207,-1480,0,0
228,-98,-63,-586,2,-1181,0,0
298,-159,-255,-613,-358,-1295,0,0
294,-401,-440,-499,-62,-2948,0,0
445,-266,-559,-1928,-83,-5470,0,0
427,390,-369,-1878,-660,-6365,0,0
21,2229,-76,-2004,-1377,-4508,0,0
-1055,2267,834,795,1117,-8085,0,0
-1733,-1684,368,-2226,1264,-5605,0,0
-669,599,226,-944,670,-5014,0,0
-346,832,176,405,821,-4817,0,0
-666,-296,16,-593,424,-4642,0,0
-355,-223,89,-683,557,-3697,0,0
133,262,48,-308,731,-3689,0,0
298,49,32,-52,745,-2556,0,0
120,-54,4,-205,521,-2762,0,0
17,9,42,-313,826,-3042,0,0
-165,237,172,-298,940,-4374,0,0
-344,-206,328,-915,1267,-5748,0,0
-220,-214,347,-1347,1589,-8574,0,0
125,-850,155,-2005,1958,-10571,0,0
698,-1296,-13,-2228,2843,-10861,0,0
1195,-1285,-272,-1790,3160,-9677,0,0
1258,-951,-132,-295,2494,-6297,0,0
660,-995,178,-1765,598,420,0,0
153,1226,-151,-851,-1562,2696,0,0
-817,285,27,-32,-2354,1176,0,0
-1161,-1021,238,-1431,-1611,-293,0,0
-458,678,211,-177,-94,-1486,0,0
-311,1099,-85,556,6,-2005,0,0
-348,241,-212,234,-363,-1767,0,0
-62,226,6,-73,97,-1176,0,0
264,261,204,-241,-102,-1093,0,0
358,-371,104,-921,-422,-1012,0,0
602,-333,-45,-873,116,-1692,0,0
567,-466,-471,-1145,1224,-3955,0,0
283,-26,-363,-1806,-312,-6642,0,0
245,1680,-230,-1959,450,-4402,0,0
-487,4452,331,1746,1645,-9298,0,0
-1887,-1677,364,373,1191,-7804,0,0
-1372,-3238,541,-3269,1268,-5067,0,0
498,2345,443,-437,868,-4504,0,0
195,1369,121,625,92,-4374,0,0
-593,-1176,159,-601,410,-3065,0,0
-372,-411,180,-734,531,-2810,0,0
-33,476,-108,-293,556,-3056,0,0
75,135,-92,-37,651,-2596,0,0
122,-55,25,-177,987,-3051,0,0
120,197,-16,-198,1273,-3767,0,0
-12,-37,29,-496,1638,-5235,0,0
106,-97,122,-689,1862,-6960,0,0
230,-651,88,-1254,2049,-8578,0,0
456,-1005,-53,-2119,2300,-10891,0,0
938,-1326,-323,-2589,2603,-11580,0,0
1572,-945,-671,-3640,2982,-9505,0,0
1589,-589,-588,-553,1295,-3310,0,0
144,-738,-363,-495,522,2830,0,0
-1105,-827,-469,-199,-607,2871,0,0
-512,421,50,-593,-2962,56,0,0
118,913,197,335,-1844,-2287,0,0
22,632,-533,-76,64,-2104,0,0
10,857,-596,344,-409,-1920,0,0
5,-115,-142,197,-278,-3320,0,0
103,-882,83,-212,5,-1032,0,0
274,-807,241,-196,-268,-487,0,0
267,-795,132,-140,-183,-426,0,0
207,-676,-186,-378,121,-1239,0,0
45,-490,-206,-1696,-190,-3948,0,0
-187,198,53,-3586,-1254,-5550,0,0
-296,3263,150,-1563,-830,-6306,0,0
-1525,1297,731,353,1945,-9709,0,0
-1685,-2208,1069,-3781,1310,-6346,0,0
-161,989,562,-2046,1245,-5463,0,0
131,1230,96,-83,69,-4612,0,0
-351,-699,80,-999,241,-2805,0,0
-120,32,39,-749,701,-2880,0,0
51,296,-11,-323,518,-2692,0,0
-62,-159,-55,-701,718,-2496,0,0
18,356,-60,-468,771,-3332,0,0
-33,347,-26,-688,1074,-4006,0,0
-79,297,95,-821,1388,-5684,0,0
4,5,169,-1488,1921,-7356,0,0
188,-313,111,-2453,1810,-9232,0,0
500,-442,-212,-2317,2014,-11315,0,0
762,-1060,-525,-2105,2588,-12174,0,0
1341,-749,-614,-691,2988,-9053,0,0
996,-1319,-504,-1228,1693,-2246,0,0
-101,-440,-691,-786,-146,3193,0,0
-563,262,-155,-221,-2534,2662,0,0
-290,447,365,-489,-2405,1029,0,0
-152,1223,298,-268,-571,-825,0,0
-414,920,-262,537,-53,-1368,0,0
-645,-187,-621,-79,-103,-1562,0,0
-238,96,-143,126,-80,-1381,0,0
2,-146,185,234,93,-1363,0,0
245,-404,169,-354,-135,-1169,0,0
611,248,150,-163,-364,-1657,0,0
677,-191,24,-380,-791,-3229,0,0
458,-1147,-166,-1625,-103,-6968,0,0
549,597,-95,-1813,-984,-5947,0,0
-140,2227,363,-1194,-228,-5261,0,0
-1786,955,1042,-403,1639,-8801,0,0
-1887,-1685,686,-2937,1058,-6144,0,0
-328,635,331,-1351,637,-5428,0,0
202,1442,321,3,387,-4113,0,0
-258,479,233,-48,548,-3318,0,0
-449,-403,134,-10,1084,-3107,0,0
-200,-278,157,-225,1271,-2944,0,0
-12,-79,207,-431,1043,-2873,0,0
24,-63,103,-505,1125,-3679,0,0
25,63,10,-656,1365,-4325,0,0
-7,201,29,-515,1656,-6770,0,0
-12,-692,25,-1413,2157,-8672,0,0
464,-709,23,-2161,2401,-10847,0,0
914,-1282,-211,-2928,2589,-12360,0,0
1441,-1476,-755,-1831,3671,-10165,0,0
1502,-1243,-607,-668,2093,-4803,0,0
194,-2227,-158,-327,156,2039,0,0
-1191,-1598,-428,64,-659,4351,0,0
-799,1404,-94,-6,-2688,2548,0,0
63,3208,360,-123,-2919,-670,0,0
-123,2057,167,855,129,-2286,0,0
-592,281,-536,-96,-20,-3864,0,0
-439,498,-345,239,-43,-1712,0,0
-220,-207,98,295,212,-1697,0,0
-75,-1050,256,-345,273,-1349,0,0
262,-617,153,-717,-341,-1491,0,0
452,-825,-129,-649,-366,-2205,0,0
329,-1279,-463,-1493,315,-5107,0,0
577,-124,-487,-3298,-769,-5509,0,0
754,3023,-742,-1101,-376,-3631,0,0
-1201,2449,390,1732,1623,-8379,0,0
-2297,-2627,1281,-2530,1880,-5748,0,0
-447,548,1157,-3198,1112,-4877,0,0
259,2435,695,-71,403,-4974,0,0
-638,-678,143,-970,274,-3945,0,0
-463,-543,12,-918,1008,-3192,0,0
171,851,41,182,763,-3536,0,0
124,105,-9,62,740,-3013,0,0
-66,-10,51,-38,881,-3489,0,0
-191,-72,149,-701,1470,-5001,0,0
-68,228,115,-1012,1970,-7644,0,0
30,-837,33,-1643,2555,-10143,0,0
427,-1632,-144,-2972,2938,-12117,0,0
1342,-1051,-649,-2304,3727,-12444,0,0
1982,-917,-929,-557,3681,-9684,0,0
1646,-1291,-452,-605,1222,-1993,0,0
157,-1415,-741,83,-110,3710,0,0
-818,-823,-631,606,-1800,4425,0,0
-934,-447,454,369,-2293,2059,0,0
-798,-97,797,-585,-785,-346,0,0
-567,912,316,-404,-61,-1598,0,0
-686,458,-467,-7,-43,-1709,0,0
-635,-99,-446,-266,205,-1451,0,0
-29,766,-27,-462,269,-796,0,0
310,877,113,-151,-320,-1241,0,0
240,-325,30,-784,-98,-1178,0,0
318,-275,-265,-1384,28,-2966,0,0
395,-504,-360,-2306,-209,-6083,0,0
502,414,-490,-3459,-1119,-6425,0,0
527,4157,37,-310,-817,-6570,0,0
-1111,1099,721,1180,2241,-9293,0,0
-1447,-2266,743,-3068,253,-6475,0,0
47,509,960,-2095,184,-4123,0,0
131,1182,410,-375,512,-3257,0,0
-574,-98,89,-651,623,-2658,0,0
-508,-191,350,-346,1163,-2208,0,0
-73,189,321,-249,1366,-2453,0,0
-11,312,243,-559,495,-2695,0,0
-215,-158,173,-549,1454,-3362,0,0
-215,75,109,-785,1903,-4961,0,0
-157,96,141,-1554,2299,-6659,0,0
-44,64,102,-1834,2976,-9628,0,0
-160,-1493,36,-3105,3580,-12178,0,0
282,-1927,-468,-3467,4276,-12165,0,0
1047,-1354,-812,-1541,3917,-7734,0,0
980,-111,-727,-973,1727,525,0,0
-217,763,-678,1046,595,-465,0,0
-603,-425,-130,-739,-2585,-1432,0,0
474,-329,-439,-1680,-3501,529,0,0
1151,2037,-676,595,-1549,183,0,0
271,880,-703,822,-695,-540,0,0
-164,-292,-539,-2,-126,-167,0,0
157,519,-89,555,245,-480,0,0
108,-180,305,542,246,-558,0,0
-51,-1145,520,-357,-45,-74,0,0
71,-300,293,-709,161,-567,0,0
116,151,22,-151,61,-3125,0,0
-287,-1239,-164,-2425,-377,-6124,0,0
-206,-32,-283,-3513,-921,-6518,0,0
219,3426,203,-323,1210,-6415,0,0
-1080,1434,796,302,1475,-8814,0,0
-1521,-2544,1024,-1995,982,-5275,0,0
-263,-499,926,-2123,1638,-3869,0,0
278,1541,538,-701,624,-4645,0,0
-262,-22,168,-976,90,-3387,0,0
-323,-234,58,-880,1070,-3347,0,0
-1,503,43,-694,1012,-4184,0,0
21,297,49,-809,987,-4892,0,0
94,121,82,-1097,1147,-5693,0,0
346,264,34,-1160,1492,-7282,0,0
511,-255,34,-1269,1760,-8246,0,0
420,-1235,49,-2161,2140,-10270,0,0
577,-1867,-72,-2489,3215,-10713,0,0
972,-1586,-286,-1824,3183,-8683,0,0
1196,-718,-150,-1460,1491,-2447,0,0
49,79,-719,-822,-897,3015,0,0
-1211,-1032,-1266,-33,-2103,2907,0,0
-1025,-914,-895,-569,-1708,1228,0,0
-236,964,-9,298,-614,-771,0,0
-96,1574,133,728,-39,-1630,0,0
-346,549,-294,96,-464,-874,0,0
-365,321,-225,109,-380,-843,0,0
-146,294,27,38,-164,-1052,0,0
72,195,85,-316,-478,-1016,0,0
176,-71,110,-208,-723,-1780,0,0
109,-579,-174,-1276,205,-3427,0,0
247,770,-253,-1783,-857,-5496,0,0
-115,1186,-156,-1292,1016,-7568,0,0
-607,3759,455,422,1408,-7431,0,0
-1650,992,958,731,1742,-8085,0,0
-1729,-2206,979,-2256,1459,-5384,0,0
-528,187,954,-1260,898,-5702,0,0
-249,19,412,-711,1012,-4122,0,0
-129,-54,205,-292,1100,-2904,0,0
-54,-54,243,228,1216,-2904,0,0
-153,-460,232,-403,1080,-2853,0,0
-98,-28,211,-483,1537,-3537,0,0
-9,160,152,-651,1763,-4287,0,0
80,400,143,-708,2085,-5469,0,0
107,139,218,-821,2327,-7320,0,0
189,-717,116,-1451,3136,-8970,0,0
699,-654,-52,-1556,2961,-9880,0,0
918,-1739,-377,-1926,3276,-11392,0,0
1492,-1661,-787,-1836,3733,-10401,0,0
2078,-884,-949,-48,2378,-6954,0,0
1227,-2202,-661,-1568,1290,205,0,0
416,-94,-1291,-805,646,4670,0,0
-756,-114,-1362,1139,-1943,4157,0,0
-1344,-952,-320,-268,-2422,2798,0,0
-900,758,619,900,-431,-280,0,0
-1131,312,408,-142,38,-1240,0,0
-1101,102,-246,-594,452,-1407,0,0
-588,1159,-315,15,524,-1675,0,0
-82,1089,106,310,249,-1780,0,0
215,317,316,-96,87,-1445,0,0
396,191,61,-770,-798,-1942,0,0
343,-213,-167,-265,-912,-4125,0,0
161,-658,-256,-2387,-789,-6227,0,0
548,1848,-224,-1028,354,-5712,0,0
-365,3181,444,510,1121,-8080,0,0
-1578,268,1297,-343,1602,-8369,0,0
-1249,-1415,919,-2625,1363,-5031,0,0
-200,706,688,-794,800,-4938,0,0
-319,-319,527,-675,910,-3375,0,0
-224,-167,349,-787,977,-3231,0,0
55,337,117,-428,1044,-2924,0,0
-30,-311,-21,-408,1143,-2859,0,0
24,-306,91,-523,1666,-3332,0,0
-15,-188,21,-691,1767,-4325,0,0
-123,-310,11,-1206,2392,-6025,0,0
-65,-666,211,-1907,3051,-8832,0,0
287,-1438,41,-3629,3461,-12194,0,0
1085,-1570,-398,-4643,4540,-12308,0,0
2075,-597,-1165,-2385,4802,-11128,0,0
2386,-888,-836,149,2456,-4332,0,0
1164,-843,-730,333,101,4093,0,0
-907,-1243,-1703,1834,-1983,5871,0,0
-1909,-563,-262,459,-2275,1236,0,0
-523,529,940,-1838,-1110,-1536,0,0
423,2530,373,-663,-791,-1987,0,0
-165,1129,-469,461,-296,-1754,0,0
-463,-172,-529,-149,267,-803,0,0
-54,765,-70,422,793,-826,0,0
35,196,333,-54,415,-616,0,0
-89,-460,272,-1032,-376,-482,0,0
19,-405,-49,-1087,-297,-941,0,0
399,602,-258,-857,-256,-3756,0,0
422,766,-315,-639,-1485,-6707,0,0
1,719,9,-1644,-976,-4895,0,0
-801,3220,507,450,1029,-7583,0,0
-2146,-781,606,-212,1979,-8108,0,0
-1422,-1951,858,-2695,1514,-4608,0,0
191,1666,903,-782,967,-4254,0,0
-154,494,384,-130,833,-3950,0,0
-566,-522,134,-450,896,-3301,0,0
-395,48,164,-248,1322,-3845,0,0
-86,291,101,-158,1632,-4098,0,0
111,581,203,-75,1131,-4933,0,0
-83,-426,197,-600,1977,-5073,0,0
-92,-555,186,-1054,2556,-6622,0,0
331,-208,286,-1277,3134,-8037,0,0
693,-105,196,-1284,3051,-8969,0,0
500,-1467,-89,-1452,3068,-10149,0,0
375,-2546,-269,-1886,3583,-10434,0,0
1007,-1533,-326,-2412,3033,-6013,0,0
961,208,-838,-453,1371,-89,0,0
-244,-233,-1025,1000,-976,2628,0,0
-652,-180,-322,122,-2577,2060,0,0
-28,571,416,-97,-2542,-65,0,0
69,1094,462,-225,-1156,-834,0,0
-460,776,59,264,-477,-2214,0,0
-756,-571,-345,-138,527,-1306,0,0
-345,-20,-287,-480,821,-913,0,0
277,946,169,-278,72,-1254,0,0
525,245,478,-663,-556,-724,0,0
500,-537,231,-1036,-223,-1424,0,0
738,-38,-176,-762,304,-2892,0,0
425,-329,-205,-1236,-219,-5554,0,0
-116,169,-262,-2527,406,-3968,0,0
-493,4258,140,1102,2290,-7264,0,0
-2084,264,506,605,2059,-8163,0,0
-1873,-1791,662,-2620,1287,-4409,0,0
-425,2199,295,-227,692,-4880,0,0
-607,823,-308,438,314,-4129,0,0
-799,-696,-160,-287,1189,-2763,0,0
-294,177,184,-43,1224,-3191,0,0
-65,72,168,201,1796,-3450,0,0
-34,186,78,-181,1852,-4572,0,0
127,172,217,87,2697,-6119,0,0
242,-508,193,-480,3014,-7108,0,0
514,-348,127,-409,3466,-9507,0,0
858,-971,31,-961,3252,-10974,0,0
1192,-1762,-258,-949,3881,-12419,0,0
1819,-2097,-384,-1630,4528,-9295,0,0
2180,-1052,-604,346,2945,-4479,0,0
792,-2285,-529,-580,1211,3415,0,0
-572,-308,-1059,-220,-597,4693,0,0
-1147,817,-834,370,-2278,1219,0,0
-882,-396,55,-901,-2100,-1198,0,0
80,832,379,-455,-772,-1363,0,0
229,1596,65,424,-381,-2402,0,0
-54,88,-402,244,-174,-1335,0,0
-140,-396,-504,95,346,-910,0,0
359,240,-115,77,-58,-833,0,0
753,313,219,-173,-407,-837,0,0
771,-76,213,-607,-579,-1891,0,0
712,-661,-178,-1591,130,-3959,0,0
680,-77,-602,-2307,-925,-4661,0,0
399,1498,-328,-1827,-1954,-3182,0,0
-2768,2576,779,250,945,-5513,0,0
-1957,77,898,-993,1696,-6606,0,0
-1646,-793,595,-2501,356,-5220,0,0
-657,965,370,-366,775,-5302,0,0
-788,81,244,231,901,-4913,0,0
-871,-664,358,-543,928,-4303,0,0
-203,515,287,-258,1256,-4292,0,0
-3,431,130,52,1053,-4352,0,0
-49,174,38,-181,1556,-4481,0,0
-75,202,57,-191,1929,-5363,0,0
-182,-389,82,-1166,2065,-7534,0,0
-174,-1126,-22,-2185,2613,-9157,0,0
309,-1034,-311,-2565,3039,-10236,0,0
853,-1059,-503,-2085,3447,-11559,0,0
1220,-1455,-467,-2168,3807,-8932,0,0
1368,-671,-252,-55,2440,-2488,0,0
501,24,-254,182,1466,1741,0,0
-749,-430,-239,-988,-1210,1007,0,0
-1114,-1828,-188,-1795,-2291,-2527,0,0
370,-684,-698,-2023,-1464,-2054,0,0
1614,1814,-785,565,-536,-1922,0,0
1645,985,-984,718,-902,-789,0,0
1454,404,-686,-98,-649,1026,0,0
1260,692,-155,745,232,1406,0,0
870,-55,220,231,499,1826,0,0
740,295,537,-245,197,3123,0,0
-195,527,180,17,-140,1314,0,0
-1788,-901,-298,-955,-1961,-2730,0,0
-2634,-1197,-40,-2857,-1776,-6813,0,0
-1575,1844,4,-1137,1541,-7887,0,0
-1826,1750,783,274,2480,-11058,0,0
-1830,-479,1140,-2974,2298,-7013,0,0
-1081,731,639,-1716,1183,-6810,0,0
-964,-48,315,-537,2028,-5921,0,0
-714,-264,326,-1125,1634,-6744,0,0
-143,532,234,-933,680,-3797,0,0
42,561,34,-238,1072,-3066,0,0
54,330,3,-235,667,-3004,0,0
138,-24,85,-601,491,-2509,0,0
199,-88,-6,-609,797,-2753,0,0
188,10,-31,-649,1603,-3833,0,0
-2,-313,44,-1284,2300,-6272,0,0
130,-646,17,-2420,3316,-9461,0,0
816,-537,-110,-2322,4012,-12527,0,0
1250,-1361,-348,-2928,3953,-12194,0,0
1705,-1117,-951,-722,3438,-10789,0,0
1956,-1221,-490,-664,2290,-3362,0,0
1363,704,-725,20,999,3179,0,0
-988,-1260,-1200,-482,122,3947,0,0
-1306,-742,25,-1871,-2470,73,0,0
108,787,50,-1119,-2462,-977,0,0
514,2260,-234,824,-631,-1820,0,0
-229,-62,-252,724,-727,-1178,0,0
-531,-1488,-330,-235,12,-191,0,0
-35,167,-274,551,344,-725,0,0
224,436,19,599,-8,-442,0,0
256,-32,270,286,-128,-317,0,0
307,-74,439,-24,-1010,-764,0,0
129,-785,408,-885,-437,-2349,0,0
127,261,103,-2424,-545,-4919,0,0
-2392,1307,96,-2287,-357,-4339,0,0
-1250,2655,871,-352,856,-7313,0,0
-1951,664,1025,-804,2414,-8480,0,0
-1379,-249,598,-1805,1516,-6540,0,0
-566,596,531,-446,1125,-6090,0,0
-435,-45,383,-783,762,-4634,0,0
-260,94,166,-556,1572,-4239,0,0
-115,143,86,-644,1779,-4693,0,0
5,83,86,-1099,1978,-5888,0,0
293,70,2,-1239,2048,-7136,0,0
537,-300,-79,-1303,2235,-8844,0,0
865,-969,-87,-1598,2891,-10032,0,0
1106,-1479,-205,-1656,3657,-12312,0,0
1967,-1100,-113,-620,3714,-9493,0,0
1943,-1119,105,-30,2345,-1862,0,0
711,-456,-588,-266,1525,4563,0,0
-596,-482,-719,-484,-1314,5717,0,0
-1042,73,119,-1041,-3148,687,0,0
-577,583,144,-964,-1744,-1458,0,0
-535,1331,-769,124,-176,-2766,0,0
-321,1500,-933,861,-538,-1368,0,0
-511,308,-444,927,-111,-1150,0,0
-459,-401,-49,235,5,-1030,0,0
-193,-116,325,-85,-820,-430,0,0
-132,-385,261,-406,-677,-1128,0,0
162,-50,18,-437,83,-3661,0,0
312,-953,-192,-1508,553,-5599,0,0
552,707,-247,-2172,96,-5051,0,0
-28,3583,227,792,878,-6088,0,0
-1784,424,667,199,1628,-8304,0,0
-1482,-1403,890,-2172,1368,-5341,0,0
-274,594,833,-808,850,-4443,0,0
-189,175,50,-329,1071,-3658,0,0
-226,158,52,-48,831,-3200,0,0
-298,2,320,-68,1385,-3275,0,0
-260,101,318,-92,1824,-4435,0,0
-238,3,383,-828,2055,-5804,0,0
-61,-76,210,-960,2969,-7752,0,0
298,-522,181,-1423,2916,-9798,0,0
648,-1266,-56,-2299,3071,-11319,0,0
1123,-1767,-473,-1927,3703,-12333,0,0
1900,-1613,-700,-1171,3630,-8908,0,0
1918,-1646,-622,1819,1809,-3655,0,0
383,-2110,-647,463,831,5213,0,0
-545,982,-2680,891,813,5688,0,0
-1152,1722,1001,-754,-1800,-775,0,0
-1114,-682,31,-3557,-2802,-3000,0,0
59,1459,-1176,-708,-610,-2646,0,0
415,2205,-928,1566,215,-2337,0,0
55,-142,-273,451,57,-815,0,0
61,-366,197,96,185,-505,0,0
170,-418,297,-324,-357,-243,0,0
307,-733,119,-376,-249,533,0,0
438,-107,46,123,-614,232,0,0
-49,-2288,-29,-253,-1000,-2885,0,0
-554,-230,-441,-1983,-961,-6448,0,0
-200,2109,-2400,-726,-229,-6563,0,0
-753,3140,586,1566,1394,-9259,0,0
-2030,-295,1236,-184,2479,-7761,0,0
-1558,-983,1145,-3186,1582,-4090,0,0
-403,2039,443,-1385,474,-3690,0,0
-791,1233,-212,516,313,-3908,0,0
-1023,-648,-117,430,1384,-3134,0,0
-329,221,227,472,1710,-3797,0,0
55,523,423,-38,873,-5021,0,0
-192,-719,116,61,2936,-5354,0,0
-160,-645,-146,34,3423,-8138,0,0
154,-1861,341,-983,3632,-10430,0,0
786,-2271,-37,-3077,4095,-12574,0,0
1697,-1999,-493,-1992,4921,-11863,0,0
2350,-2073,-707,-2034,5051,-8589,0,0
2498,-1117,-761,215,2328,-2647,0,0
555,-2010,-1098,-764,495,4587,0,0
-772,-698,-1992,935,-1080,5805,0,0
-844,1017,-999,1364,-2722,2061,0,0
-159,1340,839,-105,-2403,-503,0,0
-35,1260,757,-164,-46,-1373,0,0
-372,781,-478,-414,364,-1600,0,0
-317,848,-590,285,329,-1216,0,0
-272,163,-230,40,633,-1194,0,0
216,274,70,-418,403,-946,0,0
672,599,231,-108,-196,-878,0,0
381,-659,159,-345,-433,-922,0,0
-561,-2249,-394,-1412,-217,-2001,0,0
-1053,-461,-537,-3176,-1505,-1116,0,0
-1237,5301,222,649,2963,-5187,0,0
-2691,4134,-46,2156,4521,-11022,0,0
-3102,-624,-387,-1139,4020,-5581,0,0
-1749,2634,547,-467,3233,-4462,0,0
-1338,4648,157,1663,2244,-4704,0,0
-1950,1940,-649,1197,2231,-3544,0,0
-1840,1761,-986,877,2780,-1851,0,0
-1381,3328,-1195,2136,3236,-1684,0,0
-1335,2967,-1421,2815,4192,-2009,0,0
-1339,2303,-1569,2543,4834,-1377,0,0
-1200,2499,-1644,3031,4507,-1505,0,0
-1218,1820,-1504,2601,3987,-1309,0,0
-1093,1830,-1116,2247,3641,-1149,0,0
-755,2222,-854,2538,3434,-1240,0,0
-491,2054,-782,2330,3253,-1139,0,0
-312,1815,-686,2471,3634,-1051,0,0
67,2187,-574,2172,4111,-1512,0,0
605,2641,-127,3235,3221,-1651,0,0
193,-104,294,2715,2729,-785,0,0
-296,-2119,553,1871,3015,-498,0,0
-226,-2517,797,1220,3607,-266,0,0
247,-1383,991,1316,4088,-183,0,0
582,-206,968,1746,4014,-306,0,0
672,127,844,1858,3685,-347,0,0
573,-46,772,1713,3412,-507,0,0
421,-170,810,1631,3342,-559,0,0
229,-249,831,1677,3477,-560,0,0
21,-482,758,1733,3608,-580,0,0
-149,-753,617,1627,3432,-519,0,0
-262,-846,464,1517,3235,-482,0,0
-336,-782,281,1483,3187,-559,0,0
-374,-684,53,1510,3169,-610,0,0
-388,-597,-208,1583,3226,-662,0,0
-378,-562,-402,1556,3296,-719,0,0
-344,-462,-454,1507,3436,-657,0,0
-345,-208,-455,1452,3438,-639,0,0
-359,116,-451,1537,3488,-726,0,0
-397,240,-499,1693,3543,-856,0,0
-450,181,-560,1620,3503,-811,0,0
-501,156,-608,1732,3502,-918,0,0
-504,-13,-698,1673,3458,-1010,0,0
-401,-42,-719,1648,3500,-867,0,0
-278,68,-688,1707,3509,-790,0,0
-213,28,-619,1737,3380,-829,0,0
-131,-21,-460,1705,3404,-780,0,0
-33,-31,-237,1772,3503,-794,0,0
71,-125,23,1745,3578,-764,0,0
188,-161,336,1584,3642,-666,0,0
312,-6,657,1536,3756,-655,0,0
405,152,889,1584,3779,-712,0,0
462,141,1049,1534,3697,-618,0,0
460,97,1138,1541,3680,-528,0,0
390,20,1103,1539,3650,-532,0,0
315,-37,984,1469,3484,-475,0,0
222,-25,777,1452,3265,-440,0,0
104,7,494,1475,3139,-442,0,0
-35,-18,141,1540,3116,-438,0,0
-200,-88,-239,1600,3096,-505,0,0
-367,-225,-609,1713,3211,-567,0,0
-507,-424,-924,1759,3361,-640,0,0
-567,-580,-1087,1873,3613,-736,0,0
-553,-725,-1055,1892,3778,-801,0,0
-495,-822,-813,1794,3774,-793,0,0
-403,-788,-439,1605,3706,-803,0,0
-265,-489,-59,1572,3606,-819,0,0
-77,-157,200,1511,3421,-824,0,0
79,82,329,1466,3310,-827,0,0
210,398,340,1582,3279,-838,0,0
210,311,277,1704,3150,-792,0,0
158,114,195,1706,3389,-805,0,0
141,-50,154,1657,3587,-823,0,0
167,-100,195,1630,3491,-796,0,0
203,-109,326,1529,3444,-741,0,0
253,-126,457,1463,3435,-738,0,0
313,-52,521,1403,3408,-693,0,0
354,141,517,1423,3454,-666,0,0
352,270,461,1450,3387,-698,0,0
302,284,372,1495,3356,-665,0,0
186,215,211,1536,3388,-687,0,0
46,143,8,1534,3334,-720,0,0
-97,68,-221,1596,3322,-816,0,0
-199,-22,-441,1536,3318,-832,0,0
-233,9,-612,1580,3393,-821,0,0
-251,70,-740,1619,3490,-856,0,0
-267,134,-797,1663,3598,-886,0,0
-309,153,-750,1772,3559,-981,0,0
-380,-32,-634,1790,3527,-1047,0,0
-400,-215,-461,1737,3455,-1081,0,0
-345,-341,-243,1675,3429,-1038,0,0
-233,-400,-42,1610,3433,-986,0,0
-66,-377,108,1559,3436,-914,0,0
150,-256,234,1468,3563,-827,0,0
401,96,372,1369,3594,-702,0,0
580,544,511,1481,3574,-662,0,0
611,728,619,1561,3502,-642,0,0
510,645,668,1654,3452,-665,0,0
351,354,620,1673,3409,-694,0,0
196,42,511,1587,3332,-661,0,0
78,-83,366,1525,3352,-613,0,0
-12,-89,189,1553,3338,-635,0,0
-82,-110,14,1543,3330,-664,0,0
-128,-89,-118,1557,3368,-692,0,0
-174,-69,-214,1624,3454,-733,0,0
-228,-97,-288,1643,3502,-785,0,0
-276,-151,-327,1676,3516,-838,0,0
-308,-246,-344,1675,3485,-894,0,0
-308,-338,-337,1650,3479,-914,0,0
-267,-337,-309,1612,3474,-945,0,0
-186,-240,-274,1620,3490,-960,0,0
-96,-139,-238,1624,3491,-967,0,0
-3,-56,-184,1626,3469,-937,0,0
62,-12,-101,1661,3448,-902,0,0
85,-34,0,1640,3448,-888,0,0
107,-29,87,1629,3407,-892,0,0
141,-33,132,1595,3344,-844,0,0
174,-36,176,1540,3298,-798,0,0
200,14,232,1558,3381,-782,0,0
194,48,273,1572,3420,-767,0,0
173,112,297,1485,3479,-622,0,0
124,312,301,1558,3494,-650,0,0
21,313,235,1744,3502,-828,0,0
-121,8,141,1671,3507,-706,0,0
-267,-161,71,1622,3566,-684,0,0
-392,-351,43,1687,3252,-873,0,0
-586,-908,76,1776,2821,-854,0,0
-885,-1922,219,1622,2760,-993,0,0
-863,-2465,444,1412,3143,-935,0,0
-587,-2060,471,1353,3605,-745,0,0
-266,-1124,310,1300,3831,-668,0,0
10,-109,125,1208,3660,-845,0,0
272,805,-2,1326,3544,-905,0,0
563,1608,-159,1326,3350,-725,0,0
702,2219,-327,1737,3352,-736,0,0
591,2019,-477,2214,3635,-1162,0,0
358,947,-584,2081,3589,-1234,0,0
169,16,-481,1627,3225,-896,0,0
75,-170,-215,1322,3223,-629,0,0
23,50,-33,1600,3434,-749,0,0
-33,19,-53,1770,3484,-814,0,0
-66,-86,-140,1647,3402,-694,0,0
-74,-13,-189,1590,3324,-717,0,0
-41,74,-167,1594,3425,-732,0,0
1,170,-101,1610,3488,-718,0,0
6,227,-25,1671,3445,-778,0,0
-25,163,40,1654,3469,-774,0,0
-48,114,92,1617,3461,-755,0,0
-66,67,135,1623,3398,-782,0,0
-89,-16,146,1620,3474,-751,0,0
-106,-100,123,1582,3536,-734,0,0
-111,-162,96,1460,3471,-769,0,0
-80,-112,66,1462,3456,-808,0,0
-38,-81,41,1501,3475,-803,0,0
8,-66,37,1535,3493,-767,0,0
58,-19,48,1594,3595,-656,0,0
-26,-114,130,1611,3675,-589,0,0
-217,-344,194,1526,3717,-607,0,0
-268,-301,152,1394,3535,-602,0,0
-207,-28,46,1490,3270,-678,0,0
-133,174,-104,1482,3167,-744,0,0
-8,323,-264,1607,3384,-661,0,0
129,363,-330,1717,3482,-607,0,0
172,291,-282,1580,3370,-463,0,0
136,306,-166,1616,3567,-431,0,0
72,324,-22,1693,3638,-607,0,0
0,170,55,1614,3496,-770,0,0
-26,-83,75,1441,3383,-856,0,0
15,-180,63,1414,3473,-797,0,0
80,1,31,1612,3524,-703,0,0
79,50,36,1615,3486,-622,0,0
35,-76,76,1612,3492,-688,0,0
-1,-223,94,1565,3482,-744,0,0
7,-270,100,1515,3482,-695,0,0
35,-172,111,1475,3494,-653,0,0
45,-8,134,1570,3478,-691,0,0
31,25,159,1578,3435,-733,0,0
27,6,175,1475,3447,-696,0,0
23,52,179,1503,3450,-663,0,0
-18,91,175,1515,3413,-2648,0,0
-104,78,148,1521,3380,-620,0,0
-200,30,87,1560,3321,-580,0,0
-328,-108,-4,1561,3322,-573,0,0
-393,-194,-114,1506,3353,-540,0,0
-392,-118,-227,1541,3360,-449,0,0
-416,-66,-299,1615,3368,-419,0,0
-453,-102,-319,1594,3364,-454,0,0
-427,-93,-323,1605,3423,-385,0,0
-370,-28,-324,1631,3464,-314,0,0
-363,-39,-296,1732,3462,-398,0,0
-381,-201,-262,1752,3457,-468,0,0
-385,-417,-228,1815,3424,-403,0,0
-384,-702,-205,1918,3556,-379,0,0
-369,-1110,-141,1908,3467,-470,0,0
-290,-1512,56,1677,3202,-431,0,0
-79,-1570,328,1423,3316,-397,0,0
234,-1157,505,1455,3913,-397,0,0
590,-470,461,1565,4363,-494,0,0
977,369,336,1492,4579,-440,0,0
1320,1375,281,1525,4291,-331,0,0
1384,2022,380,1581,3547,-458,0,0
1181,1859,566,1680,3217,-628,0,0
860,1144,641,1665,3061,-574,0,0
515,413,517,1669,3038,-607,0,0
246,-76,232,1548,3082,-602,0,0
84,-127,-127,1492,3076,-581,0,0
-34,-18,-458,1558,3074,-618,0,0
-164,6,-719,1653,3256,-679,0,0
-281,-9,-877,1662,3338,-786,0,0
-323,-22,-866,1622,3510,-855,0,0
-263,99,-700,1616,3686,-949,0,0
-98,392,-427,1413,3734,-860,0,0
139,1094,-182,1525,3663,-953,0,0
294,1195,-24,1961,3391,-1139,0,0
114,237,-26,1661,3247,-851,0,0
10,55,-98,1520,3286,-758,0,0
-9,64,-144,1551,3355,-751,0,0
-60,-80,-131,1555,3402,-699,0,0
-110,-157,-57,1458,3480,-675,0,0
-143,-174,31,1362,3492,-676,0,0
-150,-142,115,1347,3483,-629,0,0
-203,-163,183,1275,3549,-569,0,0
-264,-72,204,1314,3589,-505,0,0
-361,31,197,1531,3663,-487,0,0
-451,40,143,1694,3629,-559,0,0
-469,-88,86,1790,3216,-579,0,0
-454,-353,19,1764,3020,-497,0,0
-417,-625,-121,1884,3266,-509,0,0
-313,-1005,-318,1859,3502,-580,0,0
-95,-1263,-428,1713,3648,-531,0,0
145,-1126,-362,1496,3817,-479,0,0
384,-486,-163,1422,3896,-541,0,0
602,226,74,1639,3933,-597,0,0
699,509,252,1798,3926,-575,0,0
702,473,382,1752,3769,-509,0,0
622,385,453,1637,3373,-540,0,0
527,374,467,1508,3116,-498,0,0
408,434,417,1542,3123,-454,0,0
227,496,261,1698,3238,-598,0,0
25,343,39,1793,3324,-732,0,0
-217,140,-106,1793,3321,-666,0,0
-475,-159,-169,1804,3417,-859,0,0
-599,-475,-105,1620,3372,-1094,0,0
-575,-571,58,1419,3416,-1115,0,0
-461,-526,164,1242,3530,-1370,0,0
-252,-650,193,1104,3459,-1477,0,0
-140,-764,119,1017,3462,-1156,0,0
26,-343,70,1354,3323,-1126,0,0
185,-73,59,1385,3096,-924,0,0
296,42,33,1336,3008,-774,0,0
334,85,-23,1435,3107,-697,0,0
308,61,-119,1622,3459,-657,0,0
274,118,-263,1738,3980,-646,0,0
272,354,-356,1778,4095,-706,0,0
238,522,-276,1612,3415,-821,0,0
123,443,-49,1490,3111,-719,0,0
-94,148,110,1648,3232,-721,0,0
-257,-189,102,1642,3371,-711,0,0
-302,-247,-14,1561,3451,-696,0,0
-276,-78,-135,1532,3442,-778,0,0
-239,75,-164,1560,3364,-836,0,0
-230,85,-112,1610,3402,-878,0,0
-246,-11,-40,1616,3472,-901,0,0
-203,-12,20,1562,3567,-1037,0,0
-11,249,48,1554,3562,-1344,0,0
172,405,42,1663,3401,-1180,0,0
110,49,28,1643,3349,-818,0,0
45,-166,20,1599,3407,-682,0,0
37,-180,-2,1578,3484,-664,0,0
68,-80,-22,1613,3529,-726,0,0
106,34,1,1573,3452,-684,0,0
87,93,45,1387,3426,-554,0,0
-13,48,48,1519,3409,-570,0,0
-60,12,88,1881,3355,-691,0,0
-56,41,121,1708,3465,-757,0,0
-64,78,80,1691,3490,-797,0,0
-107,6,17,1744,3464,-782,0,0
-150,-122,-6,1637,3438,-789,0,0
-154,-212,9,1521,3471,-799,0,0
-141,-279,51,1563,3558,-775,0,0
-105,-329,91,1628,3605,-943,0,0
-10,-334,101,1435,3504,-983,0,0
133,-33,121,1447,3392,-886,0,0
198,144,125,1583,3391,-831,0,0
158,79,74,1617,3404,-834,0,0
77,-36,-15,1642,3358,-930,0,0
22,-167,-93,1643,3348,-970,0,0
35,-242,-121,1563,3364,-837,0,0
83,-175,-107,1541,3479,-787,0,0
149,-12,-65,1575,3483,-818,0,0
175,92,-9,1627,3399,-830,0,0
135,62,31,1619,3345,-824,0,0
72,-10,36,1609,3326,-819,0,0
26,-49,8,1585,3367,-828,0,0
9,-17,-16,1591,3403,-839,0,0
-5,16,-17,1637,3444,-927,0,0
-11,-9,11,1588,3380,-952,0,0
4,1,65,1524,3309,-894,0,0
5,39,102,1555,3370,-952,0,0
-4,47,91,1572,3346,-975,0,0
-29,27,47,1545,3295,-947,0,0
-54,8,-2,1529,3283,-963,0,0
-59,17,-42,1542,3320,-941,0,0
-57,29,-65,1580,3416,-929,0,0
-57,48,-76,1596,3438,-950,0,0
-52,47,-63,1576,3355,-933,0,0
-40,32,-35,1514,3262,-854,0,0
-23,53,-19,1524,3312,-837,0,0
-8,107,-31,1562,3392,-827,0,0
-19,130,-55,1621,3447,-784,0,0
-68,88,-68,1668,3515,-817,0,0
-114,18,-69,1628,3492,-852,0,0
-118,-2,-40,1590,3449,-834,0,0
-93,17,-4,1563,3434,-813,0,0
-65,68,14,1572,3419,-854,0,0
-55,60,14,1609,3399,-881,0,0
-60,-10,1,1577,3410,-819,0,0
-45,-17,2,1565,3448,-816,0,0
-22,0,33,1554,3460,-810,0,0
1,16,60,1515,3469,-753,0,0
15,64,53,1534,3466,-741,0,0
3,61,-22,1610,3503,-789,0,0
1,40,-114,1573,3525,-797,0,0
33,106,-105,1560,3531,-762,0,0
34,115,-13,1560,3520,-774,0,0
-11,29,50,1503,3481,-772,0,0
-49,-33,27,1473,3433,-797,0,0
-31,7,-31,1541,3427,-789,0,0
-1,44,-61,1594,3432,-726,0,0
-19,30,-62,1577,3408,-709,0,0
-52,11,-33,1594,3425,-708,0,0
-90,-42,-15,1598,3462,-748,0,0
-98,-78,-12,1552,3476,-781,0,0
-75,-81,-20,1460,3517,-815,0,0
-36,-36,-15,1483,3460,-862,0,0
4,-45,28,1621,3442,-814,0,0
26,-129,53,1675,3548,-731,0,0
28,-146,49,1614,3601,-670,0,0
7,-119,68,1652,3495,-759,0,0
-24,-182,112,1571,3351,-758,0,0
-38,-219,142,1515,3434,-710,0,0
-14,-142,111,1497,3539,-783,0,0
14,-17,59,1579,3596,-791,0,0
-19,-6,19,1640,3572,-895,0,0
-50,-125,16,1577,3448,-975,0,0
10,-206,45,1429,3375,-887,0,0
146,-46,81,1341,3349,-782,0,0
247,191,87,1485,3367,-824,0,0
238,201,42,1575,3321,-886,0,0
156,41,-2,1583,3351,-850,0,0
76,-65,-24,1527,3441,-782,0,0
60,-25,-38,1505,3368,-790,0,0
47,27,-28,1518,3345,-767,0,0
-17,40,-35,1550,3297,-809,0,0
-106,-16,-66,1575,3292,-797,0,0
-185,-79,-112,1586,3399,-791,0,0
-233,-103,-137,1621,3489,-852,0,0
-258,-147,-108,1628,3532,-937,0,0
-248,-190,-27,1557,3461,-957,0,0
-187,-170,59,1496,3449,-923,0,0
-89,-123,87,1492,3396,-948,0,0
8,-38,57,1520,3403,-905,0,0
51,8,32,1583,3494,-738,0,0
83,31,2,1551,3468,-726,0,0
139,100,50,1522,3518,-830,0,0
141,158,96,1548,3471,-843,0,0
113,117,113,1476,3478,-796,0,0
223,274,130,1356,3446,-746,0,0
285,525,134,1512,3370,-627,0,0
208,367,110,1744,3487,-667,0,0
55,98,2,1687,3490,-698,0,0
-97,15,-98,1578,3361,-711,0,0
-153,58,-130,1607,3327,-857,0,0
-128,47,-110,1630,3330,-933,0,0
-128,-123,-93,1443,3421,-887,0,0
7,56,-99,1478,3483,-843,0,0
75,227,-112,1689,3487,-873,0,0
28,163,-127,1713,3452,-827,0,0
-90,1,-119,1665,3339,-755,0,0
-205,-167,-117,1566,3350,-731,0,0
-241,-223,-120,1584,3476,-773,0,0
-205,-233,-117,1650,3519,-876,0,0
-114,-294,-67,1552,3521,-844,0,0
13,-193,49,1434,3577,-714,0,0
125,51,168,1478,3534,-714,0,0
169,136,230,1489,3437,-719,0,0
154,125,229,1540,3440,-720,0,0
113,99,197,1519,3431,-715,0,0
64,76,133,1507,3430,-671,0,0
-4,40,76,1507,3450,-677,0,0
-67,-1,30,1499,3483,-708,0,0
-103,-14,-5,1494,3521,-721,0,0
-107,18,-31,1539,3503,-785,0,0
-100,13,-52,1584,3454,-839,0,0
-81,-35,-72,1572,3436,-850,0,0
-45,-40,-86,1573,3446,-768,0,0
-41,-39,-94,1597,3481,-763,0,0
-48,-64,-93,1611,3521,-765,0,0
-44,-77,-84,1607,3533,-755,0,0
-41,-89,-56,1567,3488,-777,0,0
-25,-69,-18,1550,3495,-775,0,0
-4,-21,4,1545,3492,-740,0,0
-10,-2,2,1570,3460,-785,0,0
-22,-63,-18,1535,3337,-818,0,0
-5,-92,-32,1485,3279,-740,0,0
18,-67,-31,1573,3390,-772,0,0
35,-68,-24,1637,3558,-813,0,0
52,-63,10,1625,3572,-787,0,0
62,-47,91,1570,3512,-777,0,0
69,-25,171,1568,3452,-762,0,0
66,-58,201,1509,3423,-736,0,0
69,-65,182,1530,3445,-742,0,0
62,-72,129,1530,3455,-775,0,0
60,-59,76,1531,3484,-778,0,0
54,-44,49,1506,3419,-770,0,0
31,-36,50,1516,3443,-770,0,0
3,-37,40,1539,3499,-809,0,0
-12,-29,6,1518,3478,-796,0,0
-27,-13,-21,1514,3411,-811,0,0
-39,-20,-37,1499,3357,-839,0,0
-41,-34,-49,1479,3284,-825,0,0
-37,-29,-51,1475,3257,-788,0,0
-65,-69,-53,1566,3203,-881,0,0
-134,-243,-41,1465,2987,-853,0,0
-189,-375,6,1540,3112,-873,0,0
-176,-475,0,1599,3508,-864,0,0
-59,-345,-78,1600,3931,-778,0,0
123,68,-122,1612,3983,-750,0,0
231,440,-27,1630,3755,-755,0,0
183,495,154,1641,3329,-805,0,0
3,177,286,1604,3119,-804,0,0
-166,-141,256,1553,3291,-777,0,0
-221,-194,93,1510,3380,-857,0,0
-187,-118,-69,1518,3395,-833,0,0
-149,-57,-144,1542,3431,-875,0,0
-104,-13,-113,1543,3549,-904,0,0
-40,76,-10,1583,3582,-911,0,0
6,77,85,1563,3575,-959,0,0
52,84,91,1440,3450,-880,0,0
63,137,45,1519,3294,-787,0,0
24,88,-20,1600,3310,-754,0,0
-30,-2,-106,1615,3417,-776,0,0
-66,-49,-173,1662,3463,-813,0,0
-68,-95,-173,1648,3520,-785,0,0
-26,-77,-104,1608,3544,-763,0,0
25,-11,8,1617,3508,-773,0,0
39,-7,97,1649,3463,-808,0,0
43,-68,117,1614,3453,-826,0,0
91,-58,114,1519,3408,-751,0,0
141,28,130,1539,3391,-748,0,0
148,71,143,1556,3424,-730,0,0
102,84,133,1594,3437,-727,0,0
25,32,100,1593,3448,-754,0,0
-37,-29,57,1536,3432,-771,0,0
-56,-26,15,1517,3415,-779,0,0
-52,18,-12,1531,3436,-787,0,0
-49,48,-28,1554,3448,-815,0,0
-45,67,-37,1556,3402,-857,0,0
-38,71,-43,1582,3399,-903,0,0
-31,70,-62,1593,3432,-865,0,0
-44,45,-89,1621,3401,-850,0,0
-67,-11,-112,1607,3411,-842,0,0
-60,-24,-124,1606,3428,-813,0,0
-37,-25,-119,1605,3410,-783,0,0
-20,-17,-98,1604,3422,-773,0,0
-10,2,-61,1644,3451,-783,0,0
-15,-7,-26,1649,3455,-771,0,0
-21,-27,7,1603,3410,-761,0,0
-18,-25,39,1609,3386,-780,0,0
-11,-33,56,1595,3454,-770,0,0
-7,-24,70,1596,3471,-783,0,0
-13,-33,90,1557,3452,-797,0,0
-2,-31,100,1539,3462,-783,0,0
25,-19,88,1510,3447,-776,0,0
36,5,70,1556,3499,-780,0,0
19,-19,49,1582,3533,-820,0,0
15,-35,32,1512,3469,-811,0,0
41,14,40,1499,3399,-802,0,0
53,37,42,1559,3408,-821,0,0
37,3,14,1586,3442,-856,0,0
23,-27,-19,1577,3466,-823,0,0
29,-14,-27,1588,3493,-842,0,0
43,-16,-10,1576,3437,-861,0,0
59,-21,5,1557,3417,-835,0,0
70,-12,4,1584,3469,-835,0,0
65,-20,-13,1594,3462,-854,0,0
56,-29,-20,1549,3377,-845,0,0
49,-38,-13,1560,3369,-861,0,0
57,-37,-20,1565,3432,-853,0,0
74,-4,-25,1587,3443,-870,0,0
76,10,-6,1557,3400,-849,0,0
66,19,21,1585,3406,-877,0,0
54,-17,13,1553,3365,-892,0,0
59,-5,-4,1533,3320,-853,0,0
55,32,-9,1607,3411,-888,0,0
33,27,-14,1618,3452,-895,0,0
5,25,-6,1592,3366,-892,0,0
-24,16,9,1594,3359,-909,0,0
-51,-8,1,1601,3382,-946,0,0
-62,-22,-14,1581,3394,-919,0,0
-62,2,-11,1616,3444,-972,0,0
-56,-19,1,1587,3372,-994,0,0
-30,-32,27,1533,3314,-948,0,0
7,-11,48,1517,3326,-929,0,0
32,28,48,1582,3426,-894,0,0
24,11,24,1602,3442,-902,0,0
14,-4,21,1560,3438,-847,0,0
8,14,38,1566,3414,-865,0,0
-8,3,43,1533,3380,-863,0,0
-28,6,27,1554,3387,-851,0,0
-60,-4,-10,1568,3395,-920,0,0
-75,-24,-35,1564,3363,-926,0,0
-60,-27,-32,1540,3358,-896,0,0
-32,6,-14,1577,3423,-890,0,0
-23,25,-2,1623,3480,-897,0,0
-27,14,-2,1575,3416,-860,0,0
-24,30,10,1563,3382,-843,0,0
-22,39,6,1570,3401,-865,0,0
-26,33,-9,1592,3426,-858,0,0
-31,24,-14,1602,3460,-842,0,0
-34,30,-5,1590,3427,-894,0,0
-31,13,12,1569,3387,-882,0,0
-6,12,17,1545,3371,-856,0,0
20,38,18,1572,3420,-843,0,0
14,39,16,1611,3451,-840,0,0
-10,3,10,1576,3421,-822,0,0
-22,2,8,1570,3432,-817,0,0
-33,-5,1,1572,3419,-838,0,0
-43,-15,-6,1549,3399,-816,0,0
-47,-5,-13,1573,3456,-802,0,0
-52,-4,-24,1552,3438,-823,0,0
-50,0,-24,1555,3428,-797,0,0
-40,1,-30,1565,3470,-818,0,0
-11,35,-40,1578,3501,-811,0,0
9,56,-29,1578,3432,-798,0,0
0,44,-6,1551,3393,-793,0,0
-25,27,-5,1564,3384,-773,0,0
-54,2,-30,1540,3385,-767,0,0
-64,27,-39,1554,3423,-759,0,0
-52,78,-33,1604,3516,-806,0,0
-11,120,-14,1570,3446,-860,0,0
51,139,1,1520,3432,-818,0,0
99,161,-29,1591,3423,-784,0,0
118,200,-50,1640,3375,-708,0,0
85,210,-34,1707,3397,-717,0,0
7,120,6,1746,3496,-733,0,0
-90,-44,45,1646,3520,-762,0,0
-142,-167,67,1469,3522,-845,0,0
-100,-159,67,1366,3542,-872,0,0
-13,-39,52,1428,3508,-809,0,0
22,29,46,1592,3453,-754,0,0
7,-9,20,1650,3422,-728,0,0
-21,-72,-16,1643,3375,-743,0,0
-37,-102,-30,1628,3431,-715,0,0
-33,-82,-17,1640,3462,-752,0,0
-16,-77,18,1599,3471,-751,0,0
4,-51,50,1572,3490,-755,0,0
15,-39,63,1558,3443,-771,0,0
22,-33,60,1538,3473,-745,0,0
26,-10,39,1569,3469,-784,0,0
26,-13,23,1542,3432,-768,0,0
28,-14,16,1548,3429,-785,0,0
34,-9,7,1560,3457,-773,0,0
28,5,3,1609,3474,-798,0,0
11,-22,1,1583,3441,-807,0,0
3,-28,11,1587,3428,-812,0,0
-3,-50,19,1550,3380,-826,0,0
3,-46,23,1560,3419,-805,0,0
7,-41,7,1583,3461,-816,0,0
2,-42,-13,1564,3432,-816,0,0
-4,-55,-10,1578,3435,-812,0,0
5,-66,-13,1540,3430,-800,0,0
12,-49,-15,1551,3397,-802,0,0
-8,-62,-17,1588,3452,-808,0,0
-29,-88,-32,1563,3457,-812,0,0
-19,-61,-31,1552,3429,-805,0,0
-13,-40,-17,1568,3411,-833,0,0
-21,-49,-10,1550,3429,-826,0,0
-27,-47,-9,1549,3414,-809,0,0
-39,-55,-9,1552,3433,-850,0,0
-25,-47,-8,1551,3450,-859,0,0
16,-18,2,1531,3408,-825,0,0
44,17,23,1553,3430,-827,0,0
34,13,39,1563,3445,-827,0,0
10,0,39,1563,3450,-811,0,0
-16,-22,29,1558,3446,-849,0,0
-35,-39,16,1545,3422,-870,0,0
-40,-57,10,1549,3431,-902,0,0
-25,-60,17,1528,3470,-875,0,0
-7,-31,28,1551,3484,-932,0,0
15,-39,28,1519,3452,-920,0,0
50,-27,25,1500,3405,-864,0,0
64,-7,17,1521,3438,-879,0,0
56,-4,-1,1552,3445,-866,0,0
41,-16,-15,1540,3432,-840,0,0
40,-3,-10,1524,3381,-848,0,0
34,9,-7,1547,3364,-863,0,0
19,-1,-14,1545,3368,-857,0,0
20,21,-15,1540,3392,-795,0,0
6,46,-6,1602,3444,-873,0,0
-8,27,9,1552,3406,-862,0,0
1,31,39,1528,3357,-829,0,0
-1,39,54,1536,3440,-866,0,0
-25,44,34,1581,3443,-888,0,0
-61,-2,2,1537,3384,-890,0,0
-74,-17,-5,1537,3384,-914,0,0
-69,-22,-6,1565,3428,-943,0,0
-56,-24,-12,1558,3434,-932,0,0
-35,-15,-10,1565,3464,-893,0,0
-24,-4,-7,1592,3485,-962,0,0
-15,-27,-2,1550,3391,-941,0,0
12,-31,11,1531,3371,-881,0,0
39,-2,13,1554,3423,-874,0,0
37,12,13,1584,3440,-852,0,0
19,3,18,1571,3463,-807,0,0
-2,-5,29,1550,3412,-826,0,0
-27,-20,33,1521,3392,-820,0,0
-37,-15,28,1531,3388,-829,0,0
-40,-17,16,1521,3408,-813,0,0
-42,7,3,1573,3485,-850,0,0
-46,-9,-4,1568,3488,-881,0,0
-18,-3,11,1522,3443,-825,0,0
14,37,33,1525,3471,-840,0,0
16,50,38,1545,3463,-845,0,0
-2,32,15,1503,3430,-816,0,0
-8,46,-12,1499,3389,-810,0,0
-19,46,-41,1517,3402,-811,0,0
-33,46,-68,1526,3427,-810,0,0
-34,62,-75,1523,3417,-791,0,0
-35,74,-70,1565,3442,-810,0,0
-44,48,-70,1547,3447,-813,0,0
-31,60,-70,1521,3423,-803,0,0
27,138,-49,1396,3359,-832,0,0
130,325,-8,1482,3420,-777,0,0
158,365,-30,1587,3446,-805,0,0
100,272,-91,1618,3382,-795,0,0
-9,95,-126,1647,3340,-754,0,0
-97,-59,-122,1614,3453,-737,0,0
-104,-71,-89,1613,3478,-754,0,0
-70,-21,-39,1588,3470,-704,0,0
-39,48,27,1616,3483,-721,0,0
-29,43,76,1604,3490,-728,0,0
-26,36,94,1605,3520,-709,0,0
-20,43,101,1565,3536,-729,0,0
-8,66,133,1551,3475,-728,0,0
-15,39,157,1530,3485,-750,0,0
-12,17,148,1467,3505,-767,0,0
16,43,102,1429,3489,-800,0,0
50,44,31,1318,3550,-866,0,0
103,96,-36,1347,3570,-864,0,0
133,153,-53,1509,3498,-790,0,0
125,110,-31,1604,3480,-723,0,0
110,51,-23,1603,3477,-688,0,0
100,55,-26,1565,3435,-656,0,0
78,96,-18,1606,3420,-688,0,0
44,94,-20,1614,3392,-746,0,0
27,92,-28,1645,3367,-807,0,0
18,71,-35,1705,3413,-840,0,0
1,18,-34,1716,3417,-823,0,0
-10,-24,-18,1682,3438,-767,0,0
-23,-37,6,1628,3402,-765,0,0
-58,-76,21,1605,3425,-704,0,0
-88,-90,6,1554,3397,-692,0,0
-96,-79,-12,1559,3401,-672,0,0
-100,-67,-19,1570,3477,-671,0,0
-92,-37,-27,1545,3496,-680,0,0
-82,-5,-31,1533,3535,-693,0,0
-91,-1,-36,1503,3551,-717,0,0
-102,-6,-28,1486,3524,-752,0,0
-113,-36,-15,1454,3495,-754,0,0
-114,-28,1,1490,3453,-732,0,0
-117,-36,20,1549,3435,-714,0,0
-117,-90,3,1553,3559,-744,0,0
-91,-76,-28,1518,3554,-715,0,0
-72,-38,-6,1572,3500,-695,0,0
-80,-93,31,1539,3508,-730,0,0
-61,-120,40,1501,3493,-732,0,0
-20,-93,39,1495,3440,-694,0,0
18,-55,38,1525,3454,-668,0,0
34,-56,25,1555,3501,-670,0,0
39,-65,10,1554,3506,-661,0,0
37,-69,13,1581,3515,-695,0,0
41,-92,11,1597,3560,-721,0,0
61,-104,7,1598,3572,-768,0,0
106,-77,28,1529,3480,-769,0,0
164,-16,83,1502,3393,-749,0,0
201,15,119,1506,3376,-723,0,0
197,14,99,1533,3404,-714,0,0
163,-1,40,1560,3403,-726,0,0
126,-10,-4,1566,3409,-717,0,0
103,0,-3,1546,3392,-715,0,0
77,34,30,1564,3426,-723,0,0
34,59,42,1595,3487,-748,0,0
-8,52,21,1535,3363,-758,0,0
-28,50,14,1467,3213,-722,0,0
-39,72,11,1509,3300,-733,0,0
-50,102,-28,1550,3347,-710,0,0
-89,100,-63,1643,3475,-735,0,0
-130,66,-74,1650,3503,-756,0,0
-144,48,-52,1625,3460,-756,0,0
-134,36,-14,1558,3412,-784,0,0
-104,73,9,1571,3401,-751,0,0
-94,72,-7,1582,3443,-787,0,0
-79,53,-35,1596,3485,-783,0,0
-53,50,-47,1606,3474,-796,0,0
-13,62,-30,1621,3530,-856,0,0
17,48,6,1628,3483,-864,0,0
15,-19,22,1545,3466,-785,0,0
19,-28,20,1574,3461,-730,0,0
15,-52,12,1611,3501,-701,0,0
15,-58,13,1600,3487,-694,0,0
17,-55,27,1595,3468,-679,0,0
12,-55,34,1569,3437,-695,0,0
16,-32,43,1567,3436,-666,0,0
19,-28,43,1580,3462,-670,0,0
10,-39,35,1558,3445,-677,0,0
-5,-30,34,1581,3484,-662,0,0
-30,-52,29,1569,3473,-711,0,0
-36,-55,23,1523,3458,-706,0,0
-24,-23,17,1552,3466,-746,0,0
-15,-13,9,1547,3457,-759,0,0
-7,2,6,1564,3440,-746,0,0
-12,-9,-1,1584,3445,-741,0,0
-22,-20,-15,1584,3438,-737,0,0
-18,-23,-22,1604,3455,-734,0,0
-3,-26,-21,1598,3448,-731,0,0
11,-15,-7,1594,3459,-694,0,0
4,-14,13,1603,3429,-712,0,0
-11,-29,18,1594,3449,-707,0,0
-12,-22,11,1601,3458,-720,0,0
-9,-21,14,1586,3442,-725,0,0
-7,-15,25,1573,3464,-709,0,0
-8,-12,30,1567,3453,-718,0,0
-15,-20,25,1562,3471,-745,0,0
-3,-9,15,1563,3492,-739,0,0
23,3,11,1573,3450,-753,0,0
43,7,16,1583,3466,-754,0,0
60,14,20,1607,3503,-752,0,0
70,12,18,1591,3486,-755,0,0
76,31,19,1602,3492,-766,0,0
66,23,15,1597,3437,-775,0,0
47,0,13,1572,3399,-782,0,0
26,-26,2,1592,3425,-797,0,0
2,-51,-28,1610,3471,-799,0,0
-15,-59,-54,1602,3427,-823,0,0
-12,-71,-53,1589,3420,-825,0,0
8,-60,-37,1575,3411,-833,0,0
24,-31,-18,1598,3435,-834,0,0
20,-31,-17,1610,3433,-834,0,0
3,-56,-21,1597,3401,-844,0,0
-11,-80,-16,1589,3370,-861,0,0
-8,-94,-13,1592,3419,-874,0,0
22,-71,-7,1602,3446,-873,0,0
54,-43,20,1589,3423,-860,0,0
66,-22,52,1592,3431,-886,0,0
72,-40,68,1556,3389,-883,0,0
95,-37,74,1528,3387,-830,0,0
110,1,72,1555,3451,-849,0,0
96,15,72,1563,3446,-852,0,0
67,1,74,1533,3407,-837,0,0
44,-4,72,1510,3375,-863,0,0
27,0,52,1517,3371,-875,0,0
8,-7,12,1546,3421,-895,0,0
-2,-7,-21,1552,3451,-890,0,0
-13,15,-29,1575,3443,-921,0,0
-28,9,-25,1577,3370,-963,0,0
-31,-29,-20,1527,3302,-924,0,0
-22,-25,-24,1551,3355,-955,0,0
-7,12,-36,1586,3431,-948,0,0
1,30,-33,1588,3382,-940,0,0
10,31,-13,1536,3303,-909,0,0
15,41,16,1567,3323,-870,0,0
-5,24,-3,1590,3408,-887,0,0
-24,21,-22,1581,3400,-867,0,0
-45,29,-2,1578,3406,-860,0,0
-76,23,16,1594,3379,-961,0,0
-95,-32,10,1553,3345,-932,0,0
-78,-31,-3,1569,3402,-912,0,0
-60,-17,-9,1605,3459,-924,0,0
-64,-25,2,1616,3438,-894,0,0
-68,-43,23,1573,3417,-880,0,0
-56,-29,32,1569,3406,-870,0,0
-54,-30,23,1564,3423,-856,0,0
-54,-24,10,1557,3391,-835,0,0
-57,-28,6,1575,3407,-818,0,0
-57,-17,2,1583,3477,-834,0,0
-47,4,4,1581,3416,-831,0,0
-37,-8,16,1552,3370,-814,0,0
-17,10,24,1540,3369,-802,0,0
2,40,27,1573,3388,-795,0,0
15,66,26,1524,3398,-750,0,0
21,128,25,1585,3432,-743,0,0
-19,106,-7,1651,3469,-763,0,0
-84,15,-35,1633,3442,-767,0,0
-115,-28,-23,1592,3429,-733,0,0
-110,-6,5,1610,3476,-747,0,0
-90,29,20,1565,3419,-741,0,0
-71,56,37,1576,3392,-717,0,0
-51,66,40,1575,3439,-722,0,0
-29,82,35,1597,3497,-742,0,0
10,103,22,1523,3519,-793,0,0
71,172,3,1494,3507,-754,0,0
96,254,-5,1534,3514,-558,0,0
44,290,16,1639,3526,-433,0,0
-36,232,12,1631,3551,-307,0,0
-155,194,1,1603,3479,-193,0,0
-287,133,-12,1442,3479,-403,0,0
-220,506,-57,1328,3575,-544,0,0
-54,1042,-130,1716,3538,-559,0,0
-152,792,-187,1756,3409,-381,0,0
-244,638,-219,1785,3443,-251,0,0
-213,599,-246,1655,3482,-224,0,0
-184,828,-296,1201,3447,101,0,0
-206,1137,-439,1222,3481,142,0,0
-249,1041,-586,1418,3536,158,0,0
-264,1000,-629,1338,3603,298,0,0
-223,1067,-590,1378,3693,416,0,0
-183,1075,-500,1482,3754,542,0,0
-168,720,-379,1678,3821,203,0,0
-98,65,-291,1208,3832,194,0,0
26,264,-207,1036,3817,460,0,0
100,385,-105,1350,3888,303,0,0
147,9,-48,1256,3990,361,0,0
231,0,-27,1039,3982,208,0,0
326,82,-34,897,3873,211,0,0
345,249,24,1096,3647,289,0,0
291,189,160,1155,3593,39,0,0
260,-59,210,971,3618,23,0,0
267,-20,245,1089,3615,-26,0,0
265,-38,308,1131,3608,-66,0,0
226,-202,387,1143,3596,-50,0,0
147,-366,445,1123,3667,21,0,0
76,-448,471,1029,3693,-15,0,0
80,-424,444,929,3694,-91,0,0
117,-366,377,965,3647,-94,0,0
136,-308,300,1118,3659,-57,0,0
121,-315,228,1232,3735,16,0,0
60,-347,179,1169,3725,79,0,0
22,-212,161,1210,3862,9,0,0
17,-81,117,1366,3811,-61,0,0
16,-79,97,1350,3634,52,0,0
-50,-194,76,1252,3397,-92,0,0
-101,-286,61,1176,3075,-81,0,0
-178,-408,66,1257,3204,42,0,0
-288,-778,14,1391,3750,-71,0,0
-287,-596,0,1727,4126,-247,0,0
-205,-266,-28,1660,3860,-430,0,0
-122,-79,53,1509,3100,-364,0,0
-155,-263,162,1376,3132,-255,0,0
-195,-449,97,1418,3487,-264,0,0
-124,-298,-53,1631,3622,-228,0,0
-36,-261,-147,1651,3537,-175,0,0
8,-264,-93,1584,3542,-53,0,0
-13,-206,37,1549,3615,-72,0,0
-42,-167,149,1508,3631,-148,0,0
-80,-277,178,1427,3665,-341,0,0
-87,-418,104,1283,3695,-486,0,0
10,-166,20,1361,3612,-479,0,0
91,48,8,1639,3530,-450,0,0
92,-85,10,1759,3494,-423,0,0
73,-285,14,1725,3431,-393,0,0
89,-354,39,1609,3488,-277,0,0
132,-185,73,1556,3499,-258,0,0
161,72,103,1592,3463,-321,0,0
150,186,118,1662,3406,-361,0,0
88,113,108,1667,3404,-356,0,0
12,15,82,1645,3401,-421,0,0
-25,-34,49,1660,3451,-548,0,0
9,-14,22,1593,3469,-661,0,0
90,103,22,1669,3449,-651,0,0
79,67,27,1709,3426,-516,0,0
35,-17,38,1681,3420,-456,0,0
48,29,48,1671,3462,-454,0,0
74,158,34,1744,3544,-435,0,0
65,164,0,1877,3702,-537,0,0
-3,-120,-51,1686,3709,-519,0,0
-49,-285,-80,1475,3679,-452,0,0
-77,-257,-51,1354,3499,-485,0,0
-70,-157,12,1247,3264,-429,0,0
-47,-78,48,1253,3172,-304,0,0
-20,45,50,1396,3143,-194,0,0
-25,100,18,1522,3265,-228,0,0
-45,83,-79,1536,3609,-329,0,0
8,233,-170,1797,3982,-516,0,0
65,303,-209,1852,4101,-597,0,0
79,301,-102,1765,3594,-625,0,0
-6,52,58,1498,3171,-579,0,0
-70,-123,163,1384,3143,-496,0,0
-67,-87,166,1453,3455,-291,0,0
-64,45,12,1628,3824,-290,0,0
14,231,-155,1750,3843,-351,0,0
68,247,-200,1623,3655,-489,0,0
22,111,-89,1421,3153,-621,0,0
-55,-117,72,1304,3153,-578,0,0
-72,-244,120,1575,3843,-417,0,0
-30,-212,25,1823,4230,-374,0,0
60,-85,-38,1688,3650,-355,0,0
67,-26,62,1347,2890,-410,0,0
7,-76,213,1151,2575,-342,0,0
-53,-198,165,1280,3090,-237,0,0
-68,-230,-18,1646,3752,-155,0,0
-52,-91,-184,2008,4526,-196,0,0
-67,1,-288,1976,4207,-552,0,0
-94,-45,-122,1426,3040,-580,0,0
-140,-154,157,1127,2625,-630,0,0
-145,-363,228,1088,3118,-536,0,0
-71,-248,105,1590,3912,-285,0,0
15,-22,-72,1811,4145,-315,0,0
88,182,-122,1706,3729,-418,0,0
74,257,15,1470,3052,-440,0,0
-2,141,193,1494,3183,-607,0,0
-23,-33,140,1435,3569,-756,0,0
64,104,-16,1662,3617,-582,0,0
110,166,-103,1747,3520,-547,0,0
110,119,-58,1669,3346,-532,0,0
107,108,48,1686,3441,-449,0,0
80,38,89,1651,3533,-464,0,0
67,58,81,1625,3529,-456,0,0
52,75,60,1660,3499,-512,0,0
13,-15,44,1571,3387,-535,0,0
0,-44,38,1575,3491,-529,0,0
25,-7,20,1574,3461,-553,0,0
54,48,19,1616,3459,-475,0,0
52,72,16,1663,3508,-452,0,0
20,78,19,1667,3470,-418,0,0
3,81,19,1683,3475,-476,0,0
8,68,14,1675,3437,-547,0,0
5,41,6,1689,3490,-547,0,0
-10,-25,-9,1620,3461,-548,0,0
-25,-50,-12,1620,3476,-487,0,0
-32,-51,-22,1620,3492,-455,0,0
-23,-15,-13,1625,3445,-436,0,0
-18,-1,-6,1631,3436,-433,0,0
-20,9,-11,1631,3440,-428,0,0
-33,11,-14,1659,3445,-463,0,0
-48,-13,-5,1650,3455,-522,0,0
-37,-23,7,1624,3490,-534,0,0
-23,-19,8,1647,3494,-510,0,0
-18,-37,12,1641,3510,-492,0,0
-25,-53,9,1617,3488,-462,0,0
-31,-51,16,1635,3483,-481,0,0
-31,-66,20,1604,3482,-481,0,0
-29,-65,17,1610,3514,-483,0,0
-17,-54,25,1640,3540,-509,0,0
-1,-51,40,1625,3526,-504,0,0
15,-21,57,1644,3513,-515,0,0
22,-21,67,1681,3509,-548,0,0
36,-56,69,1682,3468,-559,0,0
58,-74,71,1675,3479,-548,0,0
80,-62,67,1692,3493,-559,0,0
95,-50,58,1686,3434,-574,0,0
98,-58,57,1675,3392,-588,0,0
98,-64,55,1684,3392,-591,0,0
98,-55,47,1675,3384,-597,0,0
83,-50,36,1699,3326,-616,0,0
34,-116,17,1723,3324,-622,0,0
-23,-204,-11,1748,3453,-642,0,0
-48,-250,-35,1753,3448,-698,0,0
-36,-282,-20,1667,3354,-661,0,0
-7,-210,26,1616,3340,-626,0,0
15,-75,47,1674,3387,-658,0,0
12,-42,32,1701,3386,-641,0,0
-6,-63,17,1692,3382,-636,0,0
-18,-63,14,1704,3419,-650,0,0
-17,-36,19,1686,3406,-666,0,0
-17,4,30,1707,3388,-678,0,0
-34,-12,32,1727,3447,-707,0,0
-44,-31,21,1712,3431,-741,0,0
-35,-46,26,1691,3340,-765,0,0
-8,-58,48,1651,3336,-732,0,0
27,-23,57,1670,3406,-744,0,0
56,15,46,1701,3451,-745,0,0
70,25,42,1656,3349,-735,0,0
75,41,68,1628,3282,-675,0,0
73,61,67,1644,3302,-654,0,0
53,56,16,1678,3361,-650,0,0
19,43,-43,1693,3383,-646,0,0
-18,25,-60,1658,3311,-620,0,0
-61,29,-39,1702,3340,-662,0,0
-94,2,-37,1728,3346,-706,0,0
-127,-76,-45,1743,3340,-703,0,0
-148,-131,-48,1705,3457,-711,0,0
-109,-37,-36,1696,3449,-714,0,0
-61,52,-8,1700,3364,-692,0,0
-37,76,29,1705,3378,-679,0,0
-24,86,32,1714,3410,-693,0,0
-19,83,15,1729,3430,-659,0,0
-26,61,4,1707,3428,-655,0,0
-25,66,18,1683,3412,-623,0,0
-34,76,23,1716,3443,-672,0,0
-34,47,14,1661,3378,-649,0,0
-10,57,12,1666,3418,-603,0,0
9,60,-2,1681,3461,-628,0,0
11,64,-12,1691,3434,-604,0,0
-2,59,-15,1689,3413,-582,0,0
-22,34,-22,1691,3401,-595,0,0
-40,15,-35,1696,3404,-574,0,0
-56,5,-48,1722,3439,-575,0,0
-76,-30,-50,1715,3404,-594,0,0
-78,-39,-32,1630,3364,-540,0,0
-64,20,-10,1600,3340,-517,0,0
-52,83,-38,1712,3512,-523,0,0
-51,52,-129,1809,3611,-582,0,0
-44,2,-148,1703,3484,-559,0,0
-31,47,-25,1706,3430,-564,0,0
-42,2,85,1698,3512,-617,0,0
-25,-32,75,1592,3490,-593,0,0
27,24,26,1591,3404,-552,0,0
63,59,17,1644,3429,-516,0,0
67,70,35,1679,3452,-497,0,0
41,38,33,1689,3467,-485,0,0
3,-8,10,1672,3442,-507,0,0
-23,-36,-2,1657,3427,-508,0,0
-19,-35,-1,1663,3446,-511,0,0
-8,-25,5,1660,3443,-521,0,0
-3,-10,18,1689,3481,-523,0,0
-11,-21,20,1691,3457,-543,0,0
-18,-31,23,1687,3436,-555,0,0
-13,-42,22,1695,3465,-587,0,0
3,-46,23,1689,3479,-592,0,0
28,-28,38,1702,3489,-580,0,0
44,-23,47,1680,3540,-583,0,0
55,15,41,1704,3505,-605,0,0
56,10,36,1693,3419,-601,0,0
65,-9,31,1658,3393,-593,0,0
84,3,22,1680,3421,-592,0,0
88,3,11,1727,3459,-613,0,0
87,-16,3,1707,3427,-595,0,0
90,-9,10,1709,3401,-593,0,0
82,-9,11,1703,3367,-616,0,0
70,-3,8,1701,3332,-591,0,0
46,-14,9,1719,3349,-614,0,0
18,-39,6,1730,3367,-617,0,0
-9,-53,-5,1743,3378,-656,0,0
-15,-74,0,1732,3355,-668,0,0
6,-64,29,1704,3341,-653,0,0
28,-21,65,1708,3379,-671,0,0
30,-1,87,1746,3413,-682,0,0
9,-33,86,1688,3350,-669,0,0
9,-30,87,1676,3350,-682,0,0
25,-26,70,1676,3356,-683,0,0
42,9,49,1655,3348,-629,0,0
43,34,38,1711,3377,-655,0,0
17,-9,14,1727,3387,-2728,0,0
-2,-22,6,1691,3324,-649,0,0
-1,-14,21,1705,3388,-653,0,0
16,10,17,1671,3401,-622,0,0
24,73,3,1689,3370,-603,0,0
-6,74,-17,1744,3361,-630,0,0
-59,-13,-42,1728,3306,-646,0,0
-101,-75,-52,1740,3379,-667,0,0
-101,-68,-69,1729,3445,-698,0,0
-56,12,-72,1729,3420,-652,0,0
-32,56,-49,1740,3396,-674,0,0
-38,55,-27,1725,3379,-657,0,0
-49,55,-26,1730,3362,-659,0,0
-52,35,-36,1715,3377,-630,0,0
-50,17,-39,1756,3396,-660,0,0
-60,-14,-31,1739,3425,-663,0,0
-60,-9,-5,1733,3460,-632,0,0
-50,9,15,1720,3453,-649,0,0
-44,14,23,1690,3421,-621,0,0
-43,20,13,1691,3435,-602,0,0
-47,3,-7,1671,3397,-615,0,0
-45,5,-16,1671,3416,-577,0,0
-45,-2,-24,1701,3470,-594,0,0
-49,-13,-31,1677,3438,-587,0,0
-43,-12,-26,1693,3439,-582,0,0
-30,-27,-26,1670,3426,-581,0,0
-16,1,-22,1688,3464,-556,0,0
-27,-7,-24,1705,3444,-585,0,0
-37,-27,-20,1663,3418,-570,0,0
-27,-10,-5,1671,3423,-566,0,0
-19,-7,-2,1668,3439,-578,0,0
-11,0,-5,1678,3448,-561,0,0
-8,-2,1,1671,3446,-562,0,0
-7,3,14,1684,3456,-569,0,0
-13,-6,17,1679,3429,-572,0,0
-14,-21,13,1688,3454,-574,0,0
-2,-23,7,1680,3445,-590,0,0
19,-1,25,1694,3453,-568,0,0
27,3,43,1699,3468,-577,0,0
22,-8,43,1691,3470,-583,0,0
12,-19,33,1679,3445,-585,0,0
7,-26,33,1654,3407,-596,0,0
8,-33,30,1657,3420,-594,0,0
15,-28,7,1660,3446,-577,0,0
9,-19,-14,1694,3464,-599,0,0
-1,-36,-18,1683,3441,-608,0,0
12,-37,-1,1663,3419,-592,0,0
30,-14,12,1683,3463,-583,0,0
17,-24,5,1703,3451,-621,0,0
2,-52,-6,1659,3406,-588,0,0
4,-43,-2,1677,3423,-598,0,0
9,-43,2,1668,3408,-622,0,0
17,-31,5,1684,3416,-599,0,0
21,-29,13,1676,3421,-602,0,0
28,-8,26,1658,3438,-566,0,0
15,9,24,1686,3399,-609,0,0
-7,-28,19,1675,3372,-599,0,0
-12,-60,28,1669,3367,-601,0,0
-3,-70,39,1652,3419,-606,0,0
13,-32,51,1688,3481,-592,0,0
11,-23,58,1656,3450,-598,0,0
-2,-17,60,1668,3432,-629,0,0
-15,-36,39,1662,3411,-643,0,0
-12,-44,9,1684,3433,-673,0,0
-3,-47,-10,1706,3441,-694,0,0
2,-50,-9,1726,3444,-710,0,0
1,-76,-1,1731,3441,-753,0,0
21,-90,11,1654,3405,-693,0,0
58,-28,26,1626,3339,-665,0,0
72,34,17,1683,3392,-654,0,0
49,13,-24,1721,3409,-669,0,0
27,-10,-47,1677,3369,-628,0,0
20,26,-25,1702,3331,-650,0,0
1,18,-2,1700,3342,-652,0,0
-16,15,6,1685,3326,-642,0,0
-22,24,13,1677,3347,-629,0,0
-24,50,20,1701,3370,-631,0,0
-38,37,23,1705,3375,-657,0,0
-40,24,32,1667,3371,-641,0,0
-25,42,45,1676,3394,-665,0,0
-16,49,46,1701,3464,-673,0,0
-12,35,36,1699,3445,-676,0,0
-20,-14,38,1679,3388,-717,0,0
-22,-47,34,1634,3411,-687,0,0
-4,-18,11,1646,3401,-674,0,0
0,-16,-27,1650,3395,-676,0,0
-2,-14,-55,1670,3417,-625,0,0
-17,-17,-77,1694,3453,-655,0,0
-16,-8,-78,1684,3379,-648,0,0
-8,-14,-41,1694,3395,-620,0,0
6,2,-11,1678,3424,-616,0,0
6,22,5,1701,3414,-635,0,0
10,35,8,1640,3429,-630,0,0
43,128,21,1645,3408,-627,0,0
39,145,25,1727,3402,-664,0,0
-10,37,-4,1700,3429,-645,0,0
-33,-6,-33,1633,3388,-614,0,0
-14,47,-39,1650,3412,-608,0,0
8,100,-40,1671,3452,-610,0,0
10,121,-37,1674,3407,-603,0,0
12,123,-26,1654,3411,-567,0,0
19,143,-19,1689,3473,-580,0,0
22,158,-19,1695,3484,-561,0,0
8,161,0,1704,3457,-568,0,0
-14,135,20,1692,3451,-571,0,0
-27,116,16,1675,3447,-590,0,0
-27,118,-4,1668,3421,-592,0,0
-35,106,-24,1688,3405,-596,0,0
-52,74,-38,1713,3445,-608,0,0
-63,45,-50,1739,3474,-643,0,0
-49,37,-42,1729,3417,-676,0,0
-21,28,-29,1737,3414,-655,0,0
-15,-8,-23,1712,3380,-585,0,0
-28,-48,-33,1723,3394,-541,0,0
-51,-102,-46,1718,3410,-537,0,0
-54,-118,-48,1712,3436,-516,0,0
-44,-107,-39,1724,3468,-524,0,0
-32,-88,-16,1701,3443,-512,0,0
-27,-80,22,1735,3501,-525,0,0
-14,-99,46,1696,3550,-547,0,0
28,-39,82,1649,3520,-535,0,0
60,19,137,1639,3467,-567,0,0
77,12,174,1605,3465,-566,0,0
90,11,171,1608,3475,-584,0,0
97,8,140,1616,3495,-584,0,0
93,-6,95,1632,3474,-612,0,0
84,-32,51,1608,3430,-616,0,0
75,-20,18,1619,3388,-621,0,0
51,-30,-15,1678,3412,-646,0,0
25,-64,-63,1715,3446,-668,0,0
18,-94,-101,1704,3405,-672,0,0
30,-70,-95,1712,3440,-669,0,0
45,-27,-71,1715,3383,-705,0,0
59,-12,-37,1708,3316,-674,0,0
66,-19,-19,1721,3351,-676,0,0
71,-13,-27,1742,3403,-685,0,0
73,0,-23,1741,3368,-674,0,0
70,11,15,1729,3364,-666,0,0
65,20,58,1709,3357,-684,0,0
59,35,83,1716,3370,-658,0,0
41,13,87,1713,3401,-707,0,0
34,15,85,1666,3376,-688,0,0
36,40,84,1688,3418,-691,0,0
29,45,67,1666,3379,-728,0,0
23,41,50,1665,3311,-734,0,0
31,19,33,1641,3334,-708,0,0
47,52,18,1641,3376,-686,0,0
40,84,11,1703,3404,-696,0,0
4,44,2,1696,3398,-696,0,0
-22,25,-11,1676,3365,-704,0,0
-29,34,-38,1700,3308,-709,0,0
-42,21,-62,1743,3334,-711,0,0
-64,-6,-74,1769,3330,-723,0,0
-75,-18,-63,1723,3387,-677,0,0
-82,22,-32,1734,3408,-676,0,0
-106,11,-18,1735,3300,-700,0,0
-111,-30,-36,1725,3316,-658,0,0
-80,-20,-54,1731,3384,-653,0,0
-44,40,-33,1758,3454,-657,0,0
-34,76,21,1767,3454,-637,0,0
-49,61,79,1719,3410,-633,0,0
-66,38,101,1701,3423,-644,0,0
-70,19,68,1656,3405,-647,0,0
-53,32,28,1640,3391,-629,0,0
-33,56,2,1659,3417,-636,0,0
-25,70,-12,1700,3445,-616,0,0
-32,62,-27,1737,3470,-639,0,0
-34,36,-32,1736,3408,-639,0,0
-27,6,-27,1717,3374,-613,0,0
-19,-6,-35,1732,3443,-577,0,0
-11,-9,-46,1728,3437,-559,0,0
-3,5,-37,1732,3438,-552,0,0
-5,4,-17,1727,3429,-552,0,0
-10,5,-2,1714,3400,-538,0,0
-24,0,2,1716,3369,-553,0,0
-42,-25,-8,1735,3397,-573,0,0
-42,-31,-16,1752,3429,-597,0,0
-32,-22,-3,1767,3416,-619,0,0
-31,-38,22,1725,3394,-613,0,0
-27,-59,27,1688,3424,-592,0,0
-17,-55,13,1689,3438,-557,0,0
-12,-43,15,1700,3437,-535,0,0
-9,-36,27,1699,3446,-545,0,0
0,-19,37,1668,3422,-533,0,0
10,4,39,1687,3420,-526,0,0
9,10,30,1703,3431,-540,0,0
4,6,18,1717,3450,-559,0,0
10,13,14,1716,3450,-576,0,0
24,26,30,1717,3429,-572,0,0
32,32,46,1738,3447,-593,0,0
31,17,48,1737,3438,-606,0,0
36,5,45,1740,3432,-607,0,0
45,-4,40,1736,3447,-617,0,0
47,-10,37,1738,3421,-632,0,0
49,-18,33,1735,3397,-631,0,0
52,-29,26,1731,3390,-637,0,0
55,-37,12,1738,3398,-642,0,0
55,-40,-3,1750,3371,-635,0,0
47,-48,-9,1741,3341,-627,0,0
33,-55,-10,1752,3341,-645,0,0
24,-46,-9,1765,3369,-615,0,0
1,-59,-5,1773,3309,-650,0,0
-18,-94,-2,1754,3310,-640,0,0
-4,-81,-4,1766,3345,-644,0,0
17,-49,4,1777,3412,-652,0,0
23,-25,35,1780,3419,-659,0,0
17,-27,77,1742,3382,-657,0,0
8,-37,102,1714,3368,-666,0,0
10,-50,93,1677,3367,-664,0,0
33,-16,60,1693,3389,-640,0,0
36,-4,30,1713,3387,-658,0,0
18,-5,12,1695,3391,-626,0,0
-9,6,-11,1712,3353,-685,0,0
-23,-5,-27,1706,3285,-685,0,0
-8,9,-23,1693,3272,-642,0,0
0,34,-27,1731,3340,-658,0,0
-12,43,-36,1747,3337,-634,0,0
-29,48,-29,1715,3290,-579,0,0
-54,51,-20,1746,3351,-602,0,0
-78,46,-39,1724,3314,-591,0,0
-92,68,-46,1757,3376,-578,0,0
-98,83,-42,1764,3388,-589,0,0
-108,97,-24,1780,3403,-601,0,0
-120,90,2,1779,3415,-628,0,0
-120,84,47,1727,3363,-639,0,0
-104,87,88,1743,3494,-632,0,0
-93,60,61,1739,3512,-691,0,0
-87,6,13,1731,3423,-751,0,0
-54,-24,-11,1720,3349,-725,0,0
-16,-36,-35,1753,3383,-589,0,0
11,-55,-89,1763,3485,-510,0,0
45,-27,-130,1755,3445,-504,0,0
51,10,-116,1799,3351,-501,0,0
-19,-86,-80,1833,3320,-496,0,0
-101,-229,-66,1783,3374,-467,0,0
-115,-219,-79,1753,3430,-468,0,0
-72,-118,-79,1747,3410,-458,0,0
-35,-46,-48,1783,3417,-477,0,0
-26,-22,0,1752,3452,-472,0,0
-31,6,61,1759,3479,-473,0,0
-50,-15,108,1705,3434,-517,0,0
-64,-43,142,1652,3439,-540,0,0
-67,-110,116,1541,3517,-641,0,0
-19,-102,30,1366,3545,-704,0,0
60,69,-13,1518,3527,-626,0,0
50,68,-6,1698,3491,-539,0,0
-6,-53,0,1727,3403,-512,0,0
-25,-83,5,1698,3382,-490,0,0
6,-11,8,1715,3402,-499,0,0
33,44,8,1697,3412,-481,0,0
13,47,16,1692,3486,-497,0,0
-24,10,4,1658,3519,-572,0,0
-23,9,-11,1646,3513,-613,0,0
-5,29,-10,1718,3512,-626,0,0
9,26,-6,1735,3518,-582,0,0
42,15,14,1718,3402,-554,0,0
78,24,57,1639,3281,-502,0,0
105,90,87,1656,3284,-457,0,0
88,124,71,1776,3368,-511,0,0
35,59,26,1800,3390,-537,0,0
-6,-7,14,1755,3374,-538,0,0
-21,-21,39,1727,3416,-574,0,0
-21,-14,47,1710,3458,-593,0,0
-13,7,28,1714,3437,-576,0,0
-11,30,19,1750,3384,-586,0,0
-25,14,22,1771,3353,-579,0,0
-52,-36,22,1779,3363,-581,0,0
-65,-74,9,1779,3421,-564,0,0
-65,-81,-10,1796,3470,-557,0,0
-62,-91,-25,1775,3429,-588,0,0
-38,-99,-11,1758,3419,-584,0,0
-1,-76,18,1769,3418,-543,0,0
24,-47,30,1727,3432,-559,0,0
52,1,26,1768,3454,-588,0,0
68,6,18,1729,3395,-571,0,0
70,7,35,1715,3325,-553,0,0
53,-19,42,1727,3365,-555,0,0
35,-47,19,1715,3381,-538,0,0
27,-42,-10,1726,3414,-527,0,0
28,-24,-21,1726,3428,-533,0,0
26,8,-14,1761,3411,-583,0,0
22,1,2,1753,3388,-606,0,0
35,6,20,1736,3359,-581,0,0
43,16,29,1736,3373,-637,0,0
53,32,32,1753,3379,-661,0,0
61,43,43,1730,3350,-670,0,0
75,54,51,1735,3360,-704,0,0
81,30,40,1697,3270,-645,0,0
66,0,22,1699,3251,-626,0,0
52,-15,-7,1663,3269,-591,0,0
61,31,-32,1717,3361,-547,0,0
57,67,-64,1759,3410,-581,0,0
39,88,-75,1789,3425,-599,0,0
31,97,-54,1768,3379,-570,0,0
17,107,-22,1740,3320,-609,0,0
1,132,0,1750,3419,-593,0,0
-20,130,-20,1768,3448,-632,0,0
-37,89,-35,1682,3380,-606,0,0
-39,91,-29,1716,3501,-635,0,0
-28,95,-43,1699,3482,-638,0,0
-21,93,-61,1707,3346,-638,0,0
-44,24,-86,1693,3356,-620,0,0
-66,-19,-132,1745,3447,-658,0,0
-74,-116,-161,1639,3392,-750,0,0
-37,-189,-151,1668,3424,-820,0,0
-10,-212,-87,1745,3339,-734,0,0
-29,-192,36,1839,3267,-556,0,0
-94,-219,81,1793,3390,-563,0,0
-87,-147,11,1801,3670,-593,0,0
28,-11,-43,1538,3493,-621,0,0
142,176,51,1577,3362,-578,0,0
157,237,177,1681,3504,-543,0,0
109,182,212,1671,3477,-554,0,0
37,103,166,1618,3387,-568,0,0
-36,63,88,1598,3325,-613,0,0
-98,-8,1,1678,3357,-628,0,0
-138,-84,-83,1655,3442,-642,0,0
-139,-79,-112,1684,3468,-714,0,0
-100,-48,-74,1695,3458,-783,0,0
-48,-25,-9,1701,3443,-754,0,0
-11,-30,17,1694,3457,-642,0,0
7,-31,1,1659,3427,-574,0,0
6,-36,-15,1661,3386,-557,0,0
-3,-50,-22,1669,3420,-555,0,0
0,-28,-26,1681,3470,-521,0,0
-4,-4,-21,1683,3428,-537,0,0
-12,-9,0,1670,3416,-530,0,0
-11,8,17,1680,3447,-532,0,0
-17,11,22,1687,3433,-564,0,0
-24,6,26,1679,3440,-574,0,0
-19,7,31,1687,3460,-616,0,0
-2,-8,31,1684,3450,-691,0,0
32,-8,29,1675,3452,-677,0,0
56,-12,33,1676,3415,-623,0,0
60,-21,45,1671,3412,-569,0,0
53,-11,48,1717,3473,-545,0,0
30,-14,40,1707,3418,-566,0,0
0,-17,40,1688,3361,-546,0,0
-31,-38,35,1682,3344,-580,0,0
-41,-28,22,1712,3399,-611,0,0
-43,-16,12,1709,3435,-652,0,0
-40,3,4,1676,3453,-651,0,0
-44,-1,-13,1661,3435,-649,0,0
-52,-3,-26,1664,3386,-630,0,0
-57,-14,-31,1719,3394,-644,0,0
-47,-32,-34,1731,3407,-630,0,0
-29,-28,-41,1686,3428,-577,0,0
-24,-9,-51,1656,3422,-580,0,0
-30,-22,-51,1658,3440,-578,0,0
-46,-61,-72,1544,3478,-676,0,0
-23,-17,-80,1559,3426,-721,0,0
-5,16,-43,1656,3497,-665,0,0
1,11,-15,1627,3506,-617,0,0
-21,13,11,1512,3432,-561,0,0
-67,56,48,1540,3392,-556,0,0
-110,79,90,1581,3385,-566,0,0
-142,67,114,1590,3416,-507,0,0
-168,52,72,1635,3458,-449,0,0
-191,13,-18,1628,3391,-385,0,0
-234,-51,-91,1554,3173,-360,0,0
-277,-160,-154,1697,3359,-303,0,0
-292,-315,-301,1859,3767,-302,0,0
-230,-348,-449,1768,3781,-251,0,0
-113,-169,-437,1700,3508,-284,0,0
-21,-114,-318,1850,3613,-362,0,0
74,-152,-215,1865,3808,-284,0,0
190,-27,-133,1712,3689,-219,0,0
251,139,-1,1621,3250,-268,0,0
224,166,129,1776,3466,-230,0,0
122,59,142,1854,3828,-285,0,0
62,133,127,1582,3610,-488,0,0
74,297,286,1456,3299,-547,0,0
-18,198,497,1426,3352,-617,0,0
-170,-152,514,1487,3492,-819,0,0
-259,-742,319,1130,3594,-1014,0,0
-262,-1317,104,784,3553,-880,0,0
-74,-913,71,770,3584,-632,0,0
180,140,52,1160,3735,-416,0,0
226,605,-40,1535,3609,-477,0,0
126,423,-118,1674,3460,-560,0,0
-25,-27,-157,1611,3525,-495,0,0
-94,-220,-154,1635,3762,-529,0,0
-34,-161,-115,1681,3877,-518,0,0
79,-29,-59,1540,3651,-569,0,0
216,167,15,1252,3094,-557,0,0
274,301,77,981,2409,-432,0,0
196,338,79,927,2088,-284,0,0
51,351,-20,1368,2989,-192,0,0
-110,175,-271,2338,5257,-368,0,0
-215,-275,-563,2311,5425,-792,0,0
-105,-247,-413,1076,3163,-414,0,0
-85,422,128,714,2329,-287,0,0
-300,402,252,1416,3187,-979,0,0
-374,-332,-129,1554,4160,-1146,0,0
-52,-137,-319,1815,4128,-877,0,0
206,251,-176,1410,3430,-377,0,0
142,281,79,1375,3139,-132,0,0
-36,91,178,1509,3448,-294,0,0
-128,-106,83,1547,3532,-553,0,0
-70,-71,-45,1476,3553,-665,0,0
36,0,-87,1532,3347,-857,0,0
19,-325,-23,1735,3221,-1033,0,0
-79,-850,-6,2034,3645,-1090,0,0
-123,-1384,30,2122,3590,-1513,0,0
-60,-2041,186,2227,3533,-2180,0,0
222,-2454,415,2102,3634,-2203,0,0
436,-2924,484,2217,3925,-3044,0,0
678,-3812,387,1742,4525,-3429,0,0
1076,-4072,112,997,5105,-3801,0,0
1712,-3149,-341,474,5393,-3419,0,0
2335,-1772,-738,752,5122,-3272,0,0
2729,-1022,-821,1088,4634,-2762,0,0
2850,-697,-653,1100,4022,-2302,0,0
2902,-161,-394,903,3188,-1449,0,0
2792,626,-5,745,2273,-923,0,0
2505,1469,462,551,1468,-621,0,0
1998,1957,919,388,905,-554,0,0
1403,2033,1136,-87,542,-89,0,0
642,1563,975,-134,502,334,0,0
-481,903,530,235,643,214,0,0
-1775,214,81,259,1691,-3072,0,0
-2399,-177,-151,275,2395,-1404,0,0
-2993,-116,-260,1307,2596,-1766,0,0
-3499,-368,-456,1369,3839,-2676,0,0
-3162,1130,-526,987,4271,-1892,0,0
-2927,2655,-914,2483,5376,-2559,0,0
-2355,3671,-1327,3060,6193,-2176,0,0
-1755,4513,-1307,4075,5340,-2540,0,0
-1171,4515,-777,4083,4194,-3018,0,0
-135,5169,-59,3236,4194,-3970,0,0
1670,6944,585,4908,2711,-2987,0,0
1182,2029,348,3054,2591,630,0,0
-15,-1097,-270,2800,2701,920,0,0
-899,-3611,-685,2450,2261,719,0,0
-1079,-3358,-815,1635,2705,-187,0,0
-439,-1082,-449,3467,2909,-2870,0,0
-314,-3146,-69,5083,3644,-4700,0,0
-354,-7267,133,3856,5606,-5120,0,0
1265,-6434,138,804,6617,-5241,0,0
3178,-2915,-129,2427,6817,-6055,0,0
3818,-2847,-354,3290,7069,-4650,0,0
3901,-3022,-772,2710,6460,-2681,0,0
3980,-1661,-910,2189,5113,-1508,0,0
3816,-721,-645,1777,3793,-712,0,0
3243,-711,-349,1032,2655,-46,0,0
2454,-876,-306,155,1601,492,0,0
1571,-984,-444,-407,699,458,0,0
811,-759,-259,-1127,136,39,0,0
253,-369,145,-1150,-172,-1237,0,0
-74,-217,183,-1483,-345,-2126,0,0
-146,428,135,-1321,-424,-2173,0,0
-180,1092,48,-1006,-621,-1829,0,0
-279,1143,40,-591,-856,-1395,0,0
-636,-117,-21,-337,-400,-1149,0,0
-892,-979,-220,-892,188,-1022,0,0
-877,13,-158,-842,820,-2817,0,0
-848,378,50,-1059,1911,-4987,0,0
-751,414,106,-1933,2128,-8367,0,0
-506,-236,-116,-2761,2531,-12504,0,0
215,-1162,-667,-4058,3897,-15115,0,0
1663,-369,-878,-3614,3979,-14728,0,0
2306,-1383,-1265,-2939,3363,-12653,0,0
2341,-2096,-1744,-676,1478,-5857,0,0
483,-3540,-1735,4791,-957,4452,0,0
-1581,-3212,-357,2040,-574,7401,0,0
-842,1408,1111,136,-3185,2519,0,0
-322,3121,657,-350,-3189,-307,0,0
-1007,2049,628,409,35,-3017,0,0
-1190,-383,23,-802,368,-2806,0,0
-431,-182,158,-1349,279,-1994,0,0
277,1007,299,-734,572,-1048,0,0
322,961,145,55,559,-725,0,0
59,198,131,-107,568,-603,0,0
55,250,131,-194,466,-659,0,0
323,488,179,152,-275,-1959,0,0
659,-563,94,-178,-871,-2837,0,0
821,-470,-21,-1421,-1998,-2213,0,0
488,572,386,-1488,-1159,-3900,0,0
-84,2104,530,-1544,-469,-7765,0,0
-669,938,753,-1310,292,-11470,0,0
-226,-826,475,-2896,504,-9132,0,0
777,1022,131,-1421,382,-6992,0,0
309,-84,132,-524,575,-5817,0,0
-323,-986,242,-2005,1411,-6724,0,0
-421,-1279,380,-3255,2007,-8494,0,0
-199,-1809,157,-5340,2245,-9190,0,0
327,-1449,-564,-4771,2108,-9502,0,0
495,-1604,-1044,-2391,2006,-7133,0,0
247,-1649,-647,-78,980,-2784,0,0
-239,-639,335,-11,-1634,1332,0,0
-1158,-335,170,843,-2567,1614,0,0
-1063,-298,-405,-773,-3081,2026,0,0
-426,2171,811,510,263,-1854,0,0
-918,253,305,140,641,-1514,0,0
-971,-466,207,-470,489,-1356,0,0
-621,-422,411,-950,298,-2237,0,0
-61,-155,101,-1594,384,-2943,0,0
849,1048,-262,-891,255,-2203,0,0
1313,902,-277,275,-72,-2058,0,0
1205,-554,-202,-350,-561,-1829,0,0
923,-820,-165,-1820,-488,-2278,0,0
485,-216,23,-2828,-499,-3642,0,0
165,1505,93,-2821,718,-5660,0,0
-597,1023,486,-2103,-12,-9825,0,0
-639,-1706,334,-4276,551,-6282,0,0
488,1151,-71,-2617,725,-6944,0,0
375,857,-166,-1679,685,-7093,0,0
63,-134,-105,-2456,916,-7938,0,0
235,-666,45,-2956,1122,-9201,0,0
542,-1234,-85,-4027,1144,-8862,0,0
978,-755,-545,-3214,832,-7913,0,0
793,-1303,-621,-1223,458,-4667,0,0
-316,-1682,-290,-885,654,1234,0,0
-1371,775,-125,-253,-153,3344,0,0
-2082,445,218,566,-2093,-1366,0,0
-1252,-1104,805,-2763,-2772,-2001,0,0
121,1775,623,-773,-488,-3180,0,0
116,1525,185,594,432,-2613,0,0
-280,-311,90,141,380,-664,0,0
-241,-651,321,-613,-11,-977,0,0
132,-483,440,-948,-331,-1116,0,0
390,-256,60,-1228,-401,-787,0,0
592,141,-180,-788,-522,-1106,0,0
739,69,-248,-603,-328,-2404,0,0
795,-509,-325,-1577,272,-3414,0,0
741,258,-220,-2135,-854,-4598,0,0
462,658,-77,-2572,-644,-2431,0,0
-314,1840,486,-1709,-410,-7056,0,0
-1311,-344,652,-2619,311,-5551,0,0
-991,-409,267,-3407,750,-5213,0,0
-153,2073,244,-1527,888,-7233,0,0
-362,592,154,-1348,1182,-8609,0,0
-136,-281,63,-2704,2234,-9648,0,0
536,-36,160,-2881,2158,-11343,0,0
923,-1186,-189,-3952,1963,-9860,0,0
1248,-886,-686,-2549,1677,-7781,0,0
804,-1672,-786,-2166,949,-5928,0,0
463,-1004,-649,-1200,610,-2538,0,0
-78,78,-448,-126,-832,1326,0,0
-855,169,-41,-320,-519,1810,0,0
-653,691,-55,-101,-1119,1189,0,0
-2440,1488,-32,-425,-1822,368,0,0
-527,1942,561,-34,-1030,-1549,0,0
-645,754,479,-277,-766,-1663,0,0
-673,-406,256,-855,-810,-2186,0,0
-136,-117,314,-1050,-243,-1610,0,0
327,695,67,-498,19,-1557,0,0
388,280,-147,123,8,-1402,0,0
344,-593,-129,91,150,-1105,0,0
479,-864,-32,-139,-220,-2193,0,0
419,-1013,-181,-1426,136,-3333,0,0
112,136,-23,-2464,-916,-4857,0,0
-296,2112,382,-2107,-1103,-5926,0,0
-1250,577,539,-1073,968,-8097,0,0
-1322,-1546,188,-2736,1637,-7004,0,0
-278,592,159,-1866,1707,-7679,0,0
112,676,175,-1384,1662,-9677,0,0
85,-1057,296,-2745,2116,-10883,0,0
462,-1782,43,-3796,2751,-11120,0,0
1075,-1197,-382,-2534,3027,-8719,0,0
1299,-180,-346,-700,2032,-2043,0,0
-19,102,-43,-374,-1253,3214,0,0
-1558,-111,52,-827,-1342,2350,0,0
-1289,119,173,-918,-1310,-1078,0,0
-383,932,381,-1093,-1334,-2179,0,0
-2216,1613,237,-199,47,-2732,0,0
-12,1170,-278,178,-262,-2682,0,0
-57,62,-125,-239,-412,-1695,0,0
40,-467,260,-645,-60,-903,0,0
383,-256,202,-762,-67,-928,0,0
647,-114,-52,-661,11,-1021,0,0
774,-203,-100,-643,-362,-1740,0,0
777,-910,-246,-1010,219,-3095,0,0
754,-132,-306,-1654,-433,-4858,0,0
724,1294,-7,-1620,-995,-4060,0,0
-218,1376,545,-1141,-417,-6509,0,0
-963,-1220,328,-2051,603,-6156,0,0
-375,-471,-17,-2317,590,-4463,0,0
60,1163,-87,-961,438,-5158,0,0
-111,767,-86,-811,583,-5866,0,0
-246,127,118,-1107,1034,-7017,0,0
-164,-388,157,-1855,1463,-7923,0,0
166,-200,126,-2299,1240,-8686,0,0
402,-388,-97,-2559,1136,-8751,0,0
407,-761,-265,-2274,1140,-8961,0,0
345,-1412,-340,-2283,1631,-8816,0,0
732,-1068,-321,-1735,2041,-4368,0,0
408,-620,205,-241,-269,896,0,0
-998,27,456,-1041,-1104,3417,0,0
-1549,795,-292,-685,-1409,1903,0,0
-1193,961,-756,-638,-1301,513,0,0
-1255,953,-378,545,-549,-2351,0,0
-1061,607,-177,-57,-550,-3725,0,0
-194,1250,-91,-583,-936,-1755,0,0
163,1295,39,727,10,-1806,0,0
-68,-2272,-24,-5,72,-2201,0,0
181,-541,11,-576,-183,-1974,0,0
625,-135,95,398,393,-2278,0,0
830,-887,-48,-236,210,-3670,0,0
922,-702,-224,-1540,313,-6552,0,0
864,238,-24,-1588,-442,-5135,0,0
504,1220,423,-1475,-1071,-3743,0,0
-615,705,630,-238,479,-4582,0,0
-1123,-453,337,-527,1094,-4074,0,0
-1004,-349,638,-1005,653,-5080,0,0
-777,-209,716,-1737,1009,-6522,0,0
-480,-3,343,-1775,2304,-7112,0,0
-220,-2064,207,-1807,2543,-8631,0,0
248,-410,68,-2497,2657,-9205,0,0
868,-95,-71,-2312,2308,-10889,0,0
1042,-2126,-252,-3298,2787,-11738,0,0
1682,-2290,-873,-4155,3255,-9441,0,0
1961,-1787,-1359,-1136,2186,-6362,0,0
839,-2352,-1472,-2028,1035,1865,0,0
-111,580,-1478,1948,-472,4906,0,0
-1498,-550,-23,2028,-811,2960,0,0
-974,-65,1316,-389,-1513,-934,0,0
458,2160,1152,-1220,-1688,-992,0,0
672,3221,579,63,-824,-2394,0,0
13,1077,-27,98,-1098,-1711,0,0
-463,-857,-139,-744,-731,-515,0,0
-411,-740,6,-456,758,-630,0,0
-69,194,143,-714,200,-470,0,0
226,817,297,-353,-388,-371,0,0
310,330,207,-576,-125,-82,0,0
289,-45,-158,-874,-116,-1649,0,0
-36,542,-124,-1978,-1632,-4806,0,0
-401,1378,269,-2740,-1840,-5345,0,0
-846,2798,231,113,1112,-6637,0,0
-1810,-30,109,204,904,-7341,0,0
-1492,-1331,302,-1151,798,-5082,0,0
-432,1092,217,-112,1472,-5204,0,0
-341,1347,94,472,1600,-6548,0,0
-787,-488,180,-430,1851,-7324,0,0
-523,-1083,212,-1741,2872,-8588,0,0
271,-295,238,-2026,2588,-9978,0,0
667,-1283,-145,-2873,2499,-10067,0,0
1371,-896,-582,-2705,2430,-10356,0,0
1806,-1140,-793,-1767,2282,-10301,0,0
1690,-2284,-1017,-1619,2089,-8845,0,0
2042,-1657,-1014,-938,1741,-4310,0,0
1485,115,-939,588,530,4550,0,0
-1561,-2874,-1189,2193,-426,7434,0,0
-1978,-1249,112,-609,-1688,3375,0,0
44,3662,1218,-271,-2214,-56,0,0
-33,3648,654,746,-156,-3562,0,0
-567,771,-415,-38,-57,-3824,0,0
-359,-285,-389,-827,-504,-1901,0,0
246,510,-7,-812,-171,-1209,0,0
671,1237,142,103,289,-1204,0,0
598,272,277,514,556,-658,0,0
168,-979,382,-327,-333,163,0,0
-118,-1202,105,-705,-1337,-1009,0,0
-354,-645,-437,-2454,-2809,-3046,0,0
-521,1254,-248,-1431,-2809,-5497,0,0
-1017,2530,416,-458,-179,-5583,0,0
-1918,1383,767,932,2033,-7074,0,0
-2162,-1429,696,-1293,491,-5083,0,0
-1208,-215,637,-1316,655,-4157,0,0
-509,1731,181,470,2227,-4470,0,0
-723,950,228,767,2101,-5970,0,0
-799,-623,408,-506,3229,-6730,0,0
-228,-362,577,-1208,3441,-8989,0,0
214,-967,401,-2304,3342,-10314,0,0
829,-1278,-20,-2503,3126,-11579,0,0
1582,-1787,-506,-2889,3674,-11789,0,0
2564,-994,-1020,-2286,4235,-11138,0,0
3127,-530,-1222,-154,2789,-9396,0,0
2537,-2239,-1397,-206,1357,-2919,0,0
1930,-320,-1169,1271,-257,4103,0,0
-434,-2519,-952,2499,-231,9525,0,0
-1432,-1153,-44,793,-1975,7610,0,0
-953,3150,1215,479,-2434,1273,0,0
-3488,1852,949,394,613,-3979,0,0
-1014,657,119,-790,447,-2961,0,0
-381,1136,218,-2752,-396,-1624,0,0
-274,976,351,-717,-36,-1815,0,0
-331,467,51,-501,-311,-1329,0,0
-550,-605,-100,-354,-226,-495,0,0
-594,-897,-48,-577,57,-922,0,0
-325,-634,-78,-574,269,-3094,0,0
-61,-1046,-92,-1953,-211,-5135,0,0
93,245,103,-3138,-1762,-5531,0,0
-207,2540,236,-885,-55,-7768,0,0
-1351,742,101,722,2080,-7701,0,0
-1506,-1829,682,-1983,358,-5215,0,0
-134,1500,661,-791,2005,-3295,0,0
-288,2014,175,810,1062,-5503,0,0
-875,-386,400,-523,1507,-4369,0,0
-612,480,440,-389,2975,-5685,0,0
-565,-130,336,-712,2253,-7668,0,0
-255,-3184,367,-2228,2750,-7984,0,0
637,99,26,-1813,2801,-9637,0,0
1089,-554,-234,-1685,2922,-9800,0,0
1313,-1647,-404,-2227,3183,-10906,0,0
1790,-1848,-506,-3204,3109,-10967,0,0
2252,-1484,-1302,-2101,3083,-8445,0,0
2237,-1141,-1484,842,1291,-2330,0,0
1253,-488,-844,663,615,4438,0,0
-41,-601,-559,2703,-141,6835,0,0
-907,-966,51,774,-2532,6256,0,0
-1157,1515,1012,-428,-2325,2552,0,0
-1687,1546,967,-392,-241,-1473,0,0
-1771,227,-31,-691,-241,-2471,0,0
-1148,492,-186,-909,-172,-1951,0,0
-172,1998,268,-195,720,-1855,0,0
83,1561,295,-5,703,-2334,0,0
-73,-62,-188,-767,802,-2004,0,0
63,-185,-438,-404,21,-2281,0,0
39,-1149,-391,-970,134,-3411,0,0
174,246,-434,-1327,163,-5680,0,0
-124,1588,16,-254,217,-5919,0,0
-1081,1198,465,530,1590,-7766,0,0
-1561,-886,839,-1143,1113,-6936,0,0
-944,-938,557,-2715,519,-5611,0,0
35,1256,86,-542,995,-4643,0,0
-84,662,27,584,856,-4177,0,0
-349,-99,494,-217,1623,-4448,0,0
-184,53,620,-718,2125,-6283,0,0
-41,-619,459,-1736,2597,-8287,0,0
570,-437,194,-2311,2832,-10360,0,0
1328,-786,-80,-1801,3171,-12216,0,0
2175,-1146,-468,-2342,3697,-11175,0,0
2819,-958,-570,-161,3358,-9864,0,0
2628,-1618,-343,246,1576,-4929,0,0
1774,-759,-100,-28,306,2801,0,0
147,-717,105,1230,-580,5651,0,0
-1041,-1291,595,212,-1532,3620,0,0
-382,907,555,-985,-2271,1932,0,0
131,3140,494,852,-385,-349,0,0
-594,1517,346,817,-52,-384,0,0
-979,-35,538,-735,165,-236,0,0
-565,855,912,-841,454,-1116,0,0
-599,388,632,-633,65,-1919,0,0
-629,-841,236,-1047,233,-1797,0,0
-168,-292,-35,-1586,-24,-2487,0,0
16,-571,-484,-1442,714,-3476,0,0
-527,-1020,-866,-2626,-16,-5688,0,0
-746,1102,-531,-2467,438,-5414,0,0
-1230,3474,-307,949,2984,-9710,0,0
-1839,-315,-178,313,1633,-9631,0,0
-1147,-2039,338,-2159,682,-5370,0,0
-11,1097,44,-1009,670,-4540,0,0
192,1904,-571,704,1029,-4051,0,0
-256,553,-115,776,441,-3753,0,0
-335,-381,242,-695,825,-2791,0,0
-10,579,-147,-426,216,-3893,0,0
-68,-407,-170,49,114,-3489,0,0
-214,-895,-193,-412,872,-2780,0,0
25,546,-278,41,922,-3728,0,0
-85,226,-170,371,1540,-4039,0,0
-267,-70,73,-299,1571,-4830,0,0
-191,165,212,-377,1330,-4771,0,0
-132,-130,30,-620,995,-4696,0,0
-39,-483,-38,-724,904,-4727,0,0
145,-550,-114,-1000,1675,-5630,0,0
513,-138,-55,-847,2411,-9152,0,0
816,-1552,-95,-1914,3298,-10920,0,0
1627,-1526,-299,-2923,3818,-11658,0,0
2444,-652,-545,-842,3775,-10437,0,0
1944,-2321,-881,-1665,1733,-3359,0,0
810,-591,-1236,402,345,3044,0,0
-1208,-1604,-602,2729,86,4941,0,0
-1725,-1163,390,-1168,-1987,2569,0,0
-555,1243,510,-766,-2923,-543,0,0
-243,1733,662,-395,-912,-1912,0,0
-316,1729,2,770,-231,-3970,0,0
-343,72,-357,14,320,-2113,0,0
39,-209,292,-1110,1175,-183,0,0
699,1596,682,-793,99,-319,0,0
567,661,409,-368,-1041,-821,0,0
127,-1309,-76,-1254,-604,270,0,0
152,65,-43,-1042,158,-1548,0,0
-164,152,80,-909,-750,-5335,0,0
-491,332,-165,-2415,-1262,-5025,0,0
-459,3319,371,607,1770,-6083,0,0
-1689,-6,591,-261,2042,-6536,0,0
-1608,-1309,594,-2141,754,-4010,0,0
-660,1178,364,-547,2337,-4406,0,0
-677,1443,325,540,2031,-5917,0,0
-1155,-511,321,-300,2811,-6225,0,0
-787,-52,169,-531,3818,-7829,0,0
-141,231,243,-593,3238,-8275,0,0
223,-732,30,-1069,2882,-7967,0,0
708,-660,-271,-1287,3275,-7155,0,0
1040,-327,-296,-640,3039,-8399,0,0
579,-2806,-93,-2526,4360,-11249,0,0
1471,-1843,-460,-3992,5848,-10717,0,0
2772,-573,-589,809,4089,-6211,0,0
2241,-691,-298,-1117,1851,1808,0,0
1156,-201,-1168,1846,-1929,1890,0,0
-1007,1669,990,-1074,563,-1413,0,0
2155,3258,-141,2124,-679,2205,0,0
946,1055,-188,128,-1571,2677,0,0
152,874,11,-197,-655,1577,0,0
-259,1211,525,373,149,406,0,0
-818,680,413,-59,773,-155,0,0
-1095,719,-88,-187,1231,-826,0,0
-1288,199,-49,-115,-319,-2220,0,0
-1479,-997,-79,-1719,-1554,-5011,0,0
-1248,579,-153,-1321,-2146,-7157,0,0
-1416,1759,28,594,243,-7686,0,0
-1848,1441,-34,1429,1850,-10890,0,0
-1668,-720,389,170,682,-8265,0,0
-1131,-1047,545,-1144,421,-5416,0,0
-482,547,128,-299,1158,-5111,0,0
-444,-99,-98,-75,1109,-3354,0,0
-490,-87,50,61,1229,-2839,0,0
-327,65,159,-222,624,-4117,0,0
-155,-265,-28,-389,1298,-4631,0,0
92,243,-134,112,1441,-5759,0,0
278,-582,72,-208,2137,-7936,0,0
760,-871,333,-1574,2237,-10691,0,0
1376,-1462,74,-2525,2942,-12646,0,0
2376,-1495,-330,-2605,3541,-11334,0,0
2804,-1729,-1047,-1285,2929,-9688,0,0
2592,-1852,-1269,176,937,-3466,0,0
866,-2932,-1042,1934,-907,3809,0,0
-1542,-3692,-580,1472,539,9502,0,0
-1655,2195,883,-702,536,3662,0,0
-696,3769,143,356,-2718,-1761,0,0
-849,1061,-331,854,-1655,-3718,0,0
-911,-172,-22,544,447,-2409,0,0
-711,-53,-202,-282,65,-1358,0,0
-229,595,238,-258,656,-1535,0,0
155,950,648,-712,241,-875,0,0
150,796,443,-857,-394,-561,0,0
-51,132,87,-799,-976,-1555,0,0
-261,-539,-55,-261,-1112,-3311,0,0
-168,-1169,-9,-1155,-652,-5429,0,0
-217,361,383,-2529,-1859,-5091,0,0
-578,3412,391,16,710,-5486,0,0
-2222,591,641,342,3756,-8092,0,0
-2459,-1670,1208,-3590,2124,-4610,0,0
-1101,2221,687,-2335,1307,-5017,0,0
-939,2059,-244,176,531,-5260,0,0
-1540,-1266,-268,-372,677,-4468,0,0
-656,-597,-88,-972,813,-3571,0,0
445,1411,-264,718,468,-4489,0,0
461,-154,-271,1501,2041,-3517,0,0
511,128,327,903,2421,-4097,0,0
566,272,921,405,2654,-6539,0,0
272,-1365,705,-1499,3936,-10426,0,0
486,-2732,343,-3708,4742,-12823,0,0
1859,-2104,-652,-4631,6184,-12434,0,0
2915,-1235,-1309,-2359,4764,-10259,0,0
2690,-2175,-1802,86,2894,-6705,0,0
2129,-1524,-963,2471,315,1472,0,0
-272,-2013,-851,3041,-789,6112,0,0
-1909,-2162,-121,-1553,144,6456,0,0
-862,1707,345,-995,-920,1550,0,0
-304,2450,-69,71,-2513,-1333,0,0
-583,1635,766,384,-931,-2394,0,0
-945,14,227,-573,329,-964,0,0
-740,-35,-197,-363,635,-1168,0,0
-163,894,171,-378,703,-946,0,0
257,1772,179,-373,93,-717,0,0
102,923,-127,-338,-1252,-1180,0,0
-166,-334,-362,-316,-928,-1264,0,0
-278,-453,-456,7,-1114,-4293,0,0
-265,-158,-143,-1111,-597,-6202,0,0
55,3002,324,-497,-301,-5375,0,0
-841,3739,815,2197,1760,-8635,0,0
-2114,-1786,855,-1385,891,-6208,0,0
-3440,-1330,809,-2991,1052,-3729,0,0
-506,1681,36,-300,1816,-3941,0,0
-866,250,-110,673,1681,-4429,0,0
-1184,-1484,324,-295,2028,-4478,0,0
-394,20,453,-710,2909,-5450,0,0
101,465,429,130,3402,-7017,0,0
189,-1131,464,-1460,3905,-8325,0,0
864,-608,307,-2037,3339,-9431,0,0
1193,-1520,-67,-2380,3522,-10421,0,0
1832,-1770,-553,-2902,4287,-10924,0,0
2838,-880,-940,-2267,4064,-9895,0,0
3192,-864,-1038,-1010,3305,-7729,0,0
2717,-1709,-955,134,1551,-1940,0,0
748,-3157,-1147,2458,431,6961,0,0
-1684,-2325,-740,2030,-293,8384,0,0
-1160,2805,862,-524,-1249,391,0,0
-78,2386,126,-169,-2917,-1777,0,0
-492,812,337,205,-1077,-2928,0,0
-467,52,278,-553,103,-877,0,0
-361,85,-404,-455,176,-453,0,0
-249,798,-166,89,689,-1133,0,0
15,1042,175,-541,16,-1039,0,0
22,280,88,-112,-572,-1425,0,0
77,-334,-322,-886,-1045,-1742,0,0
496,330,-157,192,-1196,-2711,0,0
-100,-850,-55,-1834,-1858,-3967,0,0
-552,747,227,-1773,-1063,-4388,0,0
-1615,1657,507,-666,238,-7372,0,0
-2234,-179,912,-1929,1864,-8389,0,0
-1238,36,457,-2564,1170,-7364,0,0
-234,966,-106,-468,1072,-6331,0,0
-155,-150,48,-126,1078,-4941,0,0
33,-312,152,-746,1650,-4432,0,0
349,403,136,-702,1568,-5345,0,0
351,-283,256,-1328,1689,-6121,0,0
406,-493,155,-2117,1742,-8020,0,0
698,-806,41,-2473,1354,-10147,0,0
1119,-1467,-100,-3434,2511,-11249,0,0
2076,-411,-562,-1755,2432,-10277,0,0
2085,-1254,-318,-611,1171,-4604,0,0
642,-1506,-1035,818,417,1885,0,0
-1188,-2154,-546,303,1016,7333,0,0
-1145,2093,1129,-256,-1488,531,0,0
-693,1139,119,-1455,-2783,-2064,0,0
-82,1369,159,-132,-1890,-2223,0,0
-305,1129,33,450,-133,-1960,0,0
-435,167,-436,164,34,-977,0,0
-210,76,195,-81,747,-912,0,0
75,264,489,-795,1215,-1097,0,0
328,274,80,-1118,-140,-658,0,0
327,-298,-329,-1132,-1157,-1094,0,0
162,-1036,-431,-1254,-914,-3293,0,0
-30,-797,-279,-1862,-1173,-5402,0,0
125,1564,-178,-1642,-1793,-4611,0,0
-692,2658,308,746,547,-7263,0,0
-1701,-641,618,-1184,1934,-6971,0,0
-930,-245,576,-2670,489,-5423,0,0
-91,1838,115,-282,495,-4669,0,0
-701,69,-162,367,592,-4129,0,0
-908,-1187,166,-712,1241,-4132,0,0
-282,48,375,-981,1719,-6140,0,0
-1,-109,141,-1469,2485,-7992,0,0
422,-669,207,-1998,2703,-10597,0,0
1124,-1049,-91,-2485,2546,-11140,0,0
1628,-1649,-366,-2627,2396,-10536,0,0
2192,-1015,-820,-2115,2400,-9100,0,0
1982,-1779,-1201,-144,1296,-5000,0,0
965,-1050,-1007,84,337,2923,0,0
-972,-1286,-750,1257,235,6069,0,0
-1689,74,439,-1719,-901,2248,0,0
-731,1679,122,-447,-2354,-874,0,0
-584,1437,-57,490,-896,-1928,0,0
-630,1172,211,398,577,-2164,0,0
-556,35,-113,268,483,-1180,0,0
-450,-685,235,333,1165,-1007,0,0
-242,-193,657,-509,-137,-818,0,0
35,199,526,-1055,-1581,-845,0,0
328,233,186,-237,-506,-763,0,0
123,303,-272,-337,-1150,-3929,0,0
-364,-675,-227,-1891,-1471,-6286,0,0
-168,1797,-147,-2236,150,-6326,0,0
-780,3768,827,965,712,-11214,0,0
-2012,-2530,1088,-2888,2226,-6981,0,0
-634,378,409,-3745,695,-3741,0,0
111,3221,60,491,-683,-3346,0,0
-1182,-541,-154,-104,190,-1609,0,0
-1189,-222,134,66,859,-1483,0,0
-713,862,190,838,1154,-2639,0,0
-729,-273,238,778,1198,-3377,0,0
-600,-532,366,-201,2046,-4159,0,0
-203,310,392,-2,2634,-6040,0,0
-94,-550,579,-479,3420,-8307,0,0
361,-973,675,-1517,4121,-10023,0,0
1075,-1110,254,-2073,4503,-12197,0,0
1903,-1434,-70,-3042,4761,-12290,0,0
2630,-1231,-586,-2432,4869,-10528,0,0
2480,-2373,-1073,-1430,3469,-6753,0,0
1764,-1693,-1454,1582,992,650,0,0
-1149,-4542,-1481,4381,725,8182,0,0
-2296,-1954,478,784,238,7025,0,0
-1276,3295,1050,-627,-2814,8,0,0
-518,3408,-12,908,-2874,-3106,0,0
-969,1421,406,374,-896,-3231,0,0
-930,526,379,-1045,-17,-1674,0,0
-468,882,-21,-149,1309,-1888,0,0
-377,310,304,-312,1658,-1027,0,0
-276,272,341,-1100,-115,-782,0,0
-176,-220,-280,-912,-703,-948,0,0
165,387,-243,78,-368,-2424,0,0
273,-435,4,-215,235,-6087,0,0
463,-1091,-180,-2215,203,-6658,0,0
1081,2118,16,-1307,303,-4818,0,0
554,3183,319,1201,3079,-5630,0,0
-747,-216,734,-914,2179,-5356,0,0
-826,-1220,843,-2412,684,-4758,0,0
-246,641,293,-939,2314,-4320,0,0
-470,496,141,468,2168,-5737,0,0
-779,-1206,193,-981,2708,-6446,0,0
203,660,455,-900,3089,-8467,0,0
607,-21,291,-772,3158,-9401,0,0
740,-1598,164,-1909,2798,-10303,0,0
1487,-1291,-56,-2452,2945,-10872,0,0
1719,-2090,-652,-2414,3652,-9758,0,0
2049,-1616,-1002,-2081,3131,-5513,0,0
1401,-1085,-1326,2385,1271,459,0,0
-1661,-5273,-1440,3035,1032,8545,0,0
-1043,1708,918,414,-579,6335,0,0
25,5557,1062,604,-3229,-321,0,0
-642,1972,-91,-459,-2246,-3102,0,0
-803,972,221,207,-160,-3068,0,0
-1286,-446,-63,-428,55,-3223,0,0
-937,-740,-323,-877,802,-2340,0,0
-2,560,22,-120,647,-2792,0,0
544,169,349,-524,-628,-2207,0,0
614,-749,-73,-666,-988,-1365,0,0
565,-1085,-628,-58,-639,-1953,0,0
559,-434,-574,-353,-580,-3616,0,0
139,-51,-35,-648,-288,-4488,0,0
-300,2377,567,-376,558,-4701,0,0
-1110,2799,1057,492,1757,-8187,0,0
-1742,-1659,995,-1976,1086,-5256,0,0
-1022,-890,646,-2862,997,-3788,0,0
-216,2472,155,-126,1261,-4095,0,0
-850,-45,251,508,1409,-4207,0,0
-1023,-1742,598,-1030,1975,-4023,0,0
-305,-84,439,-1256,2205,-5135,0,0
-18,-183,181,-980,2494,-6428,0,0
450,-376,163,-1499,3174,-6990,0,0
1136,652,139,-991,3020,-7865,0,0
788,-1311,-145,-1911,3612,-7976,0,0
836,-3712,-186,-3072,3268,-10258,0,0
1534,-1477,-802,-4400,3389,-9427,0,0
2286,-412,-1251,-2084,3110,-8938,0,0
2108,-1480,-1396,-1321,2277,-4915,0,0
1323,-1272,-1321,3755,1249,3342,0,0
-1593,-3456,157,3986,726,9980,0,0
-2285,1087,1524,-74,-1329,3080,0,0
-1151,3390,531,-2418,-3349,-3577,0,0
-15,3289,-276,392,-490,-4703,0,0
-56,1779,68,1131,491,-4318,0,0
-334,-561,-68,-522,436,-2617,0,0
76,-307,-110,-691,1515,-1245,0,0
437,639,259,-438,122,-1115,0,0
220,-684,140,-1196,-1148,-769,0,0
368,-875,-415,-1622,-950,-241,0,0
472,-312,-775,544,-806,-2573,0,0
-119,-1717,-586,-965,-446,-4740,0,0
65,300,75,-2749,-1694,-4484,0,0
26,3322,531,536,795,-5588,0,0
-1491,1023,572,-166,1749,-6494,0,0
-1885,-969,955,-2676,-234,-5625,0,0
-1108,35,292,-1923,1332,-3577,0,0
-557,1950,-54,666,1090,-4887,0,0
-989,-881,581,666,1033,-4248,0,0
-898,-1161,679,-1372,2777,-3641,0,0
-241,1377,448,-293,3075,-7089,0,0
-208,-689,775,-1547,3802,-9191,0,0
670,-819,640,-3410,4532,-12335,0,0
1516,-1461,117,-3199,4805,-13104,0,0
2200,-2039,-886,-3904,5644,-10296,0,0
3256,-240,-920,795,3256,-7034,0,0
1883,-1865,-1173,1305,1290,1722,0,0
-1301,-5202,-960,4250,2356,9099,0,0
-1704,-425,1341,461,153,7695,0,0
-800,4513,1516,-43,-5115,-1262,0,0
-701,2036,-235,-704,-2953,-2532,0,0
-493,1748,178,1359,183,-3470,0,0
-759,-34,212,-366,422,-2262,0,0
-258,528,194,-511,1320,-1793,0,0
218,1039,487,72,1234,-2402,0,0
180,90,569,-995,349,-2126,0,0
384,126,149,-1716,-427,-2343,0,0
463,-286,-67,-972,-913,-3951,0,0
-48,-2201,-718,-2297,529,-4250,0,0
175,374,-994,-1337,1207,-5002,0,0
-103,2143,-450,672,2370,-6338,0,0
-1146,1780,30,179,2545,-9045,0,0
-1682,-1746,903,-2052,1972,-7214,0,0
-543,-141,699,-2436,2307,-4528,0,0
331,3038,184,608,485,-4652,0,0
-389,355,9,-393,43,-3258,0,0
-247,-283,-139,-730,483,-2628,0,0
62,-499,-173,-192,-56,-2987,0,0
1,-1527,-200,-782,573,-3007,0,0
614,-389,-352,-592,1313,-3907,0,0
989,333,-290,12,2371,-5204,0,0
907,-22,6,-755,2591,-7288,0,0
1097,-359,488,-2200,2307,-10636,0,0
1064,-2097,-129,-4104,3708,-11547,0,0
2133,-815,-696,-4049,3759,-11054,0,0
2135,-1609,-1319,-2685,1985,-9434,0,0
1770,-2210,-1536,-920,1386,-1642,0,0
171,-1908,-1164,4232,-1125,5350,0,0
-2563,-3397,-462,3733,239,9204,0,0
-2031,2105,1360,-120,-1313,3108,0,0
-844,4679,390,-227,-2943,-2659,0,0
-1177,1669,278,1978,216,-6822,0,0
-1365,-1944,699,-855,1555,-3937,0,0
254,162,504,-1991,1576,-2014,0,0
1249,2525,359,119,1191,-2560,0,0
649,-107,411,-409,-670,-471,0,0
374,-1007,257,-1121,-1091,460,0,0
461,-99,-69,-346,-1846,-367,0,0
-585,-2059,-62,-514,-1716,-2456,0,0
-883,-1178,-23,-2945,-665,-4554,0,0
-357,2486,32,-1374,41,-6310,0,0
-1197,1864,255,253,3007,-7802,0,0
-1715,-556,856,-2905,1796,-7039,0,0
-941,-321,805,-3913,970,-5400,0,0
-206,1655,-2,-1446,1524,-4447,0,0
-346,1481,-52,327,1147,-4034,0,0
-730,-719,331,-833,1892,-3659,0,0
-225,237,429,-863,2217,-4875,0,0
198,537,533,-867,2208,-6444,0,0
507,-219,243,-1520,2601,-6925,0,0
917,-115,62,-1519,3052,-9068,0,0
1223,-1378,-113,-2901,3864,-9575,0,0
1920,-1110,-563,-3173,3714,-10416,0,0
2325,-1776,-763,-3328,3572,-8797,0,0
2522,-1512,-1400,-2125,2148,-6778,0,0
2334,-1302,-1346,1099,202,-4278,0,0
789,-2357,-1047,3037,-1350,2994,0,0
-1696,-3102,-172,3462,-386,8767,0,0
-1968,615,1169,1067,-431,5793,0,0
-1801,2952,361,-1395,-2576,1086,0,0
-1836,2677,396,1678,-626,-3813,0,0
-2075,-399,859,-31,2120,-4087,0,0
-989,326,564,-1446,1422,-3342,0,0
-164,963,317,-532,1696,-2760,0,0
117,297,279,-1184,470,-1097,0,0
564,923,269,-1110,-1136,-1158,0,0
377,-207,-2,-944,-1336,-1096,0,0
-94,-963,-263,-1116,-1194,-3117,0,0
-221,-539,-319,-2065,-350,-5619,0,0
-86,983,-623,-1645,214,-6103,0,0
-174,2445,-33,164,1584,-6291,0,0
-772,1039,828,-418,2168,-4851,0,0
-1061,-721,1167,-2361,957,-4914,0,0
-643,646,374,-1651,2241,-5032,0,0
-421,1224,358,261,2687,-6745,0,0
-521,-1030,534,-1290,3570,-7739,0,0
326,-618,514,-2372,3441,-9638,0,0
1001,-1133,206,-2962,4071,-11853,0,0
1746,-1690,-415,-3816,4951,-11101,0,0
2626,-1559,-996,-3500,4415,-9820,0,0
3060,-1167,-1610,-1986,3490,-6887,0,0
2711,-1402,-1364,1584,1363,-982,0,0
-96,-3936,-1119,3727,-496,6833,0,0
-1697,-1871,783,3816,1265,10006,0,0
-2402,1510,1130,161,-2446,3764,0,0
-1733,3235,206,-2231,-4357,-2044,0,0
-1294,1990,-250,990,1142,-7617,0,0
-1130,-1162,-561,29,3088,-5095,0,0
176,-379,-38,-1432,3429,-3371,0,0
1342,1845,565,-791,1331,-3440,0,0
1131,242,565,-1902,-972,-684,0,0
1285,763,-81,-1636,-1870,-179,0,0
738,-738,-745,-111,-2923,-1067,0,0
-436,-3127,-826,-611,-2308,-787,0,0
-329,-270,-504,-1769,-1444,-2694,0,0
-569,1227,76,-401,820,-5810,0,0
-1775,-443,958,-3124,1272,-9016,0,0
-1693,-2069,1304,-7259,1534,-6254,0,0
-113,1385,302,-5224,906,-5244,0,0
536,3464,-85,-790,243,-3905,0,0
-141,1669,268,-309,600,-1363,0,0
-467,2243,707,95,598,-1492,0,0
-1145,1048,755,235,982,-2839,0,0
-1522,-620,658,-577,1737,-3337,0,0
-890,823,410,-922,2047,-3901,0,0
-576,727,283,230,2067,-6727,0,0
-565,-1404,429,-2186,2693,-7786,0,0
482,-369,347,-2622,3163,-10496,0,0
1222,-1352,-237,-2815,4152,-11708,0,0
2070,-1707,-584,-3298,4542,-10636,0,0
2872,-1141,-1044,-3207,4370,-9306,0,0
3033,-795,-1425,-2932,4012,-6962,0,0
2856,-964,-1139,-135,2236,-2248,0,0
145,-4092,-892,2301,461,6558,0,0
-2128,-2693,-589,5885,-1442,9891,0,0
-1998,2839,1358,3251,-3925,2418,0,0
-1150,3723,1390,-1470,-3920,-2309,0,0
-746,2723,424,982,2961,-5339,0,0
-911,264,236,-9,3564,-4284,0,0
-507,-1135,831,-2002,2825,-3436,0,0
587,168,606,-2341,1397,-2075,0,0
1120,660,100,-1249,-609,67,0,0
801,-130,-429,-531,-2514,732,0,0
-138,-1249,-495,75,-2985,1043,0,0
-1314,-1155,-75,-1246,-2598,-3668,0,0
-1297,-679,-272,-1990,-1430,-7420,0,0
-450,1875,-460,-677,1601,-5915,0,0
-369,3240,344,968,2675,-7199,0,0
-1729,-1033,914,-2404,1328,-6095,0,0
-1077,35,656,-3298,2011,-5724,0,0
-377,2239,374,-6,2015,-7257,0,0
-1064,-913,291,-1575,3369,-9260,0,0
-313,-1510,393,-3093,4594,-12725,0,0
869,-2496,-187,-5663,7160,-13493,0,0
2813,-841,-1098,-4611,6929,-11332,0,0
3842,-1207,-1274,-768,4692,-7215,0,0
2628,-2321,-1404,1829,1945,2529,0,0
-285,-3413,-1319,4229,711,8081,0,0
-1427,-1444,-219,773,-1526,7951,0,0
-556,3581,-345,-683,-4942,1528,0,0
38,4188,61,68,-2726,-3508,0,0
-810,17,-526,-503,1947,-4186,0,0
-595,-2060,-598,-1163,2118,-2772,0,0
342,-229,-87,-1119,1983,-2400,0,0
895,1322,-186,-94,1345,-3670,0,0
1048,-735,11,215,-28,-2416,0,0
1128,-2532,77,209,-335,-509,0,0
1298,-2206,-430,-640,-2870,-361,0,0
1742,291,-262,-2457,-6757,2732,0,0
1407,5339,740,497,-2108,1680,0,0
-1786,5131,1014,2401,-118,-6585,0,0
-4247,-1384,304,-1342,1621,-4399,0,0
-4001,-858,760,-5427,4542,1079,0,0
-2992,6348,329,-4072,8062,1452,0,0
-3239,9204,-1112,2874,10187,-366,0,0
-3556,7554,-2988,4494,11192,-340,0,0
-3617,5967,-4934,4515,12933,-305,0,0
-3180,4895,-6284,4899,13936,-1076,0,0
-2879,2860,-6703,5127,12741,-1316,0,0
-2982,1086,-5999,4265,9993,-1282,0,0
-3086,326,-4282,3212,7955,-1009,0,0
-2795,576,-2679,3151,5690,-2768,0,0
-2145,1545,-1913,2396,3681,-908,0,0
-3280,2516,-1486,2620,2386,-1784,0,0
-375,2487,-947,2677,936,-1399,0,0
52,2109,70,2439,461,-933,0,0
229,1558,1470,2654,1250,-913,0,0
357,1217,2626,2403,2388,-614,0,0
481,1284,3498,2193,3683,-514,0,0
623,1474,4142,2601,5486,-527,0,0
650,1391,4690,3149,8252,-479,0,0
-181,938,5345,4013,9551,-1274,0,0
-1311,-1549,6231,3798,11108,-2533,0,0
-1073,-4228,7117,2909,10596,-809,0,0
-265,-5272,6884,2403,8054,-40,0,0
514,-4791,5522,1620,5142,-45,0,0
1084,-2992,3767,735,3036,-23,0,0
1169,-947,2317,326,1806,74,0,0
807,161,1261,607,1329,37,0,0
273,215,377,1154,1216,204,0,0
-454,-277,-503,1599,1543,46,0,0
-1215,-729,-1321,2216,1988,-146,0,0
-2008,-1151,-1944,2706,2529,-526,0,0
-2696,-1102,-2093,3243,3158,-918,0,0
-2951,14,-1839,3867,3709,-1431,0,0
-2737,1260,-1497,5073,3836,-2211,0,0
-2091,1762,-1146,5648,3292,-2907,0,0
-1412,1966,-876,5743,2360,-2888,0,0
-951,2012,-537,5688,1199,-3176,0,0
-594,1582,-117,4662,586,-3655,0,0
54,1537,294,1959,723,-3469,0,0
821,1641,484,1771,560,-3468,0,0
1017,-671,182,338,916,-2555,0,0
954,-1759,-338,906,1547,-1089,0,0
90,-1916,-700,1531,3635,726,0,0
-705,147,-2896,2536,4680,267,0,0
-624,1370,-830,3827,3543,-816,0,0
-567,651,-553,3794,5208,770,0,0
-641,459,-411,2843,3786,60,0,0
-135,1060,-449,2157,2796,-648,0,0
236,957,-595,1853,2923,-273,0,0
314,879,-641,1817,2930,-232,0,0
374,1007,-580,1528,2949,-533,0,0
