-109,-588,-42,1807,-1932,-1208,0,0
-2350,-4,415,1496,-1277,-1903,0,0
-2632,-108,390,331,-788,-2075,0,0
-1416,-594,157,2,-625,-2304,0,0
449,-1102,342,-670,-1599,-2867,0,0
1596,-1239,802,-363,-2228,-3523,0,0
1518,-447,1345,2266,-4002,-6673,0,0
-1548,359,28,1043,-2378,-6743,0,0
-3019,2128,-525,1109,-295,-10681,0,0
1522,973,278,145,-1017,-6445,0,0
-1588,1109,28,-60,-1094,-2950,0,0
-3221,1445,45,868,840,-3960,0,0
448,-29,223,-40,166,-2442,0,0
1692,-659,152,-199,-778,-2742,0,0
1232,-871,48,1282,-1485,-3345,0,0
1677,-623,303,1727,-2689,-4273,0,0
427,-434,287,420,-2380,-3936,0,0
-1937,-71,56,40,-1122,-3185,0,0
-1503,-363,11,257,-138,-2151,0,0
542,-948,30,64,36,-1574,0,0
1487,-1308,113,260,-705,-2226,0,0
1025,-1357,54,608,-1133,-2979,0,0
494,-809,-271,-685,-2065,-5560,0,0
1249,-107,-491,-2469,-2869,-8472,0,0
3060,541,320,303,-5936,-10085,0,0
465,1150,184,2164,-5821,-7524,0,0
-3503,1918,-317,2721,-1565,-3087,0,0
-2506,2339,-141,115,-64,-1662,0,0
-506,1935,-253,-1763,-620,-2394,0,0
767,691,73,-2725,-858,-1749,0,0
844,191,223,-377,-964,-1697,0,0
310,-64,205,847,-1043,-2305,0,0
-336,-501,41,624,-1205,-2032,0,0
-1335,-598,72,1899,-690,-2848,0,0
-1484,-143,232,2098,-342,-1193,0,0
-865,-149,-247,731,-699,-2348,0,0
-661,-753,-654,7,-626,-2803,0,0
293,-1621,-447,-2352,-139,-2882,0,0
3189,-2230,239,563,-861,-3787,0,0
4545,-1935,918,-414,-3531,-4404,0,0
-600,242,-476,-488,-3508,-5148,0,0
-3800,2799,-948,2982,-1469,-9907,0,0
245,1547,-263,1809,-2884,-6789,0,0
-1024,1176,-630,1033,-2007,-6091,0,0
-902,475,-307,937,-794,-4486,0,0
369,-367,-145,625,-666,-2569,0,0
-154,-603,161,274,-598,-1952,0,0
-508,-731,162,213,-69,-2032,0,0
543,-549,103,881,-858,-3197,0,0
981,-333,208,555,-2083,-3157,0,0
-1988,678,-184,842,-1650,-3634,0,0
-3185,1305,-277,472,-191,-4645,0,0
-160,409,-103,62,-89,-4503,0,0
1193,-449,-199,-265,-774,-3569,0,0
187,-777,-520,-458,-655,-2698,0,0
97,-1072,-690,202,-237,-2437,0,0
1367,-1401,-322,735,-695,-2484,0,0
1534,-1109,-50,1219,-1226,-3635,0,0
946,-655,-206,311,-1682,-5280,0,0
-108,27,-300,39,-1755,-7258,0,0
687,675,220,593,-2603,-10724,0,0
2333,66,454,2331,-4749,-10580,0,0
-1353,8,308,3471,-3584,-5349,0,0
-3589,1208,36,2371,941,-971,0,0
-172,2135,331,-284,-380,-2788,0,0
767,1470,73,-2310,-853,-1538,0,0
-504,1121,-219,-1458,-542,-1316,0,0
-809,643,98,-854,-479,-1840,0,0
-456,267,397,759,-248,-2154,0,0
-203,-49,365,1463,-840,-2669,0,0
-1133,-554,25,1244,-343,-2053,0,0
-2170,-827,-89,666,193,-1938,0,0
-1907,-1076,-399,66,571,-2264,0,0
91,-1591,-692,-617,749,-2302,0,0
3127,-2054,-390,-1189,-353,-3229,0,0
4883,-1750,528,-385,-2476,-5126,0,0
3125,-714,1067,-1573,-3595,-5760,0,0
-1984,1239,-239,-13,-1699,-6194,0,0
-1497,1931,-216,2471,-1311,-7770,0,0
1109,945,-127,105,-2343,-4471,0,0
-390,1202,-559,175,-1744,-4852,0,0
-116,504,-323,644,-960,-3462,0,0
326,-127,-94,512,-1007,-2387,0,0
-978,-20,-3,565,-447,-2697,0,0
-833,-119,-58,1269,-30,-3261,0,0
578,-349,0,1520,-837,-3884,0,0
241,-192,14,1054,-1455,-3938,0,0
-1174,251,-42,637,-1054,-3816,0,0
-1335,373,-205,-72,-551,-3483,0,0
-523,114,-277,-205,-499,-3046,0,0
14,-210,-245,-218,-295,-2659,0,0
781,-598,-215,290,-478,-2924,0,0
1301,-997,-105,690,-806,-2997,0,0
1093,-985,-142,1465,-1398,-3741,0,0
264,-760,-277,584,-1632,-4669,0,0
-498,71,-469,191,-1694,-7291,0,0
1568,524,-66,806,-2881,-11193,0,0
3156,-195,166,2255,-5584,-10382,0,0
-1210,-181,100,2945,-3840,-6323,0,0
-3541,656,-40,2922,-75,-2535,0,0
-1468,1559,314,1082,401,-1645,0,0
22,1587,182,-1617,71,-1595,0,0
211,1051,-260,-2027,47,-1276,0,0
533,487,-341,-1465,-398,-2074,0,0
615,-55,-143,-489,-674,-1808,0,0
257,-191,212,14,-796,-2131,0,0
-297,-438,310,642,-834,-2160,0,0
-1618,-622,274,584,-386,-2046,0,0
-2188,-844,55,300,389,-1669,0,0
-840,-1213,-386,138,410,-2041,0,0
1277,-1685,-568,202,-89,-2627,0,0
3673,-1638,-133,-450,-1682,-4258,0,0
4851,-1177,899,-1389,-4758,-6452,0,0
110,-70,303,-988,-3906,-5580,0,0
-3712,1800,-218,1879,-1434,-7952,0,0
-1129,1233,-19,1510,-1897,-6204,0,0
-298,899,-411,157,-1479,-5734,0,0
712,350,-227,807,-1590,-4887,0,0
1007,-514,-24,886,-1562,-2340,0,0
-2896,-260,-9,677,-530,-1916,0,0
-786,-100,-24,524,-453,-2536,0,0
37,-40,10,383,-952,-3054,0,0
-268,217,189,566,-1224,-3471,0,0
-829,496,346,747,-1227,-4093,0,0
-710,476,219,564,-1066,-4301,0,0
-204,163,100,83,-1133,-3827,0,0
-581,-100,95,-589,-963,-3082,0,0
-977,-164,25,-803,-384,-2315,0,0
-341,-310,-62,-486,-97,-2138,0,0
947,-696,-16,169,-221,-3856,0,0
1506,-814,68,99,-408,-2076,0,0
1187,-587,-14,937,-852,-2731,0,0
-30,89,-166,118,-835,-4036,0,0
-653,1144,-154,509,-974,-7094,0,0
374,1778,335,1641,-1633,-10560,0,0
2028,945,343,3434,-3561,-12111,0,0
345,122,-43,3817,-3630,-9703,0,0
-1162,349,-389,5014,-1589,-5555,0,0
-1488,922,-277,3706,-949,-1888,0,0
-2628,1715,-409,-709,141,-1182,0,0
-880,1261,-516,-3444,-68,-1771,0,0
1310,440,-202,-2795,-609,-1833,0,0
1305,11,99,-1152,-747,-2011,0,0
153,-139,274,498,-142,-2248,0,0
-161,-354,149,1324,-78,-2342,0,0
-448,-691,-7,1286,-238,-1591,0,0
-1474,-757,-100,757,-11,-1531,0,0
-1315,-865,-414,552,282,-1751,0,0
624,-1334,-437,337,-332,-2091,0,0
2192,-1814,-66,124,-1126,-2741,0,0
3173,-1637,690,1119,-2508,-4345,0,0
3088,-1043,1186,-63,-4307,-6593,0,0
-1828,276,-82,474,-2333,-5866,0,0
-3302,2199,308,2552,-514,-9925,0,0
116,874,327,684,-1038,-5851,0,0
119,522,-302,416,-884,-5201,0,0
92,115,-224,848,-1118,-4147,0,0
-136,-503,-263,675,-887,-1986,0,0
-924,-468,-206,500,-629,-1441,0,0
-141,-458,-43,300,-533,-1999,0,0
850,-271,50,445,-1447,-3146,0,0
237,165,248,645,-2219,-4086,0,0
-1219,683,445,760,-1156,-4331,0,0
-719,855,522,515,-523,-4829,0,0
705,390,355,51,-758,-3892,0,0
336,165,318,-458,-676,-3148,0,0
-526,4,113,-374,-223,-2760,0,0
-357,-397,-131,-207,-42,-2066,0,0
84,-768,-253,48,-61,-1561,0,0
665,-870,-277,33,-54,-1985,0,0
867,-595,-371,459,-771,-3242,0,0
234,21,-518,985,-1101,-5722,0,0
-128,548,-278,1535,-1728,-8504,0,0
985,906,40,3016,-2538,-12576,0,0
2716,-331,112,3564,-4853,-11253,0,0
138,-424,-72,3635,-4096,-7929,0,0
-1349,-3,-194,2894,-1515,-3848,0,0
-1667,722,156,554,-136,-1068,0,0
-1743,1305,74,-1636,591,-983,0,0
-2272,889,9,-2593,271,-1036,0,0
1023,203,81,-1959,91,-1264,0,0
901,-247,127,-468,-305,-1084,0,0
158,-344,154,456,-386,-1304,0,0
-585,-350,-82,925,-584,-1882,0,0
-1486,-563,-127,709,-527,-1477,0,0
-2232,-715,-192,-61,192,-1220,0,0
-1324,-842,-488,-233,389,-1741,0,0
1042,-1291,-524,-748,-449,-1993,0,0
2945,-1373,-305,-1104,-1212,-2967,0,0
3971,-667,780,245,-3534,-5611,0,0
1546,239,795,-516,-4040,-7270,0,0
-2684,1355,-61,1668,-1449,-8298,0,0
-2128,1307,574,2607,-734,-7265,0,0
-954,996,-388,1318,-686,-6086,0,0
-420,697,-935,1213,-953,-5525,0,0
381,54,-470,789,-1646,-4211,0,0
-395,-66,-205,416,-641,-2832,0,0
-260,-2,-79,640,-312,-2422,0,0
487,-130,-32,381,-601,-2458,0,0
347,-32,-2096,671,-979,-2976,0,0
-193,175,129,641,-950,-3751,0,0
-145,230,322,1263,-1027,-4315,0,0
-12,240,488,709,-1094,-4545,0,0
-51,275,357,391,-1020,-4654,0,0
2,64,262,292,-776,-3703,0,0
-331,-34,197,58,-613,-3161,0,0
-630,-155,-78,130,-391,-2713,0,0
-375,-537,-315,-34,-318,-2206,0,0
80,-979,-427,77,-194,-1732,0,0
617,-1142,-320,235,-346,-1746,0,0
627,-876,-370,352,-547,-2484,0,0
56,-322,-524,178,-935,-3996,0,0
-1014,697,-365,31,-707,-6495,0,0
-301,1547,108,1441,-239,-10398,0,0
3381,974,571,3524,-2166,-13995,0,0
3896,-478,123,4586,-5481,-11548,0,0
-1548,-416,-335,3159,-3235,-5562,0,0
-2776,564,65,866,182,-2301,0,0
-1070,902,234,-650,729,-577,0,0
-25,711,-168,-1371,13,69,0,0
911,332,-564,-1117,-357,-267,0,0
1117,-87,-516,-980,-754,-331,0,0
971,-364,62,-968,-1062,-675,0,0
497,-437,356,-143,-978,-717,0,0
-41,-148,432,416,-847,-1527,0,0
-507,-190,438,212,-755,-1529,0,0
-1245,-325,115,169,-597,-2068,0,0
-1553,-718,-17,162,-212,-2339,0,0
-469,-1313,14,659,26,-3061,0,0
1630,-1550,270,1139,-670,-4481,0,0
2295,-1060,343,-171,-3365,-6250,0,0
-2028,802,-581,-71,-2026,-8277,0,0
-1968,1748,109,1740,-609,-9924,0,0
469,518,-322,1540,-1494,-6539,0,0
-334,584,-418,-32,-1599,-5695,0,0
23,516,-18,177,-1078,-4366,0,0
313,178,282,604,-712,-2389,0,0
-329,162,330,716,-248,-2009,0,0
-217,-12,207,456,-61,-2077,0,0
-2152,52,22,653,-389,-2546,0,0
-210,179,86,747,-508,-3422,0,0
-65,322,329,1046,-864,-4640,0,0
-57,458,401,1497,-1183,-5278,0,0
21,339,201,795,-1014,-5699,0,0
486,-100,35,723,-1206,-4766,0,0
207,-357,56,442,-1175,-3219,0,0
-796,-288,-63,199,-800,-2417,0,0
-1206,-275,-219,103,-504,-2055,0,0
-950,-474,-473,-121,-448,-1935,0,0
-438,-796,-802,-216,-408,-3856,0,0
302,-1054,-868,62,-547,-2104,0,0
750,-1022,-681,229,-126,-2604,0,0
1585,-381,-257,-434,-735,-5308,0,0
2309,256,434,-2728,-2105,-8194,0,0
1465,1171,900,1135,-2477,-11039,0,0
2635,671,1158,2875,-3610,-11559,0,0
2597,-127,840,2713,-4978,-8697,0,0
-1354,344,387,2792,-2949,-4469,0,0
-3047,1353,82,1434,165,-2131,0,0
-483,1306,-120,-436,-398,-1628,0,0
835,591,-196,-1330,-1110,-813,0,0
668,65,166,-1336,-1265,-369,0,0
137,-319,483,-739,-1277,-236,0,0
-2768,-377,530,-582,-1063,-381,0,0
-1744,-346,175,-142,-1280,-277,0,0
-2786,-219,83,-219,-713,-4,0,0
-2405,130,243,151,-167,-709,0,0
-942,219,267,674,-403,-2188,0,0
201,-410,214,-107,-288,-3522,0,0
1423,-1275,459,467,-256,-4285,0,0
2438,-1170,849,-66,-1554,-6644,0,0
915,-197,590,481,-2073,-7665,0,0
-1553,1165,348,2147,-190,-9084,0,0
126,832,16,1676,-610,-8080,0,0
596,261,-846,182,-1398,-5810,0,0
290,250,-765,561,-1503,-4871,0,0
832,-21,-299,391,-1585,-3788,0,0
82,-131,-117,268,-1077,-2578,0,0
-568,-145,-138,502,-643,-2065,0,0
-277,-278,-152,394,-645,-2213,0,0
-62,-280,-164,61,-852,-2378,0,0
20,7,-55,172,-1207,-3210,0,0
238,298,122,423,-1606,-4128,0,0
187,555,86,421,-1809,-5215,0,0
245,417,-41,310,-2291,-5681,0,0
-295,282,75,47,-2128,-6584,0,0
-298,272,376,266,-1138,-3709,0,0
225,-22,583,171,-844,-2558,0,0
-730,-85,399,-13,-633,-2115,0,0
-1785,-234,-3,-271,55,-1738,0,0
-998,-512,-112,71,281,-1629,0,0
333,-717,-46,569,33,-2010,0,0
188,-595,-205,1368,-1053,-3798,0,0
-1130,-444,-782,1348,-1873,-6243,0,0
-596,-311,-886,-341,-1641,-9058,0,0
2234,254,629,1076,-3238,-12393,0,0
2616,62,1304,3297,-3809,-10941,0,0
-865,3,1117,2874,-1267,-6046,0,0
-1727,781,798,1814,1019,-2143,0,0
-305,1764,705,28,431,-1769,0,0
33,1460,532,-1516,493,-1061,0,0
467,852,556,-1101,551,-1280,0,0
1034,401,303,-505,61,-1620,0,0
676,38,-234,-103,-157,-1718,0,0
-14,-214,-610,511,-544,-2106,0,0
-775,-535,-503,58,-604,-1755,0,0
-1568,-540,-306,-428,-36,-1642,0,0
-981,-718,-310,-57,84,-1742,0,0
359,-1202,-410,-188,-398,-2109,0,0
1089,-1637,-480,-471,-618,-2830,0,0
2039,-1515,-53,108,-1759,-4405,0,0
1641,-583,307,-1624,-2907,-5696,0,0
-1761,993,-508,941,-1610,-7395,0,0
-1503,1595,336,2645,-890,-7940,0,0
-29,1187,-141,1413,-1326,-6421,0,0
-244,1158,-658,1193,-1156,-5978,0,0
970,487,-162,1044,-1770,-4605,0,0
200,41,94,605,-1333,-3062,0,0
-1015,40,-8,853,-247,-2034,0,0
-118,-184,-146,978,-352,-1943,0,0
496,-144,-128,829,-634,-2283,0,0
331,217,27,1046,-915,-3248,0,0
157,552,278,1635,-1152,-4203,0,0
82,684,392,1849,-1437,-5099,0,0
-140,616,321,1089,-1452,-5934,0,0
170,214,285,831,-1229,-5373,0,0
425,-214,467,538,-1261,-4523,0,0
-59,-344,436,698,-911,-3913,0,0
-67,-464,341,604,-735,-3248,0,0
-217,-390,162,408,-666,-2783,0,0
-583,-239,-187,224,-545,-2815,0,0
-778,-336,-499,-290,-207,-2843,0,0
-470,-615,-603,-302,257,-2676,0,0
468,-955,-427,224,108,-2375,0,0
709,-1053,-344,607,-195,-2603,0,0
619,-929,-394,1255,-1464,-3652,0,0
427,-510,-418,293,-3291,-6000,0,0
742,103,-265,1346,-4660,-8802,0,0
2485,239,356,2171,-6667,-11139,0,0
1189,-256,133,2936,-5976,-8723,0,0
-2263,64,-58,2601,-2060,-4400,0,0
-2370,849,217,759,621,-1598,0,0
-728,1207,694,-1324,1498,-624,0,0
447,1128,765,-1375,623,-954,0,0
924,547,360,-980,245,-1855,0,0
694,-119,-93,-423,51,-1439,0,0
33,-322,-119,97,-385,-1649,0,0
-1093,-363,-160,131,-437,-1705,0,0
-2257,-448,-163,-141,-181,-1366,0,0
-2888,-571,-360,-529,684,-1018,0,0
-1694,-675,-627,-323,932,-1609,0,0
1000,-1038,-701,-106,541,-2191,0,0
3596,-1051,-509,168,-591,-4217,0,0
4495,-906,-120,-1406,-3504,-5918,0,0
791,246,-645,-170,-4279,-7255,0,0
-2225,1572,-69,1700,-2535,-8470,0,0
-1072,1190,191,1667,-2290,-6971,0,0
-1230,1021,-380,750,-1279,-5993,0,0
270,580,-247,944,-1541,-5124,0,0
495,-121,139,558,-1731,-3217,0,0
-1250,-7,166,262,-261,-2005,0,0
-471,-18,118,555,117,-1993,0,0
626,-27,-21,699,-338,-2595,0,0
498,128,-102,1135,-839,-3473,0,0
14,270,98,1317,-1023,-4105,0,0
-128,448,225,1414,-1292,-4912,0,0
115,306,97,873,-1625,-5815,0,0
305,-152,24,416,-1723,-5576,0,0
316,-498,190,271,-1375,-4597,0,0
239,-555,388,333,-1180,-3783,0,0
1,-509,467,241,-950,-3025,0,0
-333,-359,301,56,-659,-2591,0,0
-577,-272,54,-256,-547,-2117,0,0
-1061,-172,-228,-691,-378,-1865,0,0
-1332,-198,-549,-448,44,-1721,0,0
-265,-478,-559,392,232,-1552,0,0
1392,-620,-328,552,-594,-2593,0,0
1549,-526,-401,1249,-1796,-4239,0,0
174,-239,-561,43,-2288,-5871,0,0
-788,570,-286,-57,-1641,-8086,0,0
1919,962,302,1660,-3001,-11850,0,0
3799,-31,187,3491,-5533,-10329,0,0
-1050,18,-121,3752,-4245,-4956,0,0
-4253,1079,-22,1788,2,-2014,0,0
-2388,1551,522,-1184,889,-1721,0,0
-773,1375,531,-2078,862,-1323,0,0
577,878,262,-940,361,-1776,0,0
1240,241,-83,-234,375,-1103,0,0
1271,86,-167,229,-243,-1825,0,0
836,-331,-210,196,-586,-1949,0,0
-329,-624,-274,280,-609,-1457,0,0
-1708,-732,-166,121,-282,-1389,0,0
-2275,-795,-399,-176,189,-1449,0,0
-1274,-988,-846,-423,315,-2026,0,0
1018,-1480,-944,-502,-223,-3320,0,0
2786,-1340,-513,-12,-1366,-4620,0,0
2736,-487,-89,76,-3100,-6969,0,0
154,772,-53,926,-2256,-8716,0,0
-440,1465,780,2146,-1780,-9957,0,0
-155,459,491,1786,-1789,-6915,0,0
-1486,444,-3,259,-1211,-5203,0,0
-312,547,13,762,-1263,-4835,0,0
470,210,290,726,-1035,-2559,0,0
-595,430,302,541,-570,-2336,0,0
-474,263,226,657,-279,-2273,0,0
418,-40,182,529,-466,-2193,0,0
614,-104,213,837,-931,-2526,0,0
450,71,347,1042,-1728,-3630,0,0
-603,277,226,1426,-1719,-4432,0,0
-936,348,150,984,-1116,-5091,0,0
52,174,144,573,-1289,-5462,0,0
647,-96,184,605,-1401,-5053,0,0
525,-389,308,494,-1211,-3733,0,0
-180,-441,211,334,-755,-3070,0,0
-712,-434,25,109,-508,-2273,0,0
-1068,-262,-220,-212,-344,-1968,0,0
-892,-174,-444,-579,-214,-1967,0,0
-72,-337,-482,-51,-135,-3960,0,0
1161,-622,-131,483,-583,-2162,0,0
1058,-622,33,1098,-1198,-3125,0,0
-302,-373,-227,612,-1290,-4402,0,0
-1249,44,-489,171,-750,-5993,0,0
-801,722,-296,672,-448,-9182,0,0
2667,472,99,2098,-2071,-12971,0,0
3119,-732,82,3539,-4886,-10677,0,0
-2204,-390,-537,3609,-2326,-5327,0,0
-2191,590,-557,1006,414,-1949,0,0
587,1249,182,-1170,339,-1375,0,0
971,1157,180,-1841,40,-822,0,0
766,597,-261,-1062,-90,-1269,0,0
801,-220,-507,-505,-379,-1229,0,0
418,-556,-348,-303,-759,-1381,0,0
-242,-642,-335,-416,-901,-1508,0,0
-1331,-774,-340,-489,-789,-1159,0,0
-2499,-745,-126,-440,-103,-486,0,0
-2517,-570,-40,38,628,-942,0,0
-666,-617,9,76,387,-1684,0,0
1742,-599,250,165,-341,-3933,0,0
3406,-446,916,923,-2882,-6980,0,0
2067,-277,482,878,-3579,-8099,0,0
-309,447,254,822,-2384,-8723,0,0
-142,700,569,1338,-1976,-8077,0,0
-252,568,257,474,-1345,-6484,0,0
-213,587,177,402,-1257,-5639,0,0
-257,267,168,521,-1576,-3617,0,0
-1742,256,150,351,-343,-2098,0,0
-1081,216,164,154,31,-2137,0,0
653,-43,183,-33,-495,-2070,0,0
647,9,8,550,-894,-2663,0,0
-376,159,-9,423,-843,-3076,0,0
-1197,500,24,593,-544,-3894,0,0
-672,601,182,710,-307,-4796,0,0
600,281,326,711,-747,-5377,0,0
804,-133,287,666,-1091,-5146,0,0
389,-436,234,555,-1067,-4379,0,0
159,-551,210,450,-953,-3625,0,0
-37,-416,115,230,-904,-3153,0,0
-389,-131,-147,72,-793,-2904,0,0
-453,29,-298,-204,-725,-2732,0,0
-456,25,-305,-480,-617,-2562,0,0
-458,-112,-409,-330,-217,-2357,0,0
98,-436,-354,521,67,-2061,0,0
646,-596,-191,526,-199,-2461,0,0
63,-423,-414,930,-618,-3654,0,0
-816,-93,-515,704,-660,-4866,0,0
-785,537,-427,538,-520,-7758,0,0
1452,780,-9,1349,-1274,-11735,0,0
3217,-158,94,2852,-3783,-11956,0,0
265,-610,-152,3444,-3482,-8191,0,0
-1287,-125,-467,2637,-1452,-4284,0,0
-467,463,-33,-119,-357,-1451,0,0
-1092,1124,548,-1652,496,-539,0,0
-946,1196,556,-833,767,-263,0,0
759,693,42,-910,560,-1082,0,0
1880,-110,-310,-621,-68,-1842,0,0
1377,-639,-314,-400,-539,-903,0,0
-133,-422,-143,-317,-758,-1129,0,0
-1043,-383,285,-321,-513,-1319,0,0
-1552,-324,417,-746,-51,-1244,0,0
-1393,-297,269,-457,84,-2505,0,0
-104,-657,328,44,-292,-3844,0,0
1903,-950,752,1324,-1233,-5232,0,0
2235,-858,956,767,-3049,-6746,0,0
-1014,76,-217,1704,-2789,-7566,0,0
-1414,1085,-37,1039,-1130,-9701,0,0
841,300,71,424,-2232,-7463,0,0
-1008,306,-278,-415,-1125,-5525,0,0
-702,473,-224,527,-516,-4691,0,0
843,-101,43,960,-935,-3029,0,0
-270,-346,-39,805,-676,-1865,0,0
-1001,-287,-200,422,-56,-1628,0,0
-223,-241,-247,265,8,-1509,0,0
96,236,-171,98,-321,-2322,0,0
-67,664,-17,94,-598,-3882,0,0
-115,785,217,596,-899,-5015,0,0
450,477,454,675,-822,-5662,0,0
1235,-153,558,853,-1357,-5404,0,0
517,-458,422,845,-1386,-4315,0,0
-375,-393,219,312,-988,-3955,0,0
-248,-313,116,-56,-946,-3667,0,0
-171,-98,-17,-159,-863,-3402,0,0
-81,-11,-219,-138,-703,-2886,0,0
-206,-37,-339,-175,-756,-1777,0,0
-2992,80,-478,-351,-553,-1389,0,0
-943,15,-685,-85,-48,-1333,0,0
731,-365,-466,311,-341,-1730,0,0
1916,-503,-207,483,-930,-2904,0,0
1406,-281,-388,958,-2155,-5167,0,0
-622,105,-632,222,-2183,-7284,0,0
-514,694,87,779,-2221,-10528,0,0
2408,288,805,1959,-4264,-12670,0,0
1766,-442,622,2288,-5191,-10412,0,0
-1330,-391,539,2470,-2582,-6650,0,0
-1848,70,302,1945,-236,-3263,0,0
-1028,536,2,396,860,-628,0,0
-435,678,-201,63,616,66,0,0
415,345,-202,-1020,-161,-396,0,0
286,-116,-524,-1458,-460,-36,0,0
-80,-234,-389,-1173,-398,-127,0,0
-429,-435,-180,-746,-222,-19,0,0
-1243,-301,-294,42,-80,-130,0,0
-1883,-27,-377,94,28,-480,0,0
-1931,84,-587,-476,332,-658,0,0
-1067,228,-790,-800,390,-2304,0,0
947,-19,-515,-240,-59,-4822,0,0
3277,-224,214,1142,-1630,-8129,0,0
2525,-65,510,2351,-3952,-10008,0,0
-1729,861,636,2460,-1112,-9334,0,0
-364,965,884,2469,-278,-9651,0,0
1337,-87,401,1144,-1629,-6782,0,0
-337,6,51,298,-862,-5090,0,0
-158,-64,92,445,-235,-3585,0,0
265,-377,233,522,-477,-1942,0,0
-336,-451,138,451,-505,-1070,0,0
-698,-445,4,118,-265,-878,0,0
-406,-340,-26,62,-94,-1303,0,0
99,62,55,381,-613,-2807,0,0
-224,478,97,534,-839,-4326,0,0
-641,697,150,916,-757,-5662,0,0
-30,621,251,271,-978,-6411,0,0
1172,86,90,419,-1228,-5528,0,0
1475,-436,203,199,-1293,-4204,0,0
359,-384,223,-235,-1143,-3578,0,0
-529,-316,141,-265,-618,-2619,0,0
-1006,-222,65,-306,-244,-1824,0,0
-1065,-218,-187,-339,-184,-1763,0,0
-550,-502,-501,152,37,-1281,0,0
242,-681,-576,239,-16,-1476,0,0
545,-512,-563,787,-669,-3111,0,0
298,-208,-440,447,-1582,-5553,0,0
-467,195,-303,-107,-1600,-8196,0,0
-365,688,161,598,-948,-11097,0,0
2686,111,621,1991,-2692,-13079,0,0
2474,-901,412,1889,-4190,-10472,0,0
-821,-790,160,1490,-2274,-6009,0,0
-1476,-20,44,881,-162,-2476,0,0
-695,513,52,-684,593,-887,0,0
-537,313,142,-595,454,298,0,0
-254,105,95,-795,485,473,0,0
243,-51,-490,-539,-185,390,0,0
279,-103,-534,-718,-378,19,0,0
-74,-151,-336,-775,-494,-2176,0,0
-839,-62,-295,-409,-368,-85,0,0
-1372,119,-199,-209,-105,-183,0,0
-1352,289,-207,-328,50,-637,0,0
-727,422,-315,-428,98,-2759,0,0
1051,106,-199,-115,-514,-5577,0,0
2460,-240,241,270,-2640,-8795,0,0
1223,-361,313,821,-3302,-9507,0,0
-1188,334,867,1105,-1066,-9107,0,0
-427,637,1108,1772,-478,-9501,0,0
185,-88,403,1224,-779,-6615,0,0
-931,26,-55,111,-499,-5171,0,0
-577,75,-256,284,-152,-3507,0,0
-46,-124,-132,368,-294,-1967,0,0
-2680,-80,-129,7,-174,-1387,0,0
-686,-85,-221,-372,227,-1285,0,0
24,26,-231,-153,84,-1691,0,0
436,390,-4,-130,-267,-2975,0,0
239,714,201,232,-659,-4338,0,0
-194,840,436,657,-553,-5023,0,0
238,712,651,850,-257,-5657,0,0
1443,144,565,980,-1064,-5738,0,0
1507,-296,369,417,-1603,-4871,0,0
624,-260,245,343,-1525,-4329,0,0
251,-273,190,365,-1323,-3847,0,0
82,-444,30,313,-1341,-3095,0,0
-2584,-598,-192,-35,-1165,-1878,0,0
-1492,-425,-373,-723,-651,-950,0,0
-1813,-173,-489,-458,-127,-887,0,0
-738,-86,-251,262,50,-1173,0,0
587,-61,47,528,-152,-2185,0,0
577,-14,6,972,-678,-4459,0,0
-895,121,-467,829,-632,-6471,0,0
-2068,507,-654,435,410,-8715,0,0
251,606,-23,1286,557,-12496,0,0
3456,-415,257,2616,-1231,-12916,0,0
2794,-1101,-23,3088,-2990,-10333,0,0
-9,-984,-241,1831,-1887,-4731,0,0
-1429,-201,6,164,170,-839,0,0
-1562,329,195,-1285,795,1149,0,0
-73,797,79,-1315,607,703,0,0
1917,810,-282,-1008,-56,75,0,0
2210,519,-466,-609,-792,-589,0,0
1280,89,-108,-357,-1083,-549,0,0
-318,175,280,-216,-746,-576,0,0
-1576,370,371,-56,-490,-1385,0,0
-2342,214,16,-520,-290,-1844,0,0
-2172,-249,-514,-341,-64,-2809,0,0
-1179,-877,-427,-640,-44,-3159,0,0
681,-965,-152,-395,-290,-5499,0,0
1760,-714,441,473,-1684,-6745,0,0
-1147,252,294,1763,-774,-7243,0,0
-2428,1293,515,1875,1112,-8899,0,0
82,807,516,2020,7,-8028,0,0
-93,586,158,763,-16,-6712,0,0
177,468,170,1088,180,-5585,0,0
1548,-272,412,1024,-478,-3665,0,0
538,-439,337,648,-377,-2357,0,0
-507,-363,104,460,139,-1778,0,0
112,-386,65,385,216,-1705,0,0
602,-126,89,399,-254,-2382,0,0
384,115,87,308,-439,-3106,0,0
156,313,136,450,-797,-4374,0,0
133,363,164,339,-993,-5130,0,0
499,150,100,477,-1050,-5260,0,0
904,-221,72,-2,-1363,-5110,0,0
356,-277,25,-173,-1330,-4528,0,0
-289,-143,11,-51,-1065,-3922,0,0
-420,-150,-8,102,-645,-3333,0,0
-416,-244,-42,-61,-433,-2406,0,0
-818,-163,-218,-164,-277,-1583,0,0
-1152,-74,-509,-500,161,-1514,0,0
-274,-232,-640,-9,219,-1633,0,0
925,-415,-409,340,-276,-2030,0,0
912,-398,-398,381,-793,-3304,0,0
-71,-253,-583,1145,-1230,-5042,0,0
-954,66,-402,159,-1273,-6942,0,0
-865,628,-42,-59,-783,-10260,0,0
1309,493,617,1491,-1004,-13269,0,0
3461,-738,706,2608,-3283,-13334,0,0
1132,-1593,440,1568,-3603,-8138,0,0
-1693,-811,399,876,-950,-3762,0,0
-953,-109,502,1376,859,-175,0,0
-567,288,429,493,1027,3045,0,0
250,1084,-42,-1423,940,631,0,0
1341,678,-689,-1435,355,-361,0,0
1817,-56,-420,-843,-434,-111,0,0
781,-322,-128,-755,-813,69,0,0
-1611,131,-238,-61,-793,-163,0,0
-3229,680,-206,88,-594,-708,0,0
-3238,805,-148,-285,103,-1577,0,0
-2014,519,-22,11,131,-3466,0,0
113,-178,131,341,315,-5235,0,0
2648,-846,363,89,-1220,-8275,0,0
2642,-889,352,61,-2437,-9147,0,0
302,-158,572,1335,-1226,-8800,0,0
-434,224,994,1265,-292,-7794,0,0
-686,88,297,493,-28,-5204,0,0
-601,407,-111,-186,37,-4753,0,0
527,330,-40,188,-470,-3856,0,0
340,172,114,532,-503,-2486,0,0
-420,186,13,476,-69,-2131,0,0
211,26,-248,304,32,-2331,0,0
1217,-180,-311,295,-730,-2620,0,0
589,32,-196,162,-1330,-2951,0,0
-905,519,-181,288,-1061,-3075,0,0
-1058,582,-170,874,-770,-2413,0,0
-1041,624,-170,759,-300,-623,0,0
-1287,1316,-359,1231,26,-261,0,0
-769,1862,-405,1998,-166,-815,0,0
-484,2373,-232,2648,-308,-1090,0,0
-403,3146,-23,4100,-88,-1767,0,0
419,3704,430,4917,-187,-4129,0,0
753,3458,561,5894,-693,-3943,0,0
-289,3214,476,6254,-893,-4320,0,0
-1334,2894,472,5969,-460,-3904,0,0
-1327,2462,562,5241,-169,-3134,0,0
-1213,2007,615,4440,69,-2645,0,0
-1056,1601,687,4219,149,-2360,0,0
-960,1234,794,4093,140,-2049,0,0
-1521,983,794,4150,387,-1693,0,0
-1899,688,630,4202,649,-1300,0,0
-3456,279,309,3945,849,-884,0,0
-489,-35,-26,3836,544,-789,0,0
-169,-198,-288,4182,118,-642,0,0
-147,-299,-471,4147,-30,-396,0,0
10,-326,-579,3912,-189,-226,0,0
373,-306,-538,3729,-454,-159,0,0
718,-295,-361,3712,-667,-91,0,0
599,-229,-143,3811,-745,-147,0,0
145,-139,-15,3968,-584,-131,0,0
-86,-95,-6,3948,-352,-137,0,0
-83,-78,-62,3893,-323,-171,0,0
-32,-48,-71,3883,-302,-312,0,0
21,-8,-35,3995,-240,-337,0,0
114,42,38,4084,-182,-427,0,0
283,41,94,4072,-111,-493,0,0
458,-17,55,3896,-147,-541,0,0
467,-65,-23,3888,-240,-525,0,0
302,-90,-47,3810,-251,-501,0,0
141,-102,-42,3815,-237,-443,0,0
38,-86,11,3816,-206,-443,0,0
77,-89,52,3801,-154,-359,0,0
108,-93,41,3766,-191,-306,0,0
-12,-70,3,3703,-189,-233,0,0
-142,-3,-29,3748,-156,-242,0,0
-95,73,-11,3891,-116,-323,0,0
100,108,48,3940,-136,-390,0,0
239,101,32,3900,-194,-483,0,0
212,89,-39,3715,-243,-611,0,0
189,30,-115,3336,-177,-687,0,0
311,-64,-187,3224,-188,-777,0,0
374,-130,-183,4130,-357,-784,0,0
331,-138,66,5292,-456,-816,0,0
261,-214,320,4612,-301,-681,0,0
97,-265,50,3458,-234,-656,0,0
-81,-274,-331,3372,-221,-562,0,0
-144,-269,-319,3601,-247,-419,0,0
-220,-176,-25,3909,-245,-448,0,0
-187,-80,277,3888,-104,-617,0,0
77,-86,277,3828,-132,-701,0,0
192,-122,84,3921,-297,-789,0,0
52,-163,-48,3985,-390,-863,0,0
-155,-201,-50,4153,-428,-784,0,0
-346,-187,2,3968,-387,-747,0,0
-394,-154,-28,3662,-293,-718,0,0
-287,-114,-57,3569,-280,-675,0,0
-134,-42,15,3457,-315,-755,0,0
-27,38,137,3533,-334,-870,0,0
4,82,253,3671,-340,-929,0,0
-73,113,301,3882,-349,-971,0,0
-144,142,276,4034,-347,-1060,0,0
-122,128,168,4018,-297,-1106,0,0
-4,56,27,3917,-338,-1124,0,0
10,-21,-102,3829,-431,-1104,0,0
-132,-42,-148,3832,-427,-1076,0,0
-152,-45,-101,3783,-358,-1029,0,0
-19,-55,-47,3728,-336,-990,0,0
55,-53,-25,3793,-365,-947,0,0
48,-26,-20,3868,-355,-936,0,0
92,2,-3,3857,-311,-943,0,0
182,13,5,3839,-308,-946,0,0
245,15,-24,3812,-322,-941,0,0
278,9,-58,3794,-339,-916,0,0
282,6,-55,3854,-395,-954,0,0
229,-7,-36,3878,-400,-985,0,0
137,-39,-58,3809,-382,-959,0,0
71,-64,-107,3773,-378,-938,0,0
94,-66,-105,3837,-400,-915,0,0
106,-50,-52,3816,-405,-879,0,0
69,-18,-38,3781,-353,-844,0,0
124,16,-51,3814,-348,-802,0,0
190,51,-56,3815,-376,-795,0,0
195,89,-43,3727,-367,-807,0,0
212,99,-27,3685,-374,-773,0,0
125,121,-29,3753,-390,-741,0,0
36,162,-5,3800,-343,-741,0,0
86,173,20,3752,-322,-682,0,0
71,191,20,3764,-368,-683,0,0
11,212,36,3700,-296,-623,0,0
58,236,81,3809,-240,-581,0,0
165,242,145,3911,-242,-577,0,0
187,249,199,4006,-207,-546,0,0
150,210,227,3987,-193,-535,0,0
3,140,132,3914,-161,-453,0,0
-225,93,11,3930,-164,-435,0,0
-344,67,-30,3883,-109,-378,0,0
-330,72,-34,3851,-99,-396,0,0
-238,87,-29,3914,-84,-418,0,0
-141,96,-38,3935,-133,-467,0,0
-131,109,-73,3973,-168,-563,0,0
-101,73,-79,3982,-158,-565,0,0
-62,16,-98,3953,-210,-552,0,0
-117,-20,-134,3886,-214,-468,0,0
-126,-27,-134,3834,-209,-438,0,0
-82,-16,-80,3849,-242,-438,0,0
-62,-15,-18,3908,-229,-481,0,0
-90,-34,17,3960,-191,-450,0,0
-94,-40,-1,3936,-142,-424,0,0
-51,-29,-13,3965,-166,-469,0,0
35,-40,19,3933,-191,-554,0,0
34,-77,22,3911,-190,-526,0,0
14,-109,12,3859,-217,-523,0,0
-62,-121,-4,3863,-222,-445,0,0
-130,-97,-3,3937,-184,-458,0,0
-73,-88,1,3946,-193,-478,0,0
-74,-86,-37,3865,-259,-476,0,0
-110,-57,-85,3837,-293,-488,0,0
-54,-23,-38,3839,-315,-550,0,0
-23,-2,32,3870,-299,-589,0,0
-32,2,38,3895,-226,-585,0,0
9,-9,20,3879,-238,-595,0,0
11,-15,23,3860,-247,-600,0,0
-18,-15,41,3886,-205,-584,0,0
4,-11,37,3883,-202,-583,0,0
24,-2,13,3852,-232,-596,0,0
34,7,10,3904,-264,-614,0,0
65,9,35,3916,-251,-636,0,0
83,-15,19,3871,-246,-628,0,0
69,-40,-19,3817,-272,-625,0,0
52,-49,-3,3729,-258,-581,0,0
40,-40,38,3737,-229,-563,0,0
45,-21,89,3898,-206,-536,0,0
68,-10,98,3946,-188,-541,0,0
37,-12,27,3941,-198,-530,0,0
-8,-13,-33,3833,-227,-547,0,0
10,-9,-35,3818,-232,-539,0,0
62,-8,-8,3791,-281,-547,0,0
20,11,-12,3885,-275,-563,0,0
39,23,13,3902,-265,-605,0,0
62,14,4,3867,-284,-603,0,0
34,14,-18,3896,-307,-605,0,0
57,14,0,3892,-338,-621,0,0
25,2,16,3937,-325,-605,0,0
26,-6,24,3879,-312,-615,0,0
28,-18,17,3837,-296,-587,0,0
-6,-25,14,3830,-288,-571,0,0
-15,-18,22,3914,-265,-539,0,0
7,-6,41,3894,-248,-551,0,0
18,2,18,3860,-243,-582,0,0
17,-6,-2,3888,-265,-593,0,0
6,-9,-1,3858,-278,-599,0,0
18,0,4,3939,-281,-612,0,0
40,-11,26,3919,-293,-644,0,0
12,-37,-4,3857,-295,-637,0,0
-43,-58,-49,3795,-313,-599,0,0
-67,-52,-37,3792,-314,-568,0,0
-33,-29,25,3827,-291,-556,0,0
-24,-11,52,3818,-252,-592,0,0
-47,-17,31,3877,-255,-599,0,0
-110,-20,28,3896,-262,-637,0,0
-126,-19,28,3885,-185,-634,0,0
-29,-29,19,3887,-181,-652,0,0
5,-30,-20,3911,-211,-661,0,0
-5,-26,-52,3917,-190,-642,0,0
72,-17,-54,3886,-254,-693,0,0
97,-14,-41,3894,-278,-729,0,0
76,-36,-44,3850,-299,-736,0,0
40,-61,-60,3845,-326,-692,0,0
-5,-56,-40,3891,-327,-693,0,0
-23,-45,-12,3869,-264,-674,0,0
40,-48,4,3823,-256,-668,0,0
60,-43,-1,3797,-286,-688,0,0
24,-39,21,3903,-256,-694,0,0
38,-48,73,3864,-230,-703,0,0
6,-42,42,3869,-197,-690,0,0
-4,-36,15,3867,-181,-696,0,0
38,-33,16,3830,-208,-694,0,0
40,-17,11,3865,-194,-714,0,0
79,-20,16,3915,-215,-770,0,0
64,-39,6,3897,-221,-767,0,0
-4,-54,-36,3839,-207,-721,0,0
7,-47,-44,3792,-227,-720,0,0
44,-42,-23,3789,-256,-708,0,0
-21,-40,-12,3787,-253,-693,0,0
-68,-23,-21,3771,-230,-677,0,0
-31,-1,-18,3794,-232,-673,0,0
-2,21,4,3819,-253,-708,0,0
-3,31,15,3818,-229,-747,0,0
-23,17,-1,3745,-221,-744,0,0
-64,7,-36,3680,-200,-750,0,0
-31,7,-17,3706,-192,-780,0,0
10,-11,5,3720,-192,-811,0,0
-49,-22,1,4135,-206,-753,0,0
-82,5,53,4068,-150,-741,0,0
0,37,14,3872,-81,-733,0,0
93,30,-44,3820,-207,-773,0,0
19,23,-51,3808,-243,-784,0,0
-47,21,-36,3857,-186,-784,0,0
20,3,-31,3961,-204,-749,0,0
62,1,-35,3946,-248,-750,0,0
56,-2,-49,3814,-266,-753,0,0
36,-19,-38,3815,-288,-725,0,0
22,-15,16,3812,-278,-721,0,0
9,2,50,3856,-224,-716,0,0
33,5,77,3883,-220,-761,0,0
39,-8,84,3875,-204,-776,0,0
0,-26,58,3848,-178,-763,0,0
-8,-38,31,3838,-168,-754,0,0
26,-42,35,3857,-187,-754,0,0
7,-44,38,3822,-190,-774,0,0
-4,-54,7,3858,-185,-778,0,0
21,-69,-5,3892,-241,-779,0,0
-8,-71,-22,3805,-261,-772,0,0
-32,-63,-20,3811,-279,-781,0,0
-1,-52,36,3809,-284,-775,0,0
-19,-36,55,3814,-259,-775,0,0
-46,-27,51,3862,-262,-764,0,0
-50,-15,60,3771,-271,-741,0,0
-76,13,62,3750,-249,-715,0,0
-42,33,92,3821,-243,-708,0,0
-25,51,149,3944,-247,-703,0,0
-85,69,150,3926,-237,-755,0,0
-137,63,77,3872,-214,-788,0,0
-91,38,29,3786,-270,-795,0,0
-97,39,1,3828,-314,-809,0,0
-93,47,29,3860,-305,-813,0,0
-51,45,36,3813,-298,-817,0,0
-36,37,-1,3830,-318,-833,0,0
-27,10,-14,3876,-363,-838,0,0
-61,-6,-14,3887,-367,-825,0,0
-36,-9,-26,3842,-342,-809,0,0
58,-20,-17,3801,-385,-837,0,0
68,-33,1,3794,-397,-852,0,0
-13,-47,0,3829,-333,-817,0,0
-25,-62,0,3866,-312,-824,0,0
-14,-75,-5,3905,-330,-830,0,0
-51,-84,-14,3856,-328,-823,0,0
-64,-83,-25,3850,-314,-800,0,0
-28,-69,-19,3815,-331,-789,0,0
12,-41,-14,3763,-328,-807,0,0
66,-30,12,3788,-346,-828,0,0
47,-33,31,3828,-347,-828,0,0
-8,-26,7,3903,-315,-834,0,0
35,-23,4,3806,-335,-847,0,0
38,-18,1,3756,-361,-848,0,0
13,-11,31,3778,-352,-842,0,0
16,-9,63,3776,-319,-826,0,0
22,5,54,3751,-299,-821,0,0
8,6,40,3806,-325,-825,0,0
-26,6,53,3830,-298,-802,0,0
-56,11,29,3796,-276,-786,0,0
-67,26,-17,3824,-290,-797,0,0
-30,35,-14,3805,-332,-811,0,0
-58,35,-5,3759,-349,-822,0,0
-108,37,-19,3840,-362,-856,0,0
-61,25,4,3767,-383,-863,0,0
-69,7,-6,3686,-374,-838,0,0
-60,3,8,3783,-390,-868,0,0
-49,-6,74,3892,-382,-886,0,0
-179,-8,83,3973,-279,-810,0,0
-173,15,32,3922,-201,-809,0,0
7,16,0,3829,-250,-820,0,0
-8,4,0,3825,-319,-851,0,0
-94,7,14,3802,-261,-870,0,0
-39,3,29,3803,-230,-888,0,0
1,-14,23,3820,-238,-895,0,0
25,-30,5,3818,-254,-898,0,0
18,-51,-9,3857,-254,-865,0,0
-32,-67,-24,3849,-246,-820,0,0
-38,-55,-49,3786,-240,-810,0,0
21,-33,-43,3811,-249,-813,0,0
74,-20,-15,3801,-269,-826,0,0
53,-7,-29,3829,-254,-825,0,0
45,-6,-42,3831,-261,-814,0,0
50,-3,-53,3816,-287,-813,0,0
49,4,-56,3797,-299,-821,0,0
42,-3,-34,3830,-312,-818,0,0
-12,-5,-31,3780,-278,-796,0,0
-26,3,-48,3795,-261,-774,0,0
11,21,-27,3802,-281,-790,0,0
-8,41,-5,3841,-260,-811,0,0
-24,43,2,3844,-232,-843,0,0
-19,32,-7,3833,-239,-841,0,0
-35,33,-22,3744,-227,-787,0,0
12,68,-1,3736,-233,-766,0,0
143,102,70,3826,-239,-824,0,0
161,67,86,4033,-249,-878,0,0
42,3,41,4098,-282,-901,0,0
-68,-39,-47,3971,-267,-840,0,0
-80,-53,-86,3840,-230,-812,0,0
70,-46,-46,3800,-292,-821,0,0
121,-21,11,3767,-284,-829,0,0
127,-18,56,3864,-267,-873,0,0
131,-43,64,3902,-275,-894,0,0
71,-78,19,3856,-262,-892,0,0
7,-118,-39,3820,-304,-856,0,0
-38,-126,-55,3741,-287,-815,0,0
7,-106,-16,3793,-297,-780,0,0
40,-78,33,3813,-308,-787,0,0
15,-55,30,3862,-291,-800,0,0
3,-50,14,3759,-323,-772,0,0
-60,-27,-14,3701,-332,-718,0,0
-58,27,20,3776,-321,-743,0,0
20,72,90,3845,-316,-796,0,0
-10,90,97,3895,-305,-835,0,0
-50,94,60,3813,-275,-876,0,0
-28,86,36,3759,-297,-904,0,0
-60,64,63,3752,-322,-916,0,0
-166,44,83,3845,-254,-858,0,0
-165,38,56,3907,-185,-830,0,0
-37,25,-7,3869,-243,-863,0,0
-14,-3,-39,3776,-319,-878,0,0
-107,-29,-39,3731,-308,-822,0,0
-151,-24,-34,3802,-274,-768,0,0
-80,5,-4,3836,-252,-771,0,0
2,26,5,3844,-279,-796,0,0
-12,31,-16,3828,-283,-821,0,0
-10,25,-19,3790,-283,-811,0,0
-26,25,-5,3768,-280,-772,0,0
-24,57,-10,3808,-231,-817,0,0
107,57,-8,3952,-273,-921,0,0
82,-6,-19,3979,-325,-943,0,0
-74,-58,-65,3867,-294,-858,0,0
-72,-53,-79,3858,-256,-787,0,0
67,-33,-19,3845,-285,-764,0,0
102,-7,28,3795,-310,-786,0,0
61,7,33,3815,-290,-798,0,0
40,5,43,3845,-294,-805,0,0
39,7,53,3838,-289,-836,0,0
69,12,61,3812,-260,-841,0,0
129,48,71,3828,-193,-854,0,0
334,84,104,3892,-159,-887,0,0
485,50,101,3912,-238,-922,0,0
351,-39,6,3865,-326,-917,0,0
55,-120,-94,3852,-361,-843,0,0
-132,-159,-118,3925,-336,-738,0,0
-127,-152,-107,3775,-342,-682,0,0
-75,-99,-131,3714,-336,-673,0,0
60,-54,-92,3733,-390,-749,0,0
126,-40,-5,3762,-445,-798,0,0
-20,-40,27,3797,-401,-788,0,0
-103,-25,19,3831,-336,-834,0,0
-1,-25,48,3829,-350,-869,0,0
-17,-31,82,3817,-343,-885,0,0
-48,-25,80,3827,-306,-907,0,0
-36,-38,57,3855,-334,-907,0,0
-105,-39,46,3920,-344,-929,0,0
-91,-34,71,3876,-333,-944,0,0
-83,-34,66,3830,-329,-952,0,0
-97,-41,51,3793,-334,-948,0,0
-75,-30,63,3789,-332,-948,0,0
-43,-24,80,3775,-304,-948,0,0
-36,-29,70,3794,-323,-951,0,0
-62,-26,50,3812,-304,-938,0,0
-50,-23,34,3818,-316,-935,0,0
-38,-11,10,3806,-333,-948,0,0
-5,-7,10,3784,-354,-993,0,0
-17,-17,7,3758,-361,-989,0,0
-63,-24,-13,3781,-365,-1003,0,0
-38,-40,14,3720,-382,-1008,0,0
-94,-64,32,3678,-361,-941,0,0
-189,-38,23,3790,-291,-906,0,0
-75,0,39,3791,-226,-888,0,0
43,32,32,3785,-264,-923,0,0
70,59,4,3763,-278,-977,0,0
85,46,-9,3738,-290,-998,0,0
23,10,-26,3796,-323,-972,0,0
-86,-9,-60,3839,-335,-925,0,0
-184,-7,-78,3832,-367,-906,0,0
-241,-5,-77,3769,-361,-894,0,0
-228,8,-58,3708,-342,-907,0,0
-126,18,-28,3729,-329,-926,0,0
-40,25,14,3855,-368,-987,0,0
-52,32,32,3941,-355,-958,0,0
-76,50,52,3878,-304,-952,0,0
-21,60,34,3818,-252,-993,0,0
16,19,-1,3842,-281,-998,0,0
-51,-24,-14,3755,-316,-941,0,0
-136,-3,-27,3788,-233,-861,0,0
6,27,8,3826,-221,-886,0,0
133,45,35,3837,-276,-940,0,0
94,50,12,3852,-280,-973,0,0
57,26,-17,3859,-306,-960,0,0
33,4,-17,3824,-325,-941,0,0
28,-8,-16,3783,-314,-902,0,0
33,-9,-9,3773,-314,-881,0,0
66,0,22,3765,-309,-877,0,0
72,6,49,3823,-295,-889,0,0
51,1,37,3851,-271,-892,0,0
36,-10,5,3879,-279,-891,0,0
18,-29,-22,3814,-298,-876,0,0
1,-25,-45,3813,-313,-861,0,0
30,-23,-27,3842,-334,-859,0,0
28,-23,-12,3864,-337,-855,0,0
-18,-35,-40,3838,-336,-820,0,0
-55,-36,-63,3786,-345,-775,0,0
-33,1,-47,3723,-324,-775,0,0
64,46,15,3726,-319,-822,0,0
124,71,83,3788,-314,-854,0,0
99,91,111,3830,-291,-884,0,0
71,97,82,3898,-249,-929,0,0
99,60,44,3903,-272,-939,0,0
67,23,7,3843,-324,-941,0,0
-33,0,-17,3867,-329,-906,0,0
-99,-28,-12,3796,-312,-836,0,0
-88,-16,-16,3768,-306,-814,0,0
-20,15,-3,3784,-316,-847,0,0
20,25,40,3831,-321,-873,0,0
13,21,53,3861,-329,-878,0,0
-46,19,19,3919,-312,-887,0,0
-26,8,11,3938,-325,-882,0,0
27,5,14,3799,-304,-862,0,0
113,10,10,3677,-284,-842,0,0
198,22,47,3708,-305,-846,0,0
205,40,83,3806,-247,-851,0,0
220,37,52,3878,-193,-860,0,0
268,18,-20,3887,-208,-853,0,0
271,-5,-95,3866,-257,-846,0,0
241,-24,-147,3855,-294,-849,0,0
237,-48,-159,3862,-357,-875,0,0
177,-86,-160,3903,-399,-877,0,0
69,-134,-178,3867,-438,-840,0,0
-55,-159,-180,3842,-455,-795,0,0
-148,-148,-123,3790,-440,-754,0,0
-187,-105,-46,3718,-401,-749,0,0
-157,-49,43,3734,-384,-772,0,0
-145,0,129,3764,-365,-803,0,0
-189,38,161,3865,-308,-826,0,0
-142,64,172,3886,-259,-850,0,0
-38,83,167,3814,-231,-879,0,0
3,91,145,3772,-208,-896,0,0
-18,73,104,3786,-219,-892,0,0
-96,67,65,3841,-188,-834,0,0
-66,94,59,3843,-143,-825,0,0
72,116,67,3836,-147,-883,0,0
121,83,37,3813,-197,-913,0,0
-15,32,-62,3865,-234,-890,0,0
-114,-6,-149,3902,-228,-830,0,0
-67,-30,-160,3871,-258,-793,0,0
-27,-30,-145,3827,-306,-784,0,0
-11,-30,-128,3841,-341,-764,0,0
10,-35,-86,3874,-434,-763,0,0
-24,-25,-44,3834,-458,-765,0,0
-65,-12,-18,3819,-418,-778,0,0
-81,-11,22,3842,-371,-774,0,0
-134,-5,47,3838,-282,-752,0,0
-140,10,57,3838,-204,-748,0,0
-91,20,83,3844,-197,-775,0,0
-127,24,73,3809,-207,-791,0,0
-255,9,-7,3784,-212,-758,0,0
-322,2,-50,3839,-282,-758,0,0
-375,16,-8,3871,-298,-757,0,0
-412,44,49,3867,-207,-756,0,0
-296,75,97,3863,-154,-774,0,0
-161,106,123,3968,-144,-800,0,0
-64,122,112,4116,-158,-866,0,0
37,103,91,4099,-197,-942,0,0
153,57,83,3921,-247,-989,0,0
215,-11,75,3758,-285,-914,0,0
135,-48,60,3641,-330,-791,0,0
3,-12,62,3697,-214,-701,0,0
186,31,135,3793,-132,-667,0,0
424,66,162,3850,-175,-734,0,0
440,52,82,3893,-196,-765,0,0
356,-1,-5,4042,-230,-743,0,0
277,-43,-59,4056,-254,-714,0,0
200,-78,-126,3975,-207,-580,0,0
155,-86,-219,3810,-240,-539,0,0
172,-61,-312,3630,-290,-605,0,0
197,-64,-294,3712,-416,-716,0,0
99,-87,-170,3823,-523,-740,0,0
-91,-66,-83,3865,-433,-708,0,0
-61,-39,-64,3973,-377,-680,0,0
86,-28,-25,3886,-421,-682,0,0
56,9,22,3725,-390,-737,0,0
-20,30,77,3755,-256,-746,0,0
-11,24,119,3817,-249,-752,0,0
-30,37,115,3827,-209,-802,0,0
26,17,112,3911,-218,-790,0,0
-12,-11,101,3888,-263,-793,0,0
-131,-19,55,3904,-191,-739,0,0
-104,-32,41,3845,-198,-689,0,0
-100,-15,16,3835,-200,-655,0,0
-79,18,13,3849,-204,-697,0,0
-45,24,14,3847,-222,-741,0,0
-89,10,-20,3909,-242,-758,0,0
-131,-2,-51,3903,-263,-735,0,0
-141,3,-62,3863,-274,-713,0,0
-77,21,-47,3841,-308,-765,0,0
-21,26,-10,3851,-362,-811,0,0
-54,9,30,3856,-321,-796,0,0
-60,-6,40,3848,-275,-746,0,0
-52,-5,40,3911,-265,-710,0,0
-26,0,64,3911,-260,-691,0,0
-21,7,58,3837,-264,-698,0,0
-52,10,34,3820,-275,-690,0,0
-60,14,51,3833,-284,-681,0,0
-22,37,86,3849,-253,-700,0,0
44,44,100,3921,-247,-706,0,0
70,31,77,3907,-293,-674,0,0
47,34,25,3828,-333,-642,0,0
63,48,6,3897,-362,-594,0,0
138,79,59,3992,-389,-588,0,0
226,135,151,3978,-415,-701,0,0
208,127,168,3922,-400,-732,0,0
86,83,128,3895,-388,-773,0,0
74,52,110,3907,-410,-780,0,0
33,20,115,3897,-348,-758,0,0
3,-24,78,3891,-352,-760,0,0
-31,-53,-7,3820,-357,-744,0,0
-47,-74,-77,3747,-344,-702,0,0
25,-83,-88,3710,-370,-685,0,0
92,-71,-68,3709,-363,-688,0,0
121,-77,-59,3854,-349,-671,0,0
88,-98,-83,3897,-363,-686,0,0
18,-112,-151,3905,-364,-699,0,0
-34,-123,-190,3908,-382,-692,0,0
-43,-114,-196,3874,-385,-661,0,0
3,-76,-174,3897,-392,-674,0,0
43,-42,-137,3867,-419,-693,0,0
6,-7,-107,3855,-397,-728,0,0
47,3,-58,3721,-368,-730,0,0
11,3,-36,3738,-370,-691,0,0
-52,10,-19,3846,-343,-672,0,0
-37,4,11,3919,-355,-645,0,0
-112,4,14,3943,-373,-657,0,0
-164,23,8,3784,-318,-648,0,0
-75,62,58,3757,-296,-682,0,0
45,94,154,3823,-311,-709,0,0
3,127,202,3966,-254,-725,0,0
33,140,222,3974,-202,-773,0,0
79,106,194,3969,-208,-761,0,0
-15,66,107,3918,-192,-752,0,0
-55,30,26,3960,-199,-702,0,0
-82,6,3,3914,-227,-675,0,0
-110,5,-43,3839,-216,-629,0,0
-65,10,-85,3855,-252,-626,0,0
7,9,-92,3857,-317,-611,0,0
-4,19,-85,3823,-343,-587,0,0
-4,42,-66,3879,-333,-573,0,0
57,60,-13,3913,-358,-576,0,0
50,78,25,3844,-341,-573,0,0
11,79,0,3819,-316,-550,0,0
8,68,2,3787,-330,-509,0,0
-41,75,19,3821,-304,-460,0,0
-92,93,23,3847,-241,-384,0,0
-62,121,1,3858,-199,-409,0,0
63,114,-11,3952,-222,-443,0,0
116,83,-8,4074,-243,-483,0,0
119,31,-18,4004,-279,-476,0,0
-27,-10,-71,3824,-326,-417,0,0
-218,12,-137,3909,-311,-356,0,0
-185,67,-97,3955,-330,-436,0,0
-134,93,-25,3959,-339,-570,0,0
-219,54,4,3979,-329,-627,0,0
-254,-3,-5,3925,-234,-599,0,0
-89,-61,5,3941,-249,-510,0,0
-3,-80,48,3947,-303,-444,0,0
-25,-53,81,3927,-240,-452,0,0
44,-43,114,3905,-226,-470,0,0
34,-47,98,3919,-226,-475,0,0
12,-60,54,3892,-225,-463,0,0
-1,-71,20,3907,-265,-457,0,0
-46,-74,8,3887,-270,-440,0,0
-49,-62,-1,3819,-272,-464,0,0
-32,-45,-17,3804,-297,-524,0,0
-14,-37,-13,3830,-310,-611,0,0
16,-51,-7,3928,-323,-643,0,0
26,-72,-12,3976,-317,-677,0,0
52,-102,-41,3897,-330,-673,0,0
37,-115,-65,3942,-367,-609,0,0
29,-93,-28,3915,-350,-591,0,0
64,-69,17,3926,-331,-562,0,0
30,-46,38,3915,-324,-569,0,0
13,-34,41,3866,-302,-556,0,0
-19,-32,63,3856,-327,-550,0,0
-91,-15,86,3886,-291,-549,0,0
-102,4,112,3946,-267,-575,0,0
-79,3,124,3902,-224,-596,0,0
-59,-9,96,3838,-224,-601,0,0
-39,-15,78,3804,-223,-611,0,0
-14,-29,98,3826,-217,-618,0,0
-63,-49,98,3860,-208,-608,0,0
-128,-61,46,3867,-172,-580,0,0
-126,-57,-15,3969,-246,-573,0,0
-154,-16,-28,4049,-297,-593,0,0
-84,50,-38,3900,-256,-702,0,0
164,49,-56,3844,-298,-790,0,0
303,-22,-39,3826,-443,-823,0,0
99,-85,-41,3789,-472,-772,0,0
-129,-94,-30,3874,-336,-717,0,0
0,-101,19,3906,-309,-704,0,0
58,-105,21,3923,-344,-710,0,0
-24,-99,-12,3904,-328,-726,0,0
-26,-95,-32,3847,-340,-719,0,0
-12,-81,-17,3852,-362,-740,0,0
6,-67,7,3790,-364,-764,0,0
-1,-43,10,3823,-337,-769,0,0
56,-30,23,3798,-338,-766,0,0
83,-8,44,3858,-348,-809,0,0
88,-10,74,3946,-335,-873,0,0
22,-57,60,3970,-353,-866,0,0
-162,-90,-12,3972,-387,-813,0,0
-276,-89,-72,3837,-321,-756,0,0
-161,-87,-74,3728,-331,-744,0,0
-74,-69,-26,3720,-405,-803,0,0
-123,-60,28,3816,-384,-822,0,0
-199,-56,34,3804,-319,-827,0,0
-131,-44,20,3746,-316,-836,0,0
-85,-36,46,3704,-340,-853,0,0
-115,-26,80,3688,-294,-843,0,0
-124,-11,96,3758,-261,-837,0,0
-100,3,88,3738,-220,-830,0,0
-74,13,48,3799,-243,-880,0,0
-64,14,30,3797,-252,-935,0,0
-72,-15,8,3929,-272,-906,0,0
-135,-30,-37,3850,-274,-873,0,0
-155,-26,-104,3828,-254,-871,0,0
-53,-26,-87,3717,-290,-942,0,0
-3,-41,-75,3608,-317,-951,0,0
-27,-33,-73,3684,-260,-1044,0,0
189,-41,-18,3803,-221,-1123,0,0
378,-59,30,4029,-288,-1191,0,0
365,-87,80,4165,-338,-1162,0,0
144,-124,112,4050,-283,-1048,0,0
-92,-169,5,3820,-193,-926,0,0
-177,-190,-164,3796,-208,-843,0,0
-116,-158,-185,3777,-246,-834,0,0
-10,-102,-95,3715,-281,-844,0,0
8,-48,-19,3719,-300,-888,0,0
-11,-16,7,3781,-276,-919,0,0
-27,0,5,3800,-293,-930,0,0
-68,22,-7,3802,-272,-938,0,0
-33,41,21,3778,-290,-996,0,0
-48,50,44,3812,-297,-1035,0,0
-113,55,33,3846,-251,-1070,0,0
-51,47,25,3806,-255,-1063,0,0
-8,54,27,3742,-278,-1066,0,0
32,68,55,3720,-277,-1085,0,0
72,67,102,3740,-277,-1079,0,0
32,63,120,3747,-241,-1052,0,0
0,57,106,3795,-201,-1018,0,0
17,44,88,3847,-215,-998,0,0
10,41,60,3833,-208,-989,0,0
8,41,9,3800,-195,-981,0,0
37,34,-34,3771,-219,-980,0,0
78,36,-36,3823,-250,-997,0,0
100,30,-26,3844,-269,-1024,0,0
69,-7,-56,3812,-295,-1008,0,0
33,-37,-91,3822,-339,-974,0,0
19,-37,-76,3887,-364,-955,0,0
52,-30,-20,3876,-358,-929,0,0
97,-26,33,3827,-384,-943,0,0
77,-22,57,3849,-375,-947,0,0
48,-26,87,3867,-366,-931,0,0
32,-15,107,3826,-334,-936,0,0
65,-9,110,3837,-305,-954,0,0
91,-28,110,3814,-352,-979,0,0
-12,-45,82,3810,-344,-972,0,0
-98,-62,46,3813,-332,-938,0,0
-112,-62,15,3772,-328,-928,0,0
-39,-53,10,3786,-346,-947,0,0
-9,-40,14,3795,-381,-969,0,0
-41,-27,-12,3760,-362,-958,0,0
13,-12,-20,3728,-365,-978,0,0
73,9,1,3729,-399,-989,0,0
46,25,13,3827,-392,-972,0,0
54,47,26,3834,-374,-958,0,0
119,75,44,3857,-384,-981,0,0
127,87,53,3882,-426,-1017,0,0
94,88,55,3799,-413,-1044,0,0
109,69,63,3786,-429,-1059,0,0
78,39,73,3761,-437,-1039,0,0
0,0,72,3738,-429,-989,0,0
-109,-29,51,3696,-404,-941,0,0
-175,-50,5,3654,-375,-869,0,0
-174,-41,-26,3795,-374,-831,0,0
-85,-5,-13,3930,-366,-849,0,0
17,15,-19,3886,-399,-900,0,0
3,19,-73,3834,-442,-947,0,0
7,11,-62,3825,-477,-988,0,0
-11,0,-10,3818,-484,-993,0,0
-59,-3,9,3838,-456,-990,0,0
-29,-10,26,3875,-469,-990,0,0
-12,-16,60,3870,-495,-992,0,0
-51,-25,74,3826,-488,-998,0,0
-58,-49,82,3762,-492,-1013,0,0
-52,-91,112,3623,-496,-976,0,0
-155,-104,125,3709,-482,-910,0,0
-211,-82,124,3871,-449,-893,0,0
-181,-55,105,3918,-497,-957,0,0
-213,-38,34,3788,-519,-987,0,0
-229,-17,-23,3688,-497,-982,0,0
-155,23,-43,3663,-511,-1035,0,0
-81,53,-74,3619,-529,-1094,0,0
-86,60,-144,3583,-542,-1147,0,0
-71,65,-191,3583,-536,-1155,0,0
-5,95,-188,3623,-539,-1153,0,0
83,137,-139,3784,-530,-1166,0,0
147,143,-46,4124,-587,-1142,0,0
14,135,43,4217,-557,-1039,0,0
-142,139,10,3841,-361,-901,0,0
-28,147,-70,3644,-288,-857,0,0
197,133,-27,3759,-416,-811,0,0
138,164,77,3823,-377,-786,0,0
88,182,116,3812,-222,-779,0,0
202,147,108,3877,-250,-809,0,0
198,91,74,3957,-314,-810,0,0
32,31,0,3960,-313,-789,0,0
-93,-25,-87,3883,-291,-740,0,0
-124,-48,-145,3881,-308,-678,0,0
-108,-23,-153,3895,-300,-649,0,0
-9,27,-108,3824,-285,-672,0,0
93,68,-62,3866,-277,-683,0,0
166,98,-12,3882,-286,-700,0,0
182,109,15,3820,-286,-642,0,0
80,143,11,3733,-290,-587,0,0
-44,206,-27,3585,-242,-471,0,0
-60,259,-66,3811,-197,-340,0,0
146,250,20,4288,-292,-244,0,0
257,218,151,4324,-338,-100,0,0
138,255,200,4065,-310,-45,0,0
57,327,252,3989,-233,-104,0,0
98,349,394,3948,-205,-238,0,0
83,281,489,3946,-186,-320,0,0
-45,167,474,4384,-249,-300,0,0
-226,36,344,4860,-469,-298,0,0
-477,-55,91,4623,-573,-319,0,0
-436,-129,-141,4210,-725,-425,0,0
-415,-185,-206,4228,-883,-278,0,0
-737,-4,-161,3669,-678,-348,0,0
-738,253,-122,2776,-442,-577,0,0
-693,387,94,1317,-82,-898,0,0
-549,264,404,370,349,-1495,0,0
-78,-181,344,-63,482,-1841,0,0
-39,-612,-215,-10,548,-1788,0,0
-324,-786,-984,1336,1419,-2340,0,0
854,-901,-1242,5873,3425,-5472,0,0
3828,-1877,-711,12840,3510,-9069,0,0
3254,-3378,-1346,15201,2182,-9823,0,0
2806,-4746,-1580,15723,951,-6643,0,0
3138,-4742,-575,14319,-498,-4138,0,0
1849,-3785,101,10880,-1077,-1912,0,0
-454,-2909,407,4050,-1904,2039,0,0
-2388,-1689,430,-1244,172,2447,0,0
-395,-1333,-74,-1194,362,1117,0,0
1978,-1675,-347,-1093,31,1576,0,0
3237,-1901,361,299,-42,1457,0,0
2667,-1950,1033,1521,-797,1819,0,0
-1429,-1082,653,1598,-1743,2819,0,0
-5272,512,-541,519,-1304,1931,0,0
-3626,980,-707,-319,-1092,281,0,0
-219,513,-254,-702,-1261,-469,0,0
1572,-11,298,-708,-1338,-1681,0,0
1839,-501,812,-933,-969,-3290,0,0
1749,-319,1003,375,3,-6839,0,0
1422,126,738,-711,-563,-10006,0,0
-1253,1358,-379,2579,219,-11062,0,0
370,1622,-362,3149,-609,-10278,0,0
1486,659,-293,751,-2652,-6928,0,0
-801,227,-193,247,-1109,-4772,0,0
-282,-423,367,730,-510,-2750,0,0
-200,-770,534,589,-587,-1362,0,0
-831,-893,176,392,-263,-634,0,0
-415,-1039,-109,148,-122,-489,0,0
184,-936,-9,-4,-333,-676,0,0
88,-584,5,79,-312,-976,0,0
-158,-194,-337,51,-100,-2227,0,0
-209,-42,-347,512,-272,-2849,0,0
-958,680,-429,-161,-653,-6323,0,0
-564,724,-892,528,-356,-9408,0,0
1583,114,-577,832,-1739,-11964,0,0
2705,-366,-324,1619,-4317,-13498,0,0
1187,-763,-16,1649,-5010,-9451,0,0
-901,-333,272,2144,-2805,-3985,0,0
-2043,786,380,1382,-529,-1089,0,0
-1685,1501,512,-1165,720,-498,0,0
-21,1309,434,-1809,382,-398,0,0
1636,686,359,-964,206,-1087,0,0
2116,64,345,-854,-17,-840,0,0
1530,1,285,-187,-364,-1403,0,0
672,-96,120,321,-719,-2075,0,0
-539,-354,124,65,-701,-1534,0,0
-1968,-418,248,181,-398,-1164,0,0
-2705,-446,206,49,-4,-1785,0,0
-1943,-747,-16,-268,438,-1955,0,0
678,-1240,92,245,145,-2142,0,0
3260,-1031,1053,1276,-2105,-4185,0,0
1881,220,1314,166,-3435,-7091,0,0
-3106,1892,-663,1067,-899,-8697,0,0
-1447,2578,-57,3095,-441,-12085,0,0
1896,675,-203,1844,-2006,-7410,0,0
334,177,34,832,-1390,-4923,0,0
367,-228,796,798,-435,-2959,0,0
155,-554,653,1207,-270,-1758,0,0
-716,-864,120,724,-202,-1092,0,0
-791,-979,-383,269,9,-1705,0,0
674,-947,-389,289,-681,-3207,0,0
1483,-739,-125,-536,-1383,-3318,0,0
208,149,-433,365,-1746,-4539,0,0
-979,648,-674,340,-1665,-4784,0,0
-1598,577,-541,-364,-1059,-3270,0,0
-1666,639,-215,-826,-342,-3158,0,0
-391,454,-99,-614,-303,-3250,0,0
335,140,-141,-219,-725,-2977,0,0
-183,-119,-263,14,-598,-3212,0,0
66,-596,-243,639,-243,-2952,0,0
1174,-985,-70,1200,-500,-3614,0,0
1077,-965,-177,1990,-1292,-4648,0,0
-20,-679,-382,367,-1280,-5657,0,0
-811,250,-204,-45,-1319,-8052,0,0
1182,792,99,1301,-1924,-11716,0,0
2687,-43,67,3273,-4638,-10092,0,0
-1380,43,-78,3486,-3030,-4238,0,0
-3107,1183,170,1515,257,-721,0,0
-901,2050,929,-935,689,-471,0,0
313,2205,997,-2088,-59,-1313,0,0
202,1585,599,-837,535,-2116,0,0
438,791,117,34,244,-2940,0,0
1432,-102,-213,510,-474,-4184,0,0
1036,-957,-184,770,-1312,-3619,0,0
-1065,-3312,121,253,-706,-2418,0,0
-2291,-1350,91,252,531,-2124,0,0
-1152,-1808,-148,512,496,-1712,0,0
456,-2282,-266,627,280,-1296,0,0
1817,-2155,-95,839,336,-1919,0,0
3881,-1388,697,-794,-2013,-4549,0,0
1163,-238,-41,-1961,-3200,-4246,0,0
-4651,2648,-1126,1390,-1149,-8580,0,0
-1155,2351,-31,1649,-1560,-8839,0,0
972,708,-197,397,-1642,-5714,0,0
-33,375,228,1124,-1126,-4219,0,0
241,-96,481,1066,-310,-2720,0,0
347,-276,511,817,-169,-2748,0,0
172,-402,352,1162,-258,-3223,0,0
47,-416,84,1011,-727,-3435,0,0
-893,55,-310,514,-691,-4551,0,0
-15,42,-152,740,-672,-4921,0,0
2019,-492,254,-42,-1517,-4643,0,0
1641,-673,115,-7,-2190,-4249,0,0
18,-582,-60,-640,-1621,-3006,0,0
-984,-196,-115,-749,-990,-2297,0,0
-1310,150,-115,-300,-631,-2086,0,0
-1400,207,-270,-288,-444,-1709,0,0
-1012,86,-562,-390,-18,-1924,0,0
484,-378,-597,198,-337,-2187,0,0
1272,-819,-475,272,-721,-2409,0,0
1196,-850,-333,349,-1361,-3456,0,0
162,-575,-335,161,-1735,-4650,0,0
-705,78,-365,-885,-1732,-7113,0,0
-98,1009,141,359,-2367,-10929,0,0
1996,818,531,2243,-4031,-12749,0,0
459,-81,164,2427,-3809,-8379,0,0
-1925,545,-66,1992,-921,-5105,0,0
717,1023,180,1280,-379,-3544,0,0
1253,912,212,-616,-755,-1253,0,0
-1211,1036,-14,-1295,-167,-425,0,0
-1658,836,-136,-914,259,-461,0,0
141,321,-106,-1029,-59,-1095,0,0
1740,-326,151,-757,-423,-1174,0,0
1687,-451,397,-186,-1066,-1488,0,0
18,-325,520,5,-1257,-3672,0,0
-2428,-213,471,180,-865,-1353,0,0
-3509,-287,334,699,260,-1682,0,0
-1766,-788,270,242,771,-2691,0,0
1074,-1167,91,1164,554,-4141,0,0
3313,-1067,47,1564,-2070,-5510,0,0
739,254,-950,1725,-3051,-7030,0,0
-942,2145,-926,1235,-2241,-10902,0,0
1212,1047,-148,1328,-3569,-8345,0,0
-804,326,-265,21,-1984,-5451,0,0
170,-108,193,22,-758,-4121,0,0
1913,-577,855,399,-984,-2587,0,0
84,-474,882,819,-890,-2308,0,0
-1887,-417,414,766,-8,-2007,0,0
-1859,-224,-159,515,-170,-2731,0,0
-1174,-68,-408,292,-192,-3067,0,0
-281,195,-223,271,-79,-3930,0,0
1061,222,-29,426,-974,-4666,0,0
1802,-113,-165,601,-1456,-4718,0,0
1740,-482,-179,360,-2220,-4282,0,0
725,-410,17,-14,-2581,-3700,0,0
-287,-47,118,-4,-1775,-3025,0,0
-587,132,76,43,-1597,-2353,0,0
-1527,70,-14,-530,-1586,-1849,0,0
-2904,100,-227,-1257,-630,-1533,0,0
-2189,29,-427,-837,550,-2155,0,0
800,-509,-194,-3,324,-2181,0,0
2239,-639,126,803,-468,-2978,0,0
803,-419,30,569,-688,-4107,0,0
-933,-16,-185,271,120,-4973,0,0
-928,703,-3,627,-352,-8193,0,0
440,1119,176,1822,-1031,-12178,0,0
2472,107,157,2927,-3024,-12862,0,0
674,-541,62,2989,-3733,-9839,0,0
-752,-464,-275,3109,-1933,-4782,0,0
-1149,234,-221,1979,-1077,-1235,0,0
-2126,1275,51,-304,-123,-485,0,0
-1561,1540,98,-1388,435,-630,0,0
610,1036,176,-1071,191,-1057,0,0
2305,153,70,-1262,-103,-992,0,0
2368,-432,-138,-1396,-687,-1338,0,0
1069,-487,-182,-88,-1041,-1439,0,0
-286,-342,51,175,-1093,-1911,0,0
-1289,-527,317,-250,-657,-1453,0,0
-2287,-590,236,-317,-162,-1502,0,0
-2031,-781,-26,-166,376,-2217,0,0
371,-1311,-87,-220,267,-2659,0,0
2546,-1096,290,1030,-1349,-5232,0,0
1433,-258,565,-509,-2915,-6502,0,0
-2401,1510,-279,461,-184,-8493,0,0
-785,1777,731,1796,-101,-8744,0,0
811,967,573,948,-974,-6677,0,0
0,845,80,1128,-702,-5970,0,0
1135,132,298,1397,-863,-4445,0,0
956,-480,388,1039,-900,-2436,0,0
-1238,-427,97,697,-472,-1681,0,0
-2045,-253,-288,650,323,-1640,0,0
-668,-122,-412,700,35,-2672,0,0
1008,-205,-248,1226,-677,-3572,0,0
1095,-66,32,1660,-1640,-4866,0,0
-160,201,-129,954,-1622,-5518,0,0
-247,168,-420,397,-1339,-5467,0,0
497,-137,-240,16,-1368,-4371,0,0
72,-188,-36,-397,-1073,-3241,0,0
-951,-74,-72,-2528,-438,-2247,0,0
-946,-98,-126,-520,26,-2000,0,0
26,-402,-176,-384,-78,-1781,0,0
680,-717,-221,95,-149,-1804,0,0
1076,-790,-157,673,-415,-2655,0,0
761,-529,-310,1453,-994,-4795,0,0
625,-408,-477,844,-2271,-7807,0,0
-48,-99,-266,496,-2173,-9256,0,0
946,865,361,2315,-3158,-11874,0,0
974,321,33,3731,-3560,-8487,0,0
-2238,411,-309,3076,-999,-2940,0,0
-1519,1011,173,-167,196,-1820,0,0
-436,963,445,-1732,220,-1287,0,0
213,853,754,-2078,-630,-2430,0,0
1265,123,717,-897,-596,-2037,0,0
1811,-376,915,25,-1109,-1133,0,0
1431,-339,1285,465,-1190,-1385,0,0
-139,-293,1175,370,-688,-996,0,0
-1965,-152,887,-72,121,-658,0,0
-2645,-79,273,48,672,-971,0,0
-1830,-160,-230,474,475,-2096,0,0
159,-959,-204,233,648,-3493,0,0
2492,-1302,130,-136,-843,-5424,0,0
1076,-480,-410,1661,-2883,-7339,0,0
-2278,991,-917,1638,-1144,-8906,0,0
-757,1258,-145,613,-960,-9625,0,0
692,440,-86,-235,-1211,-6385,0,0
454,330,-240,303,-1016,-4469,0,0
610,124,-4,441,-833,-3135,0,0
160,-16,151,310,-447,-2248,0,0
197,-146,153,132,-497,-2506,0,0
241,-298,-63,-36,-444,-2403,0,0
275,-210,-145,226,-739,-3167,0,0
30,-115,47,19,-1090,-3260,0,0
-2904,521,46,559,-1008,-4267,0,0
-308,750,82,827,-1011,-5157,0,0
894,386,122,800,-1470,-5683,0,0
887,-127,97,803,-1644,-4712,0,0
-52,-338,-60,236,-1087,-3722,0,0
-115,-398,-161,347,-890,-3253,0,0
230,-422,-154,367,-1090,-3025,0,0
-81,-312,-259,-79,-1190,-2778,0,0
-654,-145,-417,-406,-1142,-2666,0,0
-852,-82,-469,-638,-630,-2199,0,0
-440,-32,-426,-71,-472,-2095,0,0
107,-87,-302,423,-530,-2048,0,0
192,-77,-212,305,-633,-2935,0,0
-234,-156,-175,851,-590,-3704,0,0
-836,-89,-69,1318,-461,-4647,0,0
-735,76,4,1270,-154,-6299,0,0
45,236,102,980,-270,-8349,0,0
1760,311,345,2204,-1695,-12165,0,0
2238,-439,477,3184,-3779,-11448,0,0
-323,-541,-88,2948,-2574,-8023,0,0
-283,-399,-488,2368,-1310,-3141,0,0
-741,501,-202,148,-343,-527,0,0
-1740,1306,98,-1230,613,-210,0,0
-701,1317,125,-1269,367,-336,0,0
1542,472,-116,-1126,603,-1942,0,0
3073,-820,-239,-402,-498,-1583,0,0
1944,-943,-158,-338,-1463,-1299,0,0
-60,-667,-204,-121,-1446,-1965,0,0
-1353,-830,60,-278,-1164,-1319,0,0
-2202,-792,371,-288,-527,-825,0,0
-1767,-778,424,34,-111,-1267,0,0
-83,-961,481,-331,-341,-2075,0,0
1465,-648,787,-568,-1672,-4200,0,0
1126,161,1034,-658,-2884,-6451,0,0
-1389,957,296,561,-1626,-7839,0,0
-1915,1328,641,1016,-546,-8674,0,0
-974,861,290,965,-354,-6367,0,0
-293,980,-70,323,-52,-5698,0,0
1538,761,126,1128,-1002,-5114,0,0
837,446,277,1283,-1363,-3416,0,0
-1472,549,-23,820,-337,-2900,0,0
-946,232,-388,226,312,-2693,0,0
829,-94,-384,751,-239,-2928,0,0
809,55,-146,601,-490,-3732,0,0
-18,316,-17,1058,-317,-4548,0,0
37,163,22,1234,-56,-4745,0,0
700,-167,-9,1057,-494,-4743,0,0
852,-422,19,865,-1141,-4340,0,0
481,-482,174,811,-1428,-3722,0,0
395,-384,317,668,-1324,-3378,0,0
886,-274,401,754,-1554,-3210,0,0
999,-176,272,576,-1791,-3348,0,0
-154,-39,-184,298,-1957,-3680,0,0
-1431,-207,-588,416,-1726,-3192,0,0
-2508,-322,-709,128,-956,-2060,0,0
-2383,-65,-840,-728,-221,-2207,0,0
-637,-257,-849,-1152,-433,-2058,0,0
611,-450,-633,-987,-429,-1867,0,0
988,-342,-296,-403,-137,-2264,0,0
1208,-67,-80,194,-42,-3714,0,0
756,279,-62,670,30,-5604,0,0
-274,729,117,639,337,-8176,0,0
605,969,310,2252,-473,-11993,0,0
2896,184,196,4674,-3166,-13052,0,0
1690,-863,-356,5149,-4666,-8740,0,0
-1334,-669,-501,3045,-2650,-3566,0,0
-2621,274,-112,330,-589,-817,0,0
-2991,1064,76,-1472,249,-472,0,0
-1286,987,17,-1677,299,-510,0,0
1849,88,-181,-1241,324,-952,0,0
3241,-805,-400,-945,-429,-932,0,0
2425,-1115,-299,-434,-1118,-634,0,0
79,-738,-222,33,-1233,-958,0,0
-1727,-618,-30,-87,-889,-1524,0,0
-2131,-920,94,-476,-449,-1311,0,0
-1510,-1081,55,-469,-98,-1610,0,0
-141,-929,99,-590,-138,-2531,0,0
1130,-173,367,279,-1151,-5207,0,0
238,642,370,145,-1573,-6747,0,0
-1991,1861,554,801,232,-8738,0,0
-858,2013,1139,2025,334,-9790,0,0
894,963,726,1718,-225,-6733,0,0
977,676,341,1182,-793,-5774,0,0
1136,175,275,1263,-863,-4446,0,0
678,-534,405,968,-878,-2459,0,0
-1373,-455,317,517,-133,-1473,0,0
-1408,-249,21,408,525,-1576,0,0
604,-53,106,351,-27,-2356,0,0
1348,361,347,407,-980,-3063,0,0
216,805,425,1206,-865,-4142,0,0
52,681,619,1718,-1088,-4809,0,0
378,283,459,1400,-1220,-4988,0,0
448,-103,81,1411,-1399,-5214,0,0
535,-488,-77,1003,-1634,-4901,0,0
192,-517,-147,623,-1666,-4822,0,0
5,-592,-143,457,-1478,-4356,0,0
-382,-679,-200,331,-1178,-2972,0,0
-1237,-384,-324,-232,-718,-2019,0,0
-1550,-62,-440,-270,-331,-1804,0,0
-1090,32,-537,-461,-424,-1742,0,0
-226,-75,-597,-619,-243,-2257,0,0
1240,-588,-445,57,-364,-2250,0,0
1986,-890,-142,754,-808,-3008,0,0
1213,-801,-143,1041,-1394,-4677,0,0
-443,-680,-444,622,-1471,-5179,0,0
-1695,299,-321,-129,-841,-7675,0,0
1324,978,285,1557,-2186,-12920,0,0
3506,-220,216,2605,-4825,-11033,0,0
-411,-116,127,2210,-3362,-7628,0,0
-1314,464,-69,2591,-1055,-3198,0,0
-984,1167,131,1185,-159,-1161,0,0
-780,1307,447,-807,-312,-1494,0,0
187,309,556,-948,-589,-655,0,0
150,-281,365,-973,-385,355,0,0
-29,-169,97,-595,-220,-401,0,0
463,-350,126,-89,-392,-920,0,0
-191,-385,72,-48,-407,-932,0,0
-1426,-305,120,-170,114,-639,0,0
-1583,-304,64,-673,417,-739,0,0
-1124,-264,-308,-761,355,-1885,0,0
-31,-515,-402,-625,271,-3445,0,0
1611,-441,-157,-136,-1225,-6728,0,0
1352,-3,-172,-677,-2550,-9093,0,0
-608,679,-69,520,-1352,-10012,0,0
-561,544,711,1815,-738,-8776,0,0
-274,271,380,1480,-478,-6278,0,0
257,188,-91,824,-679,-5009,0,0
713,-99,62,807,-1118,-3725,0,0
-346,-185,214,955,-631,-2033,0,0
-1341,-119,-49,870,65,-692,0,0
-1564,50,-579,709,16,-139,0,0
-1212,520,-927,241,-9,-542,0,0
255,1153,-643,108,255,-2522,0,0
2358,1656,236,-95,-1201,-4686,0,0
2706,1850,916,1657,-2545,-7588,0,0
1516,880,1287,2445,-2720,-6922,0,0
-673,213,992,2401,-1773,-5517,0,0
-1175,-187,360,2108,-1033,-5163,0,0
-69,-745,0,1439,-1133,-4283,0,0
192,-853,-118,705,-1146,-3844,0,0
123,-887,-149,471,-1138,-3213,0,0
-667,-906,-210,92,-985,-2195,0,0
-2243,-524,-342,-353,-465,-1398,0,0
-2809,-96,-605,-694,171,-1587,0,0
-1550,-238,-831,-902,398,-1735,0,0
117,-486,-832,-883,392,-1861,0,0
937,-345,-646,395,338,-2760,0,0
1401,-34,-548,2150,-9,-5570,0,0
1774,-264,-347,1467,-910,-7888,0,0
504,110,-48,1166,-1737,-10577,0,0
1776,454,609,2990,-2199,-13150,0,0
3817,-688,614,3955,-4329,-9645,0,0
-961,-653,141,2966,-2433,-3943,0,0
-2493,97,-112,682,900,-883,0,0
-8,384,178,-1219,852,254,0,0
627,736,106,-1203,12,315,0,0
343,839,-462,-1245,-615,-568,0,0
759,252,-619,-1155,-686,-909,0,0
1250,-155,-132,-420,-1110,-761,0,0
887,-198,199,236,-1353,-1553,0,0
-382,-322,321,236,-1170,-1620,0,0
-1888,-458,242,32,-784,-1603,0,0
-2185,-2880,-20,-271,-251,-2483,0,0
-1037,-1120,22,-380,131,-3315,0,0
687,-737,496,-268,-917,-5025,0,0
129,308,550,-98,-1372,-6888,0,0
-1563,1454,408,1867,-631,-8304,0,0
-318,1514,702,1310,-525,-9050,0,0
676,721,124,1091,-1305,-6394,0,0
185,849,-20,912,-897,-5947,0,0
1684,215,235,1214,-966,-4522,0,0
1588,-505,561,912,-1405,-2467,0,0
-1220,-380,387,638,-602,-1223,0,0
-1918,-355,-143,478,248,-1085,0,0
-73,-2280,-185,507,85,-1772,0,0
792,479,80,228,-1066,-2884,0,0
-353,1419,-112,1210,-892,-5356,0,0
891,881,370,1260,-1285,-6644,0,0
1825,-170,736,932,-2204,-5628,0,0
-305,-377,359,1228,-1640,-4757,0,0
-1062,-587,18,1054,-664,-3570,0,0
-187,-666,-128,709,-744,-3216,0,0
475,-513,-28,389,-1130,-3492,0,0
968,-441,89,398,-1580,-3293,0,0
1536,-428,-6,184,-2501,-3279,0,0
1380,-364,-116,-231,-2723,-2817,0,0
241,13,-15,-249,-1906,-2419,0,0
-825,260,7,-84,-1248,-2459,0,0
-1968,150,-6,-173,-1142,-1978,0,0
-3775,183,-135,-704,-444,-1357,0,0
-4443,282,-384,-205,1055,-1627,0,0
-2132,73,-364,481,2436,-2507,0,0
1552,-196,-323,630,1101,-5350,0,0
1663,-255,-507,1485,71,-7598,0,0
-375,195,-331,1536,689,-9811,0,0
1607,408,55,3681,-393,-12675,0,0
4053,-573,-156,4441,-3532,-9747,0,0
-487,-241,-569,3057,-2574,-4179,0,0
-2682,774,-382,1159,94,-1933,0,0
-980,900,242,-1865,579,-1607,0,0
219,677,401,-2430,675,-1494,0,0
1158,223,189,-1159,349,-1428,0,0
1154,-245,-363,-879,288,-1191,0,0
757,-412,-510,-113,-139,-1413,0,0
227,-726,-449,246,-381,-1086,0,0
-1024,-873,-449,165,-366,-1033,0,0
-2013,-958,-471,31,-94,-1121,0,0
-1422,-934,-536,-158,228,-1884,0,0
723,-1043,-503,433,157,-2689,0,0
2765,-598,-296,613,-1685,-5227,0,0
2104,10,-489,366,-3170,-6879,0,0
-1433,1464,-319,1536,-2531,-8471,0,0
-1786,1842,538,1738,-1114,-9710,0,0
-42,661,545,741,-773,-7172,0,0
187,235,685,362,-741,-5241,0,0
294,-47,822,623,-331,-3657,0,0
318,-469,871,711,-47,-2213,0,0
-181,-554,718,886,3,-1159,0,0
-459,-139,455,549,88,-1729,0,0
-403,325,108,267,-44,-2679,0,0
197,567,25,294,-209,-3965,0,0
1290,300,448,822,-943,-4955,0,0
988,77,512,1022,-1616,-5079,0,0
17,-91,110,868,-1359,-4993,0,0
149,-457,-8,580,-1445,-4591,0,0
153,-497,48,331,-1580,-4268,0,0
-34,-306,40,163,-1299,-4008,0,0
250,-278,25,-34,-1165,-3434,0,0
356,-197,-5,-318,-1151,-3061,0,0
-180,-91,-7,-208,-1265,-2805,0,0
-1542,-16,-77,-2120,-821,-1724,0,0
-2770,433,-253,-657,92,-1674,0,0
-1721,449,-467,-632,380,-2282,0,0
173,-47,-554,-79,256,-2012,0,0
1169,-325,-366,452,125,-2483,0,0
1187,-327,-418,811,-139,-3921,0,0
1108,-114,-740,1051,-869,-6946,0,0
1143,-134,-543,224,-1785,-9016,0,0
860,620,240,1301,-2772,-12847,0,0
2042,22,487,3935,-3787,-11669,0,0
-203,-504,189,3708,-3294,-6615,0,0
-2763,-16,-124,1748,-776,-2369,0,0
-2202,660,160,-627,-44,-1152,0,0
-1387,833,363,-1672,390,-393,0,0
-266,738,504,-688,619,-113,0,0
1435,306,402,-910,574,-983,0,0
2170,-405,-102,-692,-52,-923,0,0
673,-444,-370,-300,-715,-462,0,0
-1321,-205,-431,-386,-669,-1046,0,0
-1988,-436,-469,-397,-99,-1310,0,0
-1319,-727,-468,-323,340,-3800,0,0
389,-900,-342,270,180,-3013,0,0
2035,-561,-6,1220,-700,-5161,0,0
1779,220,2,1192,-2549,-7918,0,0
-1190,1379,-83,2171,-1140,-9048,0,0
-351,1555,519,1673,-729,-9938,0,0
1619,200,83,769,-1648,-7297,0,0
419,-53,-81,219,-1397,-5001,0,0
194,-67,92,666,-607,-3613,0,0
697,-490,292,686,-279,-2001,0,0
-45,-525,203,306,-467,-1145,0,0
-478,-418,-36,196,-462,-1417,0,0
-48,-185,-9,325,-713,-2673,0,0
186,95,168,725,-1311,-3721,0,0
-597,302,194,725,-1280,-4332,0,0
-1013,564,181,780,-1017,-4672,0,0
387,549,125,777,-981,-5275,0,0
2066,-101,283,751,-1940,-4965,0,0
667,-470,504,473,-2432,-4207,0,0
-1860,-381,436,1023,-1449,-3485,0,0
-2145,-551,291,1180,-860,-2340,0,0
-1879,-617,66,779,-781,-1719,0,0
-1713,-174,-55,-198,-221,-2168,0,0
-531,688,201,-544,-125,-3867,0,0
888,1125,364,-342,-328,-5370,0,0
974,1019,673,-186,-216,-5352,0,0
54,766,712,339,171,-4402,0,0
-17,295,303,429,456,-3722,0,0
231,-261,3,-169,190,-2721,0,0
-459,-429,-392,-487,279,-2651,0,0
-311,-705,-590,235,835,-2481,0,0
497,-818,-531,744,834,-3797,0,0
1074,-703,-765,1672,185,-6640,0,0
1610,-830,-695,880,-1087,-8697,0,0
1848,-395,-185,1372,-2715,-11782,0,0
3442,-661,144,2939,-5088,-11087,0,0
902,-1026,-265,2281,-5045,-5563,0,0
-2384,-31,-437,1335,-2084,-1924,0,0
-1668,646,4,-309,-337,-716,0,0
-1181,837,218,-1346,578,141,0,0
-149,777,174,-659,391,345,0,0
1655,247,-243,-361,239,58,0,0
2110,-182,-542,-512,-373,-29,0,0
1117,-265,-331,-683,-725,-389,0,0
-769,-223,-181,-609,-651,-378,0,0
-2606,24,-59,-317,-371,-895,0,0
-2775,8,-20,-609,-4,-1647,0,0
-982,-174,157,-335,-367,-3603,0,0
577,-185,505,-29,-1165,-6097,0,0
621,189,373,825,-2395,-9227,0,0
-1133,561,222,2139,-1065,-9198,0,0
-1903,1058,836,2462,288,-9062,0,0
-933,649,402,1659,419,-7417,0,0
-501,407,21,744,408,-5558,0,0
521,244,111,579,115,-4792,0,0
1188,-485,190,481,-215,-2850,0,0
-361,-665,62,435,-93,-1415,0,0
-1469,-625,-388,263,293,-860,0,0
-490,-523,-487,347,836,-1079,0,0
1127,71,119,591,-321,-2698,0,0
640,887,155,176,-344,-6984,0,0
847,893,268,1201,-175,-6538,0,0
2462,-64,838,814,-1060,-5875,0,0
1993,-465,557,976,-1697,-4783,0,0
955,-570,361,975,-1202,-3574,0,0
1002,-575,410,624,-1567,-3709,0,0
1044,-494,463,480,-1898,-3642,0,0
550,-334,210,450,-1917,-3490,0,0
219,-433,-202,-30,-2133,-3189,0,0
-583,-504,-428,-480,-1727,-2029,0,0
-1898,-35,-446,-862,-1161,-1948,0,0
-2307,152,-452,-686,-607,-1911,0,0
-2134,163,-554,-1210,-292,-1711,0,0
-1440,146,-667,-643,127,-2379,0,0
-27,-257,-506,-217,63,-2406,0,0
434,-166,-400,-29,-51,-4074,0,0
-37,120,-521,993,-394,-7240,0,0
-257,262,-290,1339,-754,-10478,0,0
785,513,187,2503,-1155,-13525,0,0
3100,-278,329,3688,-3416,-11201,0,0
106,-413,171,2263,-3045,-4951,0,0
-2564,541,289,243,647,-1081,0,0
-590,851,813,-1243,1394,-186,0,0
672,932,767,-985,279,-843,0,0
988,415,27,-990,221,-826,0,0
1304,-118,-501,-542,109,-205,0,0
1617,-372,-397,-89,-589,-611,0,0
940,-574,-266,341,-942,-806,0,0
-803,-549,-98,212,-888,-735,0,0
-2446,-508,-141,-133,-628,-988,0,0
-2648,-569,-270,-495,-73,-1403,0,0
-730,-558,-127,-398,117,-3509,0,0
1705,-275,313,-93,-1838,-6880,0,0
1381,358,328,1208,-2938,-8788,0,0
-1443,1365,790,1613,-1132,-9979,0,0
-1163,1519,1095,1588,366,-10646,0,0
1441,20,629,933,-487,-7248,0,0
543,-332,375,511,-1078,-5003,0,0
-2832,-265,88,531,1,-3317,0,0
-321,-639,84,725,254,-1742,0,0
-472,-785,-81,812,51,-790,0,0
-714,-619,-497,438,38,-657,0,0
-186,-221,-835,51,-65,-1476,0,0
778,331,-913,-217,-618,-3020,0,0
1674,656,-581,-5,-1638,-4644,0,0
1413,596,91,245,-2274,-6156,0,0
121,359,364,453,-2102,-5828,0,0
-468,80,384,475,-1550,-4843,0,0
-365,-205,447,602,-926,-4211,0,0
-315,-394,485,594,-814,-3662,0,0
-350,-382,389,538,-561,-3201,0,0
64,-248,158,361,-587,-3167,0,0
532,-56,-129,367,-1036,-3650,0,0
450,72,-229,-10,-1469,-4154,0,0
-81,107,-180,-339,-1424,-3990,0,0
-800,150,-142,-220,-957,-3369,0,0
-1159,151,-129,-388,-409,-2805,0,0
-927,177,-254,-767,-75,-2615,0,0
-298,80,-392,-838,-205,-2491,0,0
88,-190,-412,-278,-144,-1973,0,0
170,-333,-254,102,-64,-2076,0,0
50,-182,-319,586,-100,-3202,0,0
124,31,-539,984,-602,-5370,0,0
9,278,-319,747,-1211,-7857,0,0
-275,956,148,1581,-787,-11519,0,0
2083,381,489,3775,-1949,-12216,0,0
1733,-398,130,3665,-3389,-9274,0,0
-624,-210,-435,2855,-1995,-4276,0,0
-1198,390,-142,1009,-231,-472,0,0
-1308,1192,394,-418,417,-183,0,0
262,1161,338,-1414,508,-544,0,0
2353,331,-349,-1881,-216,-18,0,0
2290,-34,-584,-1184,-546,-403,0,0
1320,-245,-144,-774,-775,-926,0,0
-2904,-66,68,194,-821,-1465,0,0
-2618,-3,-52,608,-384,-2384,0,0
-2318,-618,-377,61,249,-2670,0,0
-822,-1362,-419,134,-31,-3968,0,0
432,-1719,-96,172,-467,-5340,0,0
1194,-1182,53,682,-1561,-7954,0,0
94,-490,-165,647,-1271,-7092,0,0
-1787,900,524,952,-91,-7524,0,0
-1175,1195,590,1500,-20,-7367,0,0
207,501,55,754,133,-4946,0,0
1564,185,28,610,-419,-4000,0,0
2486,-259,162,498,-932,-2706,0,0
1419,-426,185,515,-930,-1600,0,0
-504,-395,4,528,-772,-1272,0,0
-1381,-135,-98,115,-468,-1796,0,0
-1655,559,-245,-686,-750,-3537,0,0
-1355,923,-246,443,-258,-4829,0,0
330,510,658,1416,-715,-5710,0,0
659,69,859,1323,-1213,-5671,0,0
-60,-264,278,1315,-776,-4844,0,0
220,-658,141,708,-804,-4088,0,0
560,-686,177,164,-1107,-4065,0,0
704,-535,320,245,-1209,-4002,0,0
580,-391,325,255,-1248,-3890,0,0
74,-248,72,-165,-1310,-3676,0,0
-362,-131,-127,-481,-1013,-3375,0,0
-499,-96,-127,-340,-670,-2645,0,0
-854,-69,-89,-475,-576,-1771,0,0
-1604,213,-188,-616,-47,-1454,0,0
-1318,404,-340,-840,227,-2059,0,0
149,105,-349,-406,323,-2023,0,0
1431,-196,-102,148,-189,-2954,0,0
1171,-258,-148,743,-641,-4836,0,0
87,-134,-516,1299,-1187,-7082,0,0
-87,178,-491,25,-1280,-9397,0,0
1934,535,51,1242,-2751,-12575,0,0
3161,-36,308,2890,-5071,-11062,0,0
176,-189,73,2639,-4021,-7117,0,0
-1886,225,126,1924,-1101,-2619,0,0
-2354,672,647,441,882,-187,0,0
-2575,758,1053,-665,735,343,0,0
-1229,380,203,-1240,674,141,0,0
695,-45,-968,-770,257,-249,0,0
2125,-424,-942,-530,-253,-552,0,0
2126,-691,-755,-397,-790,-436,0,0
312,-398,-521,-418,-915,-743,0,0
-1206,-213,-145,-611,-499,-844,0,0
-1640,-199,-27,-733,-168,-1366,0,0
-937,-311,-34,-795,237,-3248,0,0
693,-305,87,-583,-280,-5316,0,0
744,384,286,945,-1756,-8133,0,0
-945,1321,254,2309,-729,-9786,0,0
-454,1669,692,2829,410,-11147,0,0
1667,287,359,2428,-1108,-8298,0,0
425,-300,-92,418,-1499,-5156,0,0
-833,-79,-31,469,-616,-3982,0,0
126,-546,318,529,-434,-2407,0,0
10,-817,411,412,-389,-1700,0,0
-298,-810,296,515,-173,-1651,0,0
234,-589,298,368,-430,-2204,0,0
-68,-114,68,-432,-712,-3021,0,0
-680,358,-67,474,-483,-4031,0,0
-130,395,477,945,-597,-4775,0,0
543,135,534,708,-934,-4795,0,0
334,-168,86,515,-967,-4487,0,0
-141,-397,-188,319,-904,-4063,0,0
-158,-391,-157,84,-819,-3898,0,0
223,-289,43,162,-843,-3827,0,0
789,-318,175,144,-1146,-4066,0,0
711,-351,130,-195,-1504,-4093,0,0
145,-232,63,-536,-1435,-3913,0,0
-85,-78,38,-583,-1085,-3622,0,0
83,34,-5,-430,-914,-2919,0,0
-61,130,-81,-406,-988,-2394,0,0
-996,122,-206,-503,-798,-1981,0,0
-1963,151,-327,-974,-347,-1650,0,0
-1857,215,-485,-1018,299,-2111,0,0
-212,-70,-364,-257,509,-2083,0,0
1419,-224,-63,314,32,-3403,0,0
1138,-93,-298,1406,-1070,-5717,0,0
81,1,-679,1291,-1791,-8596,0,0
436,243,-153,-204,-2163,-11005,0,0
2394,432,552,1655,-4015,-12775,0,0
670,-113,835,2251,-3827,-8319,0,0
-3355,464,763,2266,499,-3334,0,0
-1708,978,633,1291,1805,-1045,0,0
726,1093,649,-318,1060,-249,0,0
769,1083,504,-1060,529,-472,0,0
590,465,-222,-926,447,-1601,0,0
1242,-600,-798,-474,-327,-800,0,0
1200,-839,-852,-125,-1104,-1136,0,0
91,-847,-796,-196,-1261,-1637,0,0
-1601,-774,-614,-827,-1044,-1742,0,0
-2597,-754,-444,-1250,-278,-1607,0,0
-1740,-822,-218,-609,297,-2317,0,0
144,-633,92,89,188,-4422,0,0
1578,7,295,-605,-866,-7283,0,0
331,694,-214,-328,-483,-8617,0,0
-999,1415,772,931,490,-8867,0,0
51,1227,800,2243,334,-7865,0,0
1137,515,135,1116,-434,-5880,0,0
1425,94,-14,818,-1025,-4455,0,0
1326,-361,226,966,-1018,-2944,0,0
9,-567,235,831,-935,-1857,0,0
-1042,-470,-23,407,-408,-1624,0,0
-248,-314,-60,706,-674,-2422,0,0
-1,-19,30,545,-1055,-3069,0,0
-1133,327,31,743,-482,-3957,0,0
-966,302,254,301,-8,-4315,0,0
454,128,344,454,-529,-4570,0,0
808,-39,145,733,-663,-4569,0,0
516,-192,7,326,-1049,-4464,0,0
-119,-127,-60,190,-1168,-4375,0,0
-373,-58,-116,290,-875,-3865,0,0
-607,-86,-212,333,-589,-2570,0,0
-1374,-50,-411,-100,-591,-1907,0,0
-2012,-3,-661,-517,-301,-1757,0,0
-1803,-52,-868,-1143,112,-1928,0,0
-587,-213,-899,-1314,306,-2328,0,0
419,-124,-699,-600,872,-3164,0,0
1371,165,-303,280,765,-5843,0,0
1693,264,180,1240,198,-8694,0,0
1660,513,684,1626,-473,-10934,0,0
2785,575,1158,4101,-2256,-11119,0,0
2163,250,767,4271,-3285,-7191,0,0
-1104,686,94,2958,-1488,-2752,0,0
-2498,1418,249,1277,120,-1352,0,0
-1581,1422,390,-897,960,-1355,0,0
516,581,81,-1681,495,-1172,0,0
2224,-399,-329,-1829,-101,-473,0,0
2002,-451,-470,-865,-373,-637,0,0
1458,-430,-74,335,-778,-1112,0,0
95,-537,241,591,-931,-1075,0,0
-2578,-600,21,123,-732,-811,0,0
-4424,-760,-645,81,-31,-341,0,0
-3612,-910,-1224,67,1049,-787,0,0
-1138,-719,-1663,2179,1320,-1266,0,0
-467,605,-1355,4281,-648,-3544,0,0
-1800,2555,72,3331,838,-6357,0,0
-2486,4114,1987,4448,2883,-6797,0,0
-901,4112,2916,6911,3193,-5502,0,0
1162,3540,2629,5464,1272,-4657,0,0
1052,3350,2071,2887,452,-4031,0,0
1197,2968,1557,2476,555,-3072,0,0
1966,2391,1321,2914,-196,-2384,0,0
1225,1982,1203,3707,-806,-1867,0,0
-867,1986,1264,5089,-918,-1843,0,0
-2503,1848,1440,5741,-558,-1873,0,0
-3042,1290,1102,5063,226,-1400,0,0
-2098,649,85,4324,617,-1361,0,0
-227,107,-835,4160,-366,-1290,0,0
339,-162,-996,3651,-800,-717,0,0
-101,-116,-761,3271,-607,-639,0,0
-115,-91,-491,3433,-624,-477,0,0
327,-157,-250,3907,-708,-234,0,0
434,-173,-164,4131,-799,-203,0,0
383,-182,-247,4022,-830,-223,0,0
496,-233,-314,3974,-804,-226,0,0
462,-259,-252,3912,-859,-93,0,0
140,-198,-175,3778,-737,-156,0,0
-94,-149,-167,3805,-480,-132,0,0
-188,-86,-151,3769,-293,-180,0,0
-101,-45,-136,3762,-163,-242,0,0
14,-11,-120,3886,-154,-271,0,0
36,13,-97,3925,-199,-353,0,0
-69,28,-105,3847,-171,-386,0,0
-104,24,-112,3788,-152,-431,0,0
-67,10,-116,3791,-137,-397,0,0
-23,41,-92,3739,-92,-446,0,0
103,51,-102,3595,-94,-420,0,0
174,54,-141,3317,-108,-480,0,0
278,12,-223,3094,-73,-521,0,0
316,0,-261,4346,-292,-180,0,0
134,164,89,5039,-326,-400,0,0
225,196,329,4193,36,-409,0,0
528,147,70,3883,-71,-304,0,0
610,99,-200,3872,-296,-284,0,0
240,83,-249,3861,-359,-130,0,0
-221,145,-132,3954,-165,30,0,0
-199,204,43,3985,3,51,0,0
96,211,124,4078,-32,-4,0,0
205,184,75,3908,-143,-88,0,0
-2,165,-40,3858,-231,-95,0,0
-317,182,-34,3847,-191,-133,0,0
-423,199,88,3968,-39,-56,0,0
-243,207,243,3921,27,65,0,0
-12,237,278,3875,37,70,0,0
67,247,239,3989,-12,36,0,0
6,191,194,4000,-31,41,0,0
-150,105,138,4009,-51,144,0,0
-252,49,76,3903,-83,137,0,0
-263,-3,24,3978,-166,188,0,0
-218,-29,45,3965,-270,209,0,0
-158,-32,72,3924,-380,187,0,0
-149,-7,106,4034,-461,219,0,0
-200,41,167,4006,-448,109,0,0
-290,16,167,3877,-352,122,0,0
-278,-26,127,3782,-323,111,0,0
-246,-56,134,3907,-395,150,0,0
-297,-53,170,3907,-379,160,0,0
-291,-42,115,3929,-418,127,0,0
-180,-34,36,3954,-565,29,0,0
-85,-52,17,3866,-757,-74,0,0
-146,-63,37,3900,-797,-75,0,0
-194,-58,90,3990,-716,-88,0,0
-232,-71,79,4021,-564,-37,0,0
-139,-89,23,3901,-604,-89,0,0
-110,-105,7,3828,-649,-149,0,0
-134,-131,31,3769,-597,-101,0,0
-177,-134,9,3695,-532,-73,0,0
-166,-111,-16,3730,-496,-64,0,0
-152,-95,-42,3774,-471,-123,0,0
-148,-97,-84,3881,-503,-206,0,0
-132,-122,-105,3861,-533,-266,0,0
-68,-159,-143,3806,-615,-229,0,0
-3,-127,-145,3874,-668,-239,0,0
21,-56,-112,3936,-535,-344,0,0
99,-41,-107,3952,-384,-403,0,0
241,-90,-123,3976,-380,-363,0,0
285,-139,-118,4042,-384,-259,0,0
273,-184,-115,4023,-424,-194,0,0
164,-206,-138,3895,-516,-166,0,0
-5,-184,-147,3795,-558,-129,0,0
-72,-133,-103,3763,-626,-175,0,0
-146,-56,-19,3814,-583,-316,0,0
-312,6,16,3977,-344,-435,0,0
-328,-12,-20,3924,-127,-457,0,0
-144,-66,-97,3952,-118,-428,0,0
28,-109,-126,3946,-241,-368,0,0
100,-104,-99,3896,-341,-337,0,0
15,-55,-62,3885,-292,-361,0,0
41,-27,-13,3894,-256,-460,0,0
107,-39,41,3921,-253,-515,0,0
146,-81,49,3862,-200,-562,0,0
146,-151,-4,3890,-217,-517,0,0
18,-177,-62,3877,-170,-509,0,0
-71,-186,-101,3837,-124,-479,0,0
-128,-184,-131,3773,-133,-449,0,0
-136,-153,-121,3947,-153,-541,0,0
-54,-148,-69,4185,-160,-636,0,0
155,-212,-21,4224,-258,-735,0,0
220,-316,-55,3613,-381,-550,0,0
-250,-203,-153,3567,-400,-368,0,0
-603,83,21,3795,-127,-503,0,0
-177,268,344,3913,188,-591,0,0
614,312,490,3867,137,-728,0,0
974,263,384,3759,-56,-820,0,0
757,190,184,3921,-145,-796,0,0
447,102,76,4124,-97,-791,0,0
388,-23,3,3990,-79,-733,0,0
374,-126,-134,3811,-116,-643,0,0
268,-201,-277,3794,-181,-536,0,0
79,-227,-356,3787,-209,-489,0,0
-75,-218,-358,3820,-233,-437,0,0
-154,-180,-329,3808,-242,-481,0,0
-106,-136,-287,3927,-331,-529,0,0
-56,-103,-248,3888,-384,-547,0,0
-57,-53,-191,3796,-407,-551,0,0
-49,15,-57,3694,-354,-548,0,0
-100,100,94,3689,-253,-552,0,0
-175,179,195,3753,-102,-605,0,0
-53,196,260,3676,-19,-628,0,0
66,180,271,3711,-37,-608,0,0
32,175,259,4132,-113,-584,0,0
-62,188,275,4331,-115,-625,0,0
-96,195,259,4097,-42,-686,0,0
6,163,147,3918,15,-707,0,0
164,107,6,3919,-86,-704,0,0
180,81,-69,3857,-138,-660,0,0
185,74,-76,3850,-101,-594,0,0
326,63,-35,3891,-152,-568,0,0
396,48,-18,3881,-193,-495,0,0
331,39,-41,3889,-177,-438,0,0
308,10,-79,3853,-181,-377,0,0
248,-15,-115,3896,-221,-316,0,0
131,-24,-109,4003,-205,-246,0,0
85,-25,-89,3976,-166,-238,0,0
64,-28,-96,3951,-199,-213,0,0
19,-10,-117,3916,-217,-267,0,0
27,-9,-121,3918,-267,-293,0,0
38,-16,-88,3842,-332,-382,0,0
-5,-26,-43,3869,-374,-409,0,0
-125,-26,25,3995,-327,-359,0,0
-203,13,102,4000,-214,-432,0,0
-132,22,92,3830,-98,-502,0,0
11,-20,6,3720,-152,-541,0,0
14,-63,-19,3834,-247,-537,0,0
-121,-84,47,3890,-200,-474,0,0
-195,-82,74,3947,-116,-449,0,0
-154,-77,38,3977,-124,-456,0,0
-123,-78,-16,3900,-154,-478,0,0
-127,-72,-34,3857,-169,-508,0,0
-108,-74,-7,3762,-161,-508,0,0
-141,-75,0,3797,-152,-470,0,0
-177,-57,35,3990,-142,-436,0,0
-152,-25,86,3963,-102,-436,0,0
-146,11,54,3870,-56,-448,0,0
-76,34,1,3838,-80,-468,0,0
6,46,7,3823,-139,-454,0,0
-19,72,47,3927,-128,-452,0,0
15,93,79,3954,-81,-497,0,0
75,93,49,3928,-93,-479,0,0
67,107,-6,3876,-107,-506,0,0
131,130,-18,3743,-111,-512,0,0
185,138,-15,3644,-131,-498,0,0
180,152,-8,3685,-99,-412,0,0
251,184,28,3842,-68,-327,0,0
344,214,53,4009,-57,-283,0,0
367,225,9,4066,-60,-299,0,0
374,216,-86,4095,-82,-299,0,0
393,183,-154,4022,-189,-260,0,0
364,160,-168,3959,-305,-239,0,0
356,137,-96,4065,-425,-202,0,0
347,114,21,4073,-465,-107,0,0
317,113,93,3993,-468,-74,0,0
267,104,145,3945,-430,-97,0,0
217,56,213,3970,-402,-58,0,0
59,20,277,3924,-316,-40,0,0
-77,1,275,3920,-213,-15,0,0
-117,-35,218,3920,-206,-6,0,0
-140,-53,146,3917,-229,-10,0,0
-153,-54,85,3922,-233,-50,0,0
-150,-70,42,3865,-242,-103,0,0
-178,-98,-19,3703,-237,-118,0,0
-224,-91,-80,3823,-242,-80,0,0
-165,-41,-55,3900,-214,-151,0,0
-15,-11,-60,3824,-186,-260,0,0
75,-43,-164,3760,-247,-249,0,0
25,-53,-223,3767,-278,-219,0,0
12,-13,-176,3780,-177,-213,0,0
137,-6,-107,4018,-149,-214,0,0
164,-49,-79,4176,-221,-163,0,0
-33,-64,-124,4101,-218,-98,0,0
-198,-57,-183,4036,-178,-67,0,0
-206,-74,-160,3922,-195,-96,0,0
-286,-109,-124,3859,-220,-87,0,0
-481,-126,-89,3940,-183,-60,0,0
-568,-120,-35,3964,-130,-29,0,0
-560,-93,5,3887,-94,-51,0,0
-510,-65,54,3831,-72,-121,0,0
-476,-59,132,3919,-86,-157,0,0
-522,-34,223,4021,-50,-154,0,0
-483,31,319,4060,1,-178,0,0
-302,109,369,4037,50,-235,0,0
-32,168,340,3923,71,-371,0,0
286,150,262,3860,31,-478,0,0
471,67,202,3979,-93,-548,0,0
401,-52,158,4039,-161,-570,0,0
184,-199,61,3930,-163,-536,0,0
-66,-344,-104,3953,-207,-394,0,0
-298,-385,-199,4069,-235,-294,0,0
-271,-346,-197,3982,-170,-270,0,0
6,-292,-206,3820,-203,-293,0,0
225,-233,-212,3720,-308,-374,0,0
322,-202,-162,3706,-381,-430,0,0
280,-216,-67,3839,-456,-378,0,0
66,-214,-26,3849,-447,-360,0,0
-90,-174,-40,3877,-396,-427,0,0
-72,-175,-29,3786,-400,-423,0,0
-141,-156,4,3757,-443,-526,0,0
-249,-114,67,3855,-412,-509,0,0
-323,-52,131,3912,-349,-515,0,0
-253,11,176,3781,-292,-579,0,0
-53,40,166,3702,-305,-615,0,0
50,61,171,3795,-400,-702,0,0
49,62,181,3693,-418,-703,0,0
-46,105,180,4042,-455,-739,0,0
4,163,266,4388,-476,-830,0,0
206,176,320,4300,-438,-933,0,0
389,125,238,4056,-486,-968,0,0
381,53,101,3848,-551,-926,0,0
256,12,86,3828,-572,-906,0,0
160,-44,149,3693,-532,-868,0,0
49,-100,151,3574,-458,-807,0,0
-14,-146,78,3631,-453,-766,0,0
-42,-167,16,3731,-452,-771,0,0
-29,-195,-20,3791,-448,-779,0,0
-63,-241,-103,3723,-463,-767,0,0
-189,-266,-230,3694,-451,-723,0,0
-207,-245,-265,3684,-427,-741,0,0
-105,-192,-229,3721,-420,-784,0,0
-13,-129,-182,3770,-398,-842,0,0
94,-100,-160,3787,-401,-889,0,0
118,-94,-157,3886,-440,-908,0,0
50,-79,-136,4067,-451,-905,0,0
46,-67,-94,3943,-392,-936,0,0
105,-73,-102,3694,-345,-916,0,0
122,-70,-116,3674,-345,-944,0,0
160,-59,-58,3771,-356,-955,0,0
155,-46,10,3922,-348,-984,0,0
165,-80,35,3915,-344,-972,0,0
121,-146,-31,3751,-370,-912,0,0
-55,-165,-100,3746,-388,-831,0,0
-187,-116,-64,3847,-376,-796,0,0
-192,-34,18,3815,-308,-801,0,0
-119,43,30,3783,-284,-827,0,0
-34,107,20,3812,-311,-898,0,0
78,149,60,3830,-321,-984,0,0
202,149,112,3763,-356,-1083,0,0
204,91,132,3714,-424,-1056,0,0
-73,52,112,3745,-461,-1001,0,0
-335,55,72,3793,-354,-956,0,0
-258,46,55,3826,-327,-902,0,0
-160,64,54,3892,-395,-894,0,0
-136,100,70,3951,-395,-912,0,0
-86,99,93,3885,-426,-931,0,0
-135,75,100,3923,-449,-926,0,0
-199,47,116,3855,-413,-899,0,0
-214,50,92,3809,-379,-936,0,0
-211,60,32,3778,-429,-1092,0,0
-469,35,-35,3760,-434,-1349,0,0
-415,-20,-78,3673,-215,-1147,0,0
258,-25,-46,3661,-289,-974,0,0
518,-11,-35,3859,-426,-974,0,0
332,-2072,-33,4119,-537,-1090,0,0
42,-66,-61,4035,-450,-1025,0,0
-94,-102,-109,3965,-375,-973,0,0
-48,-141,-119,3789,-380,-918,0,0
-15,-146,-146,3585,-400,-869,0,0
-23,-129,-163,3609,-405,-873,0,0
-2064,-131,-106,3776,-462,-863,0,0
