536,268,-128,4032,-1084,-123,0,0
760,310,150,4192,-989,-534,0,0
900,379,297,4214,-499,-1406,0,0
844,630,220,4557,-910,-4499,0,0
-573,-200,27,4520,-2604,-4794,0,0
-2033,-1250,305,3733,-798,-2198,0,0
-3216,-1734,588,3836,-2423,-2318,0,0
-2138,-2189,859,3454,-1203,-3515,0,0
-794,-2803,1331,4393,-2408,-3276,0,0
-1409,-3212,1509,4907,-2310,-2529,0,0
-2127,-3432,1207,4949,-2152,-2412,0,0
-2527,-3431,791,4612,-1969,-2782,0,0
-2527,-3498,317,4277,-1316,-2180,0,0
-1480,-3407,7,3419,-755,-999,0,0
261,-2820,8,2504,-591,-1147,0,0
1384,-2112,361,1807,-404,-1557,0,0
1612,-1496,580,649,-431,-1442,0,0
440,-820,431,-127,-286,-1513,0,0
-443,-175,285,-281,318,-1676,0,0
-143,338,265,-34,1152,-1400,0,0
443,718,235,453,853,153,0,0
668,2001,67,1772,1167,-782,0,0
1393,2972,-668,4443,742,-1923,0,0
541,3948,-1436,7807,-982,-3179,0,0
645,4557,-2241,12189,-1020,-2808,0,0
2350,5168,-2601,14554,-4027,-4985,0,0
2129,4304,-3177,14053,-2857,-1662,0,0
951,4290,-3609,10709,-2327,-3862,0,0
1076,3714,-2969,5537,405,-4334,0,0
67,2268,-2496,4281,-2132,-1536,0,0
3885,1760,-2953,3311,-3686,-1815,0,0
3773,1474,-3033,2457,-6687,-2715,0,0
918,1203,-2375,267,-8565,-4156,0,0
-738,470,-1306,-1091,-6893,-3687,0,0
145,-335,588,-133,-6759,-4627,0,0
-483,-1159,1821,752,-6855,-4728,0,0
-2459,-1967,2589,2749,-5183,-4080,0,0
-2900,-3000,3235,4921,-4954,-3629,0,0
-3766,-4018,3412,7270,-3328,-2965,0,0
-3432,-4901,3586,8598,-2485,-3044,0,0
-4548,-5653,3272,11516,-2526,-3379,0,0
-4495,-8024,2022,12823,-1380,-3390,0,0
-1709,-5877,1196,12256,-1547,-3768,0,0
382,-5328,846,8861,-526,-1675,0,0
2432,-3579,1237,4125,256,-3242,0,0
838,-2634,1502,2765,659,-3216,0,0
-1238,-1268,702,-864,3763,486,0,0
356,-15,448,-1766,3338,-1113,0,0
1231,1012,2,-574,1960,-1028,0,0
212,2135,-766,2594,2164,-375,0,0
528,3149,-1138,5132,2012,370,0,0
1083,4560,-1758,9619,626,-1195,0,0
728,5760,-2598,13430,1583,-2473,0,0
2090,5747,-2688,15842,-415,-5526,0,0
3298,4315,-2940,15801,-3388,-3185,0,0
3180,3954,-3229,13567,-3389,-3900,0,0
2307,3517,-3407,8067,-4118,-3007,0,0
694,3923,-3423,3881,-3160,-3890,0,0
2476,3087,-3230,1489,-3742,-3068,0,0
2771,2114,-2209,827,-7538,-4688,0,0
-713,1263,-1648,1098,-7095,-5957,0,0
-503,55,-480,-166,-5468,-4691,0,0
684,-994,1218,-373,-5879,-3797,0,0
-611,-1629,2118,1063,-5364,-3864,0,0
-1642,-2079,2529,2412,-4528,-3974,0,0
-2045,-2823,2952,4570,-3724,-3500,0,0
-2536,-3636,3466,6673,-2822,-3972,0,0
-2724,-4559,3451,9679,-2225,-4317,0,0
-3395,-5419,3106,11229,-1420,-3795,0,0
-3545,-5900,2001,12019,-704,-2509,0,0
-1541,-5907,1092,8182,-290,-549,0,0
-70,-4904,866,7253,-594,484,0,0
2109,-2960,970,2970,-59,-61,0,0
637,-1058,1555,1191,49,-2024,0,0
-1961,-353,965,972,2435,-2850,0,0
-510,-357,501,-509,2191,-1633,0,0
467,332,532,106,1806,-1678,0,0
418,1532,112,1787,1924,-2892,0,0
123,2585,-442,4184,1315,-4285,0,0
78,3152,-986,5647,1558,-1379,0,0
158,4257,-1275,8081,128,-3896,0,0
496,4880,-1580,11341,-87,-2056,0,0
1726,4637,-1560,12869,-983,-5403,0,0
2876,3720,-1457,11390,-2727,-3283,0,0
5146,2921,-1701,6446,-3469,-4521,0,0
3584,2129,-2277,2471,-3584,-2373,0,0
2004,2504,-2494,986,-2310,-914,0,0
1430,2712,-3128,1756,-992,-1516,0,0
814,2421,-3528,2220,-3644,-1504,0,0
-66,2478,-2772,1771,-4207,-3409,0,0
1823,1385,-793,1006,-5697,-3375,0,0
1496,643,705,-266,-7602,-6208,0,0
-808,-378,1307,-116,-6544,-5831,0,0
-1785,-1587,2367,2436,-6273,-5580,0,0
-2551,-2842,3261,5513,-5754,-6809,0,0
-3207,-4808,3987,10091,-3519,-5297,0,0
-3980,-6107,4306,13548,-3019,-3247,0,0
-3648,-6151,3033,13266,-2098,-1694,0,0
-700,-5578,2307,9983,-1308,-728,0,0
1034,-4356,2244,7980,-1027,-858,0,0
914,-2485,1857,5109,-1091,-2463,0,0
-137,-1355,1293,4250,220,-1751,0,0
-1721,-660,634,2925,1681,-1968,0,0
-561,-151,193,1065,1458,-1837,0,0
82,595,-118,1688,1324,-1820,0,0
-100,1405,-527,3894,826,-1643,0,0
-1518,2579,-1011,6147,1570,-2536,0,0
-57,3162,-1262,7681,1011,-744,0,0
1991,4040,-1705,11729,-1555,-1058,0,0
2206,5173,-2366,13680,-1247,-3393,0,0
1474,5207,-3022,11409,-1579,-2750,0,0
990,4709,-3405,7996,-2055,-1522,0,0
3165,4600,-3198,5159,-1264,-3295,0,0
4806,3458,-3140,3874,-4591,-2948,0,0
2243,2706,-3662,3558,-4560,-2705,0,0
2937,2073,-2996,2326,-5657,-2454,0,0
2632,1364,-1744,582,-7678,-3158,0,0
247,649,-790,-137,-6879,-2629,0,0
-96,173,175,256,-6763,-3756,0,0
-562,-630,1658,1459,-6790,-2734,0,0
-1684,-1194,2593,2740,-4881,-3171,0,0
-2291,-2125,3522,4784,-3706,-2953,0,0
-3089,-2933,4023,8787,-3281,-2706,0,0
-3581,-3876,4028,16578,-2915,-2723,0,0
-3177,-4224,4156,15335,-1973,-2206,0,0
-3309,-4503,4054,13575,-477,-3437,0,0
-2480,-5304,3483,11691,-884,-2382,0,0
-2193,-5343,2575,8321,-1266,-1164,0,0
-2623,-4453,1370,6735,-775,-1492,0,0
-1476,-3566,575,4885,-552,-478,0,0
-1417,-2249,416,2441,360,-254,0,0
-763,-1180,-143,1185,1275,371,0,0
578,130,-271,710,723,799,0,0
355,1724,-552,2529,1721,-291,0,0
238,2817,-800,5080,1708,-585,0,0
715,3830,-831,7472,751,-803,0,0
-107,4834,-901,12455,34,-1554,0,0
1795,5573,-1204,14674,-1369,-2840,0,0
2867,5631,-1992,12159,-2950,-5093,0,0
2655,5101,-3011,7257,-3599,-1504,0,0
4961,5345,-2846,4192,-641,-2631,0,0
5986,3467,-3458,4552,-4113,-2183,0,0
2684,2481,-4504,5423,-6058,-2404,0,0
2619,2552,-3497,3947,-8605,-3930,0,0
2120,1660,-2142,262,-9637,-4307,0,0
511,518,-105,-3056,-8977,-4243,0,0
-932,-449,1750,439,-5747,-3493,0,0
-1470,-1272,2696,1841,-4483,-3148,0,0
-1995,-1834,3146,3814,-4358,-3704,0,0
-2456,-2694,3525,6447,-3517,-3677,0,0
-3118,-3744,3864,10820,-3850,-3911,0,0
-4175,-4627,3843,16059,-3449,-3599,0,0
-4346,-5170,3431,14852,-2277,-2854,0,0
-3666,-5555,2889,13885,-1160,-2638,0,0
-2231,-5534,1942,10761,-790,-2501,0,0
-2184,-4929,1618,7178,-1333,-875,0,0
-192,-3848,1254,5328,-36,-85,0,0
69,-2748,783,2163,877,675,0,0
490,-1293,370,157,2174,1416,0,0
192,561,-168,-346,1831,-406,0,0
-467,1829,-704,905,1536,-751,0,0
-1415,2997,-795,3361,1205,-1982,0,0
-1742,3267,-879,5857,2154,-749,0,0
1209,3887,-583,8542,-817,-1157,0,0
1391,4482,-661,13842,-1738,-4384,0,0
3470,4212,-1264,13340,-1760,56,0,0
3946,5421,-2472,11075,-2791,-4022,0,0
2881,5054,-3427,7196,-794,-4110,0,0
2532,3817,-4013,5860,-2196,20,0,0
3594,3964,-4262,6084,-3621,-2344,0,0
4226,2800,-3567,5309,-5192,-3282,0,0
3509,1968,-2661,3211,-7337,-2589,0,0
1584,1564,-2649,-280,-9783,-4096,0,0
96,683,-1235,-139,-8173,-3672,0,0
426,-118,918,433,-8360,-3466,0,0
-1878,-997,2302,2226,-6970,-2913,0,0
-3133,-1808,3200,4579,-4828,-3269,0,0
-2928,-2910,3954,7227,-4352,-3059,0,0
-3603,-4067,4404,12085,-3224,-4400,0,0
-3409,-5452,4959,19108,-2649,-3276,0,0
-3726,-6196,4356,15050,-2227,-498,0,0
-4653,-5855,2857,14636,-909,-2003,0,0
-1655,-5977,1668,10121,-850,-1258,0,0
-128,-5148,1856,5771,-808,-138,0,0
-661,-3582,1604,4222,106,-235,0,0
-418,-2464,1388,1409,1251,640,0,0
552,-1309,1197,-765,1359,998,0,0
140,174,150,-82,1693,649,0,0
-17,1886,-780,1642,1013,58,0,0
-793,3726,-1267,5058,1836,-925,0,0
-2558,5245,-1345,8498,2409,-2799,0,0
-3269,5570,-1244,10442,4599,-546,0,0
1201,5626,-1331,15007,979,-1198,0,0
3733,5565,-1591,16317,-2741,-92,0,0
3312,6505,-1184,15297,-2166,-2387,0,0
4469,5594,-1869,12036,-2284,-2007,0,0
4897,4664,-3037,7509,-2972,-3298,0,0
3438,4134,-3607,6089,-2717,-4602,0,0
3497,2822,-3468,4425,-8518,-4143,0,0
801,2477,-2805,798,-8858,-6476,0,0
679,1207,-1668,-1530,-7046,-4208,0,0
800,-30,414,-31,-7219,-3487,0,0
-591,-675,1686,1306,-4622,-3224,0,0
-883,-1323,2545,1517,-3392,-2430,0,0
-1479,-1790,2996,2334,-3400,-1982,0,0
-2241,-2234,2988,3592,-2911,-1981,0,0
-2512,-2543,3064,4919,-3262,-2335,0,0
-3436,-3144,2672,11259,-4571,-3589,0,0
-3993,-3856,1881,17845,-3932,-2933,0,0
-3062,-5004,2736,15594,-745,-2129,0,0
-1356,-5813,4568,15147,-1360,-3019,0,0
-2704,-6027,3926,10994,-779,-2022,0,0
-3154,-6035,2472,7868,-1358,-1265,0,0
-3242,-5328,1507,6047,-817,-74,0,0
-2603,-4036,902,3439,-420,129,0,0
-3584,-3122,598,1570,613,831,0,0
506,-2083,499,-194,685,2036,0,0
1201,-526,295,-743,1722,2430,0,0
1449,1388,-165,254,1734,1537,0,0
377,3387,-1016,3686,1686,856,0,0
662,5277,-1470,6892,304,561,0,0
-357,7032,-1750,12558,1029,-618,0,0
397,7637,-1713,16467,155,-222,0,0
981,7808,-3632,20195,-723,-2338,0,0
3495,7053,-1391,19737,-764,-1284,0,0
4741,6198,-1925,18653,-2063,-1738,0,0
4566,5307,-3150,13605,-1704,-2525,0,0
5216,3920,-4063,6072,-3253,-2429,0,0
5089,3010,-3437,2807,-4529,-2836,0,0
4249,1594,-2982,4331,-9198,-2117,0,0
1813,1269,-2983,1571,-11420,-3819,0,0
-109,817,-1567,-197,-9069,-3408,0,0
-296,-56,1237,602,-6690,-2772,0,0
-777,-906,2866,1809,-5909,-3173,0,0
-2549,-1565,3125,3054,-4600,-3195,0,0
-3149,-2517,3340,5779,-3974,-2844,0,0
-3495,-3461,3387,7862,-4008,-3421,0,0
-3839,-4638,3300,11816,-3418,-3609,0,0
-4093,-6108,3533,16869,-1611,-2969,0,0
-2927,-7680,4061,20898,-1302,-433,0,0
-2186,-8106,4015,15292,-574,97,0,0
-1465,-7414,3226,12467,-145,266,0,0
-72,-6023,2210,7839,-162,487,0,0
72,-4071,1785,3453,1279,-100,0,0
81,-2398,1409,1838,2444,834,0,0
-83,-3288,806,-236,2880,1965,0,0
755,406,225,-1034,2876,1572,0,0
176,2271,-3088,2039,2217,384,0,0
499,3654,-1949,5314,1317,1262,0,0
790,5432,-2473,10181,544,557,0,0
752,6787,-2883,14904,-169,1096,0,0
800,7972,-2970,19254,-1086,-756,0,0
928,8036,-2953,20984,-1337,-69,0,0
2463,7455,-2738,21761,-1119,-412,0,0
4283,6297,-2568,17419,-17,-1884,0,0
5427,3984,-3159,11259,-1617,-2387,0,0
4870,2064,-3795,3715,-4969,-2022,0,0
4641,1384,-2220,2364,-4253,-2053,0,0
5186,189,-818,3048,-12181,-2121,0,0
-1022,348,-1753,-900,-12909,-2388,0,0
-2096,-77,-8,196,-7005,-2045,0,0
-581,-933,3081,1814,-5037,-2026,0,0
-1687,-1559,4274,3537,-3681,-1683,0,0
-3273,-2069,4367,4728,-3282,-2245,0,0
-4139,-2878,3884,6541,-1988,-2683,0,0
-3101,-3973,3494,8884,-2371,-3033,0,0
-3335,-5121,3359,9796,-1552,-2290,0,0
-2855,-6049,3293,10283,-827,-1368,0,0
-2348,-6281,3123,11782,-1294,-1650,0,0
-2721,-6187,2176,10495,-333,-1191,0,0
-992,-5782,1497,6720,-796,303,0,0
416,-4128,1338,5220,-358,759,0,0
629,-1677,1367,1435,789,-840,0,0
-409,-223,803,638,1913,-812,0,0
-779,809,54,-52,2071,-356,0,0
379,1485,-315,759,2221,396,0,0
1702,2645,-919,3401,892,-136,0,0
1515,3591,-1658,8344,1362,482,0,0
1616,5187,-2236,12709,-314,263,0,0
180,6889,-2966,16393,325,-1639,0,0
661,6898,-3400,19711,-428,1105,0,0
3339,6757,-3494,20980,-654,-264,0,0
6742,5777,-3717,18771,-2256,-267,0,0
5019,4403,-4654,14934,-4088,-1620,0,0
3893,3210,-4443,6953,-3803,-1618,0,0
4780,2300,-2652,853,-6375,-3158,0,0
3424,1033,-2257,492,-8733,-3518,0,0
-77,-218,-1722,2336,-9733,-890,0,0
-1545,-125,-688,1880,-8396,-1589,0,0
-658,-344,1567,1175,-6739,-2061,0,0
-926,-858,3383,2309,-4369,-1599,0,0
-2782,-1538,3957,3426,-3539,-1785,0,0
-4268,-2444,4198,4611,-2917,-1723,0,0
-4030,-3370,4173,5962,-2565,-2276,0,0
-3960,-4414,3975,7319,-2668,-2429,0,0
-4083,-5391,3305,8890,-1754,-1926,0,0
-3441,-5833,2621,11142,-2042,-1326,0,0
-3546,-5716,1615,13120,-1370,-1222,0,0
-1181,-5162,1074,10644,-673,-786,0,0
1761,-4111,1591,7313,-1298,-391,0,0
1271,-2184,2361,4674,-482,-2579,0,0
-683,-1119,1912,4096,33,-3013,0,0
-1784,-864,1288,2633,1783,-854,0,0
339,-548,690,689,1670,434,0,0
1599,420,-179,2035,678,-661,0,0
1040,1622,-750,3465,1722,-441,0,0
36,3097,-1348,5312,2277,-1415,0,0
-117,3921,-2066,8106,888,-40,0,0
-487,4954,-2637,11462,738,-412,0,0
548,5557,-2904,14300,655,275,0,0
3289,5499,-3079,16011,-1459,737,0,0
4558,5621,-2986,16784,-1768,-324,0,0
4873,5250,-3068,17031,-2711,-2192,0,0
2833,3364,-3388,10060,-4908,-3050,0,0
1624,2359,-2180,2804,-2971,-3020,0,0
3337,1409,-232,195,-5378,-5714,0,0
541,357,-17,-3584,-6311,-5778,0,0
-1771,33,-1188,-1198,-6574,-3374,0,0
-1651,-147,-1087,2454,-7905,-5018,0,0
-842,-1413,1076,2326,-6273,-2649,0,0
-722,-2402,3301,3097,-5253,-1603,0,0
-2186,-2918,4138,4572,-3216,-2393,0,0
-2486,-3777,4169,6710,-2448,-1633,0,0
-2625,-4278,4217,7613,-1757,-1026,0,0
-2610,-4472,4011,7052,-1336,-1106,0,0
-3029,-4552,3521,6447,-1643,-1537,0,0
-4123,-4533,2471,9218,-2059,-2474,0,0
-3133,-4236,1247,7958,-849,-1657,0,0
-1021,-3384,1196,4586,-992,-1323,0,0
-1325,-1682,773,4272,-734,-4474,0,0
-1511,-1149,104,3556,374,-4967,0,0
-2184,-1182,-887,2811,144,-1659,0,0
-1509,-771,-1227,1756,1426,-1586,0,0
1429,-664,-590,730,1042,-868,0,0
2354,341,83,135,955,-419,0,0
1386,1683,-199,1278,827,-1504,0,0
42,2570,-901,3796,1212,-1486,0,0
265,3239,-1217,5811,1829,550,0,0
2115,4162,-1580,9355,2078,669,0,0
3279,4591,-2221,12504,-1133,52,0,0
2167,5055,-2675,14893,-861,-490,0,0
3207,5448,-3179,17173,-1588,1992,0,0
2537,6003,-3591,19804,-5070,-535,0,0
197,5624,-3393,14808,-3343,-3274,0,0
625,4343,-2960,7632,-1132,-5008,0,0
3047,2608,-2740,2750,-1089,-2431,0,0
5826,1487,-2382,2219,-7456,-3834,0,0
1615,979,-2199,403,-8676,-6539,0,0
-1344,243,-1945,75,-7076,-4787,0,0
-1112,-612,-283,336,-6370,-3020,0,0
-490,-1410,1620,1157,-3899,-2219,0,0
819,-2073,2755,1717,-3049,-1483,0,0
1021,-2158,3437,2071,-3351,-1233,0,0
-787,-2043,3817,2972,-2877,-1229,0,0
-1895,-2148,3750,3404,-2282,-652,0,0
-2645,-2252,3746,4981,-2164,-1082,0,0
-3137,-2696,3519,10076,-3575,-1275,0,0
-2859,-2889,2928,11727,-4053,-2328,0,0
-3187,-3203,2742,13361,-2848,-2401,0,0
-3808,-3723,2663,12744,-2102,-3366,0,0
-1046,-3878,2629,11160,-2593,-3780,0,0
-1271,-3887,2314,8815,-1683,-1636,0,0
-1162,-3261,2275,5889,18,-1593,0,0
-144,-2926,2468,3086,252,-713,0,0
271,-2166,2192,902,583,342,0,0
386,-3376,1428,597,1914,784,0,0
1483,-484,329,841,2476,1379,0,0
847,934,-1244,2477,1282,960,0,0
-722,2659,-2706,5240,913,-793,0,0
-1903,4048,-3313,7660,233,-700,0,0
-2481,5250,-3123,10029,668,-830,0,0
-986,5781,-3108,13783,740,24,0,0
2459,6142,-3231,17709,-1581,-46,0,0
4181,6219,-3345,18136,-1460,901,0,0
5478,5956,-3558,18192,-2562,1345,0,0
6303,4733,-4268,13855,-3496,-1104,0,0
4721,2872,-4755,5711,-4661,-2322,0,0
3905,2142,-3477,2195,-4068,-2981,0,0
3379,901,-3098,2806,-8384,-4027,0,0
251,-288,-3048,2659,-11868,-1833,0,0
-2475,-419,-1691,1308,-9085,-2796,0,0
-1707,-1007,814,1063,-5713,-2581,0,0
692,-1641,3277,1601,-5265,-1234,0,0
-469,-1815,4181,2598,-4442,-728,0,0
-2440,-2099,4335,4144,-2794,-426,0,0
-2756,-2387,4271,5182,-2328,-957,0,0
-2857,-2849,3978,6540,-1821,-1725,0,0
-2506,-3334,3903,10066,-3347,-2073,0,0
-3481,-3685,3988,15268,-2357,-2051,0,0
-3567,-6336,3512,13686,-912,-3023,0,0
-2044,-4925,3311,14271,-554,-3416,0,0
-983,-5075,2927,11992,-1686,-2579,0,0
-2312,-4329,1798,9399,-496,-3160,0,0
-1814,-3960,1222,6656,933,-3232,0,0
24,-3449,1208,2643,2888,1220,0,0
899,-2309,578,45,1170,1349,0,0
-370,-780,-421,-342,1894,2883,0,0
-315,1291,-651,1108,2733,3588,0,0
903,3110,-641,3862,3008,2753,0,0
2066,4095,-1015,7756,251,1279,0,0
260,5346,-2165,11812,1940,191,0,0
1443,5967,-2600,15942,-212,354,0,0
2288,6687,-2984,18013,-670,-1322,0,0
2208,6205,-3636,19669,-1614,402,0,0
3606,5688,-4062,19541,-1888,-851,0,0
4339,4353,-4334,13681,-2977,-2712,0,0
3595,2905,-3965,6613,-3666,-1506,0,0
3244,2154,-2623,3015,-6749,-3965,0,0
2914,1244,-2049,981,-8380,-4913,0,0
1569,281,-1611,-913,-11169,-3826,0,0
-1063,-347,-1067,702,-9532,-2757,0,0
-763,-947,1428,1502,-7499,-2320,0,0
-954,-1647,3405,3324,-5471,-1622,0,0
-1830,-2240,4261,4877,-3628,-1597,0,0
-2480,-3015,4634,6661,-2697,-900,0,0
-3000,-3701,4550,8201,-1668,-947,0,0
-2673,-4237,4148,8887,-1848,-1025,0,0
-3030,-4451,3731,12920,-1388,-1654,0,0
-2756,-4532,3261,13185,-1037,-1678,0,0
-1133,-4349,3189,8388,-487,-1584,0,0
94,-3752,3408,7790,-611,-4055,0,0
-542,-3494,2774,6645,-1421,-4206,0,0
-2006,-3389,1846,4970,-163,-1996,0,0
-1798,-3116,1093,3308,1286,-903,0,0
-924,-2422,265,1015,1151,-272,0,0
406,-1356,-245,-999,1426,536,0,0
649,-20,-421,-1080,2046,171,0,0
843,1111,-677,-47,666,640,0,0
-48,2469,-1336,2677,1129,-321,0,0
523,3357,-1889,6221,1317,315,0,0
739,4600,-2107,10318,-167,-1801,0,0
-437,5244,-2210,13886,603,-1978,0,0
1716,5059,-2305,15594,-741,-4734,0,0
1656,4035,-3240,16304,-3695,-2851,0,0
1528,4345,-3561,14662,-2425,-2603,0,0
3723,4572,-3687,11938,-2256,-3492,0,0
5174,3248,-4445,7292,-4237,-2988,0,0
5296,2054,-3893,1666,-6982,-4328,0,0
3890,731,-2813,-1424,-14611,-3679,0,0
-1466,585,-2072,-1848,1159,-3359,0,0
-980,-71,22,857,-8971,-2889,0,0
414,-1153,3294,1672,-7206,-2471,0,0
-1741,-1576,4421,2981,-4959,-2238,0,0
-3362,-2010,4314,4508,-4175,-2504,0,0
-3875,-3172,4344,8084,-3514,-2555,0,0
-2714,-4275,4336,11066,-3105,-2934,0,0
-2396,-5178,4413,11906,-3673,-2912,0,0
-3586,-5477,4192,12296,-2620,-2287,0,0
-3042,-5319,3397,9203,-652,-1191,0,0
-513,-6688,3134,5599,-386,-461,0,0
890,-3263,2614,4606,-250,-1391,0,0
148,-1822,1711,2866,738,-2835,0,0
-434,-800,860,879,1639,-2184,0,0
-1666,-394,-363,-552,2693,-1829,0,0
852,-184,-762,-671,2573,-777,0,0
1905,1076,-941,468,1013,-1052,0,0
18,2616,-1799,2460,1914,-1851,0,0
-281,3381,-2722,4680,2000,-1609,0,0
830,3822,-3236,8022,1331,-526,0,0
1937,4214,-3372,10460,1189,-2484,0,0
3494,3451,-3187,12384,-395,4,0,0
3543,3425,-3242,16205,-1642,-724,0,0
2545,3748,-4454,18594,-2909,-750,0,0
1786,3994,-6145,18692,-3824,-822,0,0
2177,4075,-6787,14134,-4001,-1943,0,0
1893,3436,-5536,7870,-4106,-2104,0,0
2591,2345,-3445,3100,-6621,-4300,0,0
-2144,1504,-2721,-155,-10066,-5494,0,0
-798,737,-3404,2160,-13627,-5589,0,0
-1210,-484,-509,1177,-11485,-5059,0,0
-1452,-1859,3253,2018,-9403,-3218,0,0
-2180,-2730,4665,4905,-6443,-2165,0,0
-3182,-3340,4812,7841,-4880,-1298,0,0
-4350,-4007,4661,10514,-3509,-1151,0,0
-4525,-4717,4378,12465,-2075,-1465,0,0
-3382,-5258,3729,13760,-1467,-1497,0,0
-3034,-5703,2847,15618,-751,-1709,0,0
-1040,-6002,2288,11580,-183,-1057,0,0
998,-5407,2821,9356,-663,-556,0,0
325,-4107,2651,7089,-276,-1657,0,0
-1989,-3087,1574,3888,-239,-1533,0,0
-2929,-2535,538,2210,1957,-131,0,0
-674,-2207,-218,-256,2096,922,0,0
923,-1064,-360,-2248,1145,918,0,0
1495,170,-327,-1392,1704,1745,0,0
717,1852,-508,513,152,1053,0,0
-1117,3407,-727,2999,495,82,0,0
-1668,4648,-898,6861,3269,-1993,0,0
855,4757,-1061,10210,2240,-450,0,0
1261,5397,-1755,12518,961,-4214,0,0
3629,4973,-2267,14772,1552,-983,0,0
6565,4321,-3430,18432,-3290,1180,0,0
4565,4229,-5034,18468,-3677,-304,0,0
4284,3583,-5715,15944,-4901,-1113,0,0
1748,3306,-5205,9694,-3883,-3408,0,0
3525,2215,-4171,5131,-5057,-1767,0,0
1074,1251,-3275,2482,-7642,-2136,0,0
390,849,-2622,1088,-8185,-2662,0,0
1021,567,-2018,-485,-11526,-4109,0,0
-529,-229,-399,-215,-9168,-2485,0,0
-401,-910,2294,942,-6828,-1731,0,0
-678,-1341,4047,2203,-5238,-1602,0,0
-2119,-1651,4432,3448,-4001,-1221,0,0
-2826,-2054,4495,5756,-3949,-2078,0,0
-2987,-2742,4731,8385,-3927,-3305,0,0
-3271,-3693,4913,12915,-4428,-3828,0,0
-4671,-4443,4494,16772,-3860,-3829,0,0
-4862,-5453,3538,13722,-1544,-2635,0,0
-2736,-5820,2773,12353,-1540,-2139,0,0
-861,-7448,1920,9172,-1732,-1551,0,0
-884,-4465,1541,5938,-28,-985,0,0
476,-3342,1624,3844,1003,236,0,0
984,-1984,1380,552,1446,771,0,0
848,-795,869,-1195,2266,648,0,0
1279,289,267,-516,1988,-73,0,0
826,1410,-703,964,1964,585,0,0
648,3021,-1661,2944,1667,-725,0,0
1156,3826,-2719,5579,1505,-346,0,0
374,4538,-3642,9571,527,-2681,0,0
115,4507,-3978,12309,1331,-32,0,0
1810,4797,-3537,14562,-1676,584,0,0
-23,5378,-3194,16451,-2674,914,0,0
-4013,6417,-2687,17803,-2609,1169,0,0
-3027,7131,-1603,17485,407,167,0,0
2386,6381,-1182,13508,-347,-1957,0,0
5228,4641,-1682,8137,-744,-3726,0,0
6221,2861,-1864,4378,-2311,-4642,0,0
3803,1899,-1516,1370,-6899,-8627,0,0
-233,950,-2414,-56,-6974,-8404,0,0
-657,-538,-1827,888,-6345,-5063,0,0
-277,-1767,180,1033,-4957,-3880,0,0
-417,-2501,1473,1743,-4443,-2760,0,0
-1651,-2736,1885,2321,-3960,-1473,0,0
-3362,-2646,1613,3149,-3665,-806,0,0
-4036,-2774,995,4312,-1790,-1062,0,0
-2632,-3701,1163,7743,-1207,-1026,0,0
-829,-4484,2016,16653,-1698,-2025,0,0
176,-5404,2733,16920,-480,-2396,0,0
1476,-6268,4387,15549,-2,-4000,0,0
539,-7013,5494,16452,-1691,-2870,0,0
-1886,-6785,3982,12755,-1552,-1062,0,0
-2876,-6205,2278,10096,-579,461,0,0
-2160,-5266,1398,6927,896,2434,0,0
-151,-3647,942,1844,627,2705,0,0
354,-2301,1008,131,1891,3021,0,0
1766,-700,1024,-1633,2715,2672,0,0
1852,922,361,-1204,2587,2429,0,0
613,2686,-1029,1902,1457,1526,0,0
250,4148,-2117,5862,2212,1238,0,0
-330,5582,-2905,11208,1004,-1154,0,0
-2551,6276,-3175,13903,3553,-816,0,0
1513,5939,-2750,17644,-189,2977,0,0
3505,6415,-3423,21104,-3099,-49,0,0
2561,6503,-3431,19803,-4254,153,0,0
1872,6054,-3235,18399,-4346,332,0,0
3535,5425,-3537,15406,-2901,-1480,0,0
5017,4468,-4087,10298,-3813,-3138,0,0
4513,3105,-3451,4848,-5018,-3508,0,0
2954,1895,-1464,1965,-4333,-4339,0,0
2028,649,6,793,-4770,-4084,0,0
1019,-222,196,-247,-5160,-2770,0,0
-55,-499,237,45,-5520,-2795,0,0
-1286,-817,819,519,-4578,-2210,0,0
-1613,-1352,1909,1443,-3631,-1081,0,0
-1153,-1695,2870,2195,-3518,-1019,0,0
-959,-1885,3475,2728,-3166,-1321,0,0
-1357,-1930,3836,3994,-4082,-3364,0,0
-3715,-2347,3698,7810,-5321,-7328,0,0
-7606,-4738,2972,15025,-3482,-5527,0,0
-6933,-6710,1760,18329,-674,-1367,0,0
-2648,-7470,493,16243,-173,-1000,0,0
615,-7367,323,14480,-1816,-218,0,0
936,-6295,502,9873,-923,282,0,0
872,-4885,1078,6599,348,1074,0,0
1457,-3376,1552,3048,1903,1410,0,0
1595,-2014,2051,-554,2119,1003,0,0
1280,-517,1707,-2008,3259,225,0,0
502,863,464,-3432,2914,-83,0,0
-733,2140,-609,741,2804,-466,0,0
-504,3100,-1289,3397,2211,-38,0,0
-464,4031,-1812,6611,2413,-890,0,0
1319,4319,-1949,8631,1616,1198,0,0
2306,5043,-2223,12890,166,-92,0,0
1336,5487,-2497,15292,-211,645,0,0
-66,5892,-2438,17226,-746,-989,0,0
439,6018,-2637,16937,-1027,-2664,0,0
1427,5880,-2441,15604,-1660,-4289,0,0
3139,4263,-1859,11867,-1349,-2565,0,0
3866,2532,-1642,6947,-3607,-2778,0,0
3244,1620,-1441,1804,-4236,-3247,0,0
2601,1567,-1081,-1043,-4078,-4710,0,0
2184,192,-830,-2082,-4169,-3529,0,0
1135,-273,-222,-1498,-7736,-2713,0,0
-1576,-493,359,1546,-5822,-3005,0,0
-1409,-1077,1734,1556,-3309,-1988,0,0
-594,-1672,3131,2122,-2612,-1456,0,0
-759,-1941,3718,3076,-2646,-1044,0,0
-1534,-1853,3597,3514,-2411,-3592,0,0
-2252,-2020,3091,4316,-2396,-2396,0,0
-3117,-2600,2491,7722,-3651,-3898,0,0
-3523,-3529,2338,14151,-3536,-3536,0,0
-2696,-3929,2522,11018,-2260,-3887,0,0
-1846,-4695,3066,10364,-2403,-3765,0,0
-2025,-5223,2611,9339,-1960,-1655,0,0
-2268,-5043,1611,8432,-1337,-444,0,0
-517,-4302,1037,5460,-138,788,0,0
336,-2796,997,2974,-341,85,0,0
-136,-1792,922,666,950,-49,0,0
-270,-730,715,-245,1320,-1141,0,0
346,117,411,-907,1976,-1580,0,0
1383,890,61,-68,1709,-2384,0,0
1139,1438,-785,750,1499,-1919,0,0
406,2094,-1858,1989,581,-861,0,0
856,2652,-2444,4057,831,572,0,0
1325,3458,-2791,7518,-312,317,0,0
1364,4229,-3037,11134,-203,492,0,0
1181,5018,-3437,14470,-1119,-1017,0,0
62,5068,-3841,16242,-1151,902,0,0
398,5476,-3723,17277,-1315,-1232,0,0
1845,5073,-3036,16568,-1167,-1307,0,0
2548,3995,-2749,13213,-3383,-2026,0,0
1864,2706,-2741,6988,-2569,-3531,0,0
5103,1370,-2178,2151,-4260,-1663,0,0
4741,873,-1672,-216,-8728,-4198,0,0
1099,471,-2340,-1645,-8831,-4259,0,0
-1241,212,-1017,-474,-7256,-3296,0,0
-2282,-565,975,644,-5546,-2916,0,0
-2065,-1420,2135,1193,-3330,-2070,0,0
-1211,-2160,2877,2042,-2288,-1312,0,0
-1129,-2488,3278,2494,-1881,-844,0,0
-1775,-2452,3203,2562,-1397,-952,0,0
-1565,-2374,2859,2895,-1600,-1679,0,0
-1784,-2565,2512,4836,-2561,-2916,0,0
-2050,-2944,2322,9852,-4516,-2711,0,0
-3262,-2737,2020,9455,-3569,-3394,0,0
-2981,-3399,1932,11931,-2219,-3248,0,0
-1004,-3985,2264,11708,-2104,-2383,0,0
-655,-3849,2495,10225,-1871,-3076,0,0
-1133,-3666,2579,7800,-599,-2501,0,0
-1225,-3281,2487,5326,202,-521,0,0
-1035,-2589,2194,2075,916,-332,0,0
820,-1963,1716,-73,2938,1538,0,0
1708,-480,509,-232,1340,1404,0,0
1632,1059,-989,2954,3046,2306,0,0
2092,3029,-2071,7047,2581,746,0,0
206,4296,-2913,9877,2052,-2568,0,0
988,5010,-3733,13023,857,892,0,0
2849,5337,-4820,15744,-330,1162,0,0
4594,4807,-5317,18639,-2345,974,0,0
3788,4308,-5465,17641,-2353,2,0,0
2651,3821,-5266,17641,-1874,872,0,0
2775,3260,-5118,14335,-2872,-443,0,0
3246,2227,-5239,8300,-3974,-1261,0,0
4155,1356,-3976,2772,-6042,-1122,0,0
3329,749,-1506,1180,-4326,-2278,0,0
2972,-68,-2424,780,-6476,-1190,0,0
-461,-239,-897,-457,-8199,-450,0,0
-1968,-309,-408,189,-6966,-65,0,0
-1960,-461,1096,518,-5181,-777,0,0
-1606,-802,2629,1490,-4060,-744,0,0
-1871,-1131,3522,2173,-3389,-599,0,0
-2207,-1415,3796,3132,-3679,-977,0,0
-2880,-1933,3363,4567,-3644,-893,0,0
-4076,-2595,3234,8222,-2871,-2308,0,0
-3293,-3659,3737,11873,-2226,-2590,0,0
-3171,-4637,4711,14112,-1652,-1464,0,0
-2588,-4971,4677,14966,-1686,-786,0,0
-1233,-4698,4011,12658,-1258,-1286,0,0
-1886,-4291,3246,10466,-1423,-2207,0,0
-2303,-3898,2297,7794,-104,-826,0,0
-1280,-3141,1736,5452,1097,-189,0,0
157,-2467,1346,3331,786,-134,0,0
892,-1473,1021,960,1333,742,0,0
1318,-302,779,329,2513,630,0,0
793,597,154,1790,2452,351,0,0
-690,2026,-1200,3737,2507,506,0,0
-1845,3561,-2522,6873,3448,-149,0,0
308,4395,-3105,10449,1416,996,0,0
4068,4884,-3580,13185,-1608,1519,0,0
5077,5014,-4188,15510,-3426,598,0,0
3513,4740,-4786,16245,-3166,-39,0,0
1940,4508,-4840,14519,-2551,595,0,0
1207,4597,-4486,13945,-1876,-1035,0,0
1463,3876,-4160,12537,-1157,-1213,0,0
3200,2863,-3825,9514,-1832,-917,0,0
3535,2335,-3367,5541,-3197,-4243,0,0
527,1442,-2463,1409,-2238,-6063,0,0
-2428,-34,-646,-358,-2716,-3580,0,0
-1481,-788,352,863,-3855,-2191,0,0
-467,-1201,-136,-383,-9490,-4139,0,0
-2556,-1758,277,942,-7741,-2270,0,0
-2462,-2434,2147,4218,-5622,-1662,0,0
-1146,-3208,3825,5868,-3035,-1857,0,0
502,-3972,5561,7810,-1602,-1099,0,0
899,-3912,6288,9492,-2457,-1644,0,0
-1222,-3731,6135,9592,-2254,-1953,0,0
-3338,-4030,5202,8902,-1446,-1224,0,0
-4050,-4361,3638,10181,-1976,-750,0,0
-3594,-4397,2064,7289,-1112,-13,0,0
-2444,-3889,1306,7119,-1430,514,0,0
-818,-2810,827,5569,-784,420,0,0
-101,-1414,908,3591,-732,-920,0,0
-397,-344,970,2433,400,-1494,0,0
-734,185,508,1009,2916,-927,0,0
-317,595,-707,857,1354,966,0,0
412,1690,-1841,3866,3841,1891,0,0
2377,2786,-3392,7481,3128,3103,0,0
1654,4178,-3635,11543,1735,2719,0,0
1873,5221,-3045,14963,1721,2229,0,0
1444,5733,-3143,18276,-1908,1405,0,0
-192,5932,-3696,18673,-2119,-120,0,0
-233,5885,-4030,17890,-1958,375,0,0
1229,6004,-3855,15371,-1717,-1010,0,0
1868,5047,-3330,11288,-315,-2923,0,0
2792,2939,-2446,6148,-781,-2651,0,0
3133,1525,-3816,3020,-1769,-2487,0,0
2458,782,-1109,1898,-1340,-2687,0,0
2486,81,98,851,-1473,-2761,0,0
2129,-514,1105,663,-2660,-2122,0,0
229,-781,1287,494,-2836,-1650,0,0
-1494,-1062,1340,454,-1512,-1195,0,0
-1002,-1429,1588,1142,-1268,-948,0,0
-40,-1677,1836,1471,-1605,-778,0,0
-106,-1788,1992,1575,-1539,-338,0,0
-776,-1811,2254,1733,-1270,-111,0,0
-1227,-1855,2545,1836,-1059,-117,0,0
-1426,-1959,2724,2876,-1116,-27,0,0
-1186,-2110,2718,9983,-2011,631,0,0
187,-1962,2449,17832,-2889,2393,0,0
1019,-1377,2351,11430,-3454,1232,0,0
1991,38,4960,11455,730,-636,0,0
4984,846,6696,10693,-28,208,0,0
3317,2370,6445,8023,-4701,2565,0,0
-1767,3674,6138,8054,-987,642,0,0
-917,2441,4747,9863,4013,-316,0,0
-852,-1268,4359,830,-247,-1807,0,0
-3254,-1188,2856,646,-485,2291,0,0
-2554,-148,1960,2748,-1849,591,0,0
-2062,-159,1028,2541,-71,237,0,0
-1114,-399,-257,1385,966,468,0,0
-8,-465,-1783,1005,-109,979,0,0
622,-258,-3180,1624,-912,897,0,0
578,-131,-4539,2811,-1209,729,0,0
438,-107,-5877,4894,-1431,906,0,0
703,75,-7178,8458,-2077,1119,0,0
292,599,-8133,11785,-3159,284,0,0
-3012,1433,-7985,10120,-4002,-1514,0,0
-8412,2720,-5813,5597,-1640,-1894,0,0
-7420,3065,-1669,4608,1560,-1619,0,0
-1770,1889,923,5822,1986,-956,0,0
2717,755,380,5359,496,-424,0,0
3171,663,-370,3865,-1518,-535,0,0
2151,726,-266,3015,-1636,-1354,0,0
1712,296,162,3172,-2001,-2415,0,0
-347,-239,422,3746,-2030,-2853,0,0
-2383,-832,840,4048,-1116,-2078,0,0
-3537,-1528,1296,4778,-470,-1009,0,0
-3107,-2225,1570,5300,63,22,0,0
-1566,-2684,1649,5089,-1476,1499,0,0
-8316,-1601,1543,5726,-2203,5666,0,0
-12049,-886,-935,3885,441,4716,0,0
-4230,-3144,-1436,3849,1729,2999,0,0
942,-1113,-570,3663,1566,1131,0,0
4301,-934,27,3294,62,731,0,0
4605,-380,537,3417,-789,761,0,0
3384,199,444,3445,-871,107,0,0
2432,553,110,3635,-597,-83,0,0
3171,675,-34,4411,-790,133,0,0
4124,652,151,4875,-1382,371,0,0
3422,697,426,3931,-1449,-423,0,0
2432,623,620,3267,-1455,-626,0,0
1587,457,769,4403,-1464,352,0,0
1193,494,588,4240,-1265,100,0,0
1983,447,751,4152,-3182,73,0,0
156,437,773,4707,-3324,-203,0,0
-1818,417,736,4169,-2748,-24,0,0
-2458,380,915,4441,-2630,679,0,0
-3036,137,712,4551,-701,-2232,0,0
-1114,-175,892,4691,-1564,948,0,0
-98,51,933,3680,-76,473,0,0
129,-71,549,2477,-123,-1177,0,0
1043,-759,194,2605,-1008,-101,0,0
1608,-953,-138,2418,-2222,885,0,0
1723,-676,-286,2581,-3427,103,0,0
1063,-610,-70,2962,-3581,-156,0,0
-113,-476,-39,3535,-2399,-371,0,0
-551,-252,-285,3773,-1626,-668,0,0
-272,-252,-569,3834,-1326,-536,0,0
293,-318,-635,3888,-1488,-242,0,0
484,-304,-509,3866,-1564,-57,0,0
492,-264,-316,3663,-1809,-272,0,0
470,-269,-73,3707,-1900,-294,0,0
531,-269,72,3554,-1978,-279,0,0
396,-311,146,3470,-2108,-304,0,0
316,-289,72,3465,-1907,-363,0,0
95,-231,-90,3428,-1664,-488,0,0
-97,-182,-223,3654,-1656,-645,0,0
-162,-62,-191,3815,-2054,-406,0,0
-488,75,-52,3767,-1858,-294,0,0
-747,192,-52,3556,-1480,-474,0,0
-460,288,-110,3408,-1520,-358,0,0
-423,253,-173,3454,-1475,-479,0,0
-257,298,-206,3597,-1632,-383,0,0
-295,473,-128,3657,-1583,-321,0,0
-483,530,-110,3533,-1422,-246,0,0
-369,693,-126,3229,-1750,153,0,0
-787,714,-122,3138,-1576,19,0,0
-1003,623,-145,3190,-1502,355,0,0
-1073,721,-113,3295,-1603,347,0,0
-1589,742,-162,3432,-1031,290,0,0
-1143,825,-241,3436,-849,677,0,0
-701,946,-366,3654,-862,415,0,0
-411,872,-438,3805,-1165,521,0,0
-332,858,-403,3978,-923,772,0,0
-12,843,-360,4061,-1129,597,0,0
-90,727,-222,3823,-1082,697,0,0
-500,644,-194,3873,-907,815,0,0
-237,725,-209,3736,-315,918,0,0
4,706,-353,3755,-920,1478,0,0
-178,692,-312,4098,-879,731,0,0
239,481,-224,4090,-564,928,0,0
257,419,-247,3488,-587,1571,0,0
-159,413,-137,3520,-951,1251,0,0
-645,388,-118,4242,-1029,1410,0,0
-681,634,-129,3784,87,1870,0,0
-230,453,-35,3501,-1160,1993,0,0
309,358,195,3240,-918,1247,0,0
984,18,573,3436,-1348,2242,0,0
180,281,525,4919,-946,3733,0,0
288,522,310,4145,-316,1623,0,0
360,378,-45,3047,-767,1987,0,0
149,324,-149,3069,-1020,2529,0,0
49,150,-122,3017,-1356,2593,0,0
-82,19,-22,3285,-1118,2424,0,0
-123,-78,104,3391,-780,2130,0,0
-175,-67,96,3383,-618,1961,0,0
6,-36,-73,3087,-619,2308,0,0
35,-36,-107,3375,-719,2395,0,0
90,-14,-36,3309,-719,2264,0,0
66,-16,13,3178,-897,2235,0,0
48,55,-15,3076,-910,2252,0,0
38,112,-74,3198,-860,2217,0,0
0,132,-105,3388,-752,2229,0,0
25,101,-94,3338,-698,2124,0,0
-90,97,-133,3351,-699,2179,0,0
-72,81,-160,3278,-716,2281,0,0
59,50,-152,3258,-776,2253,0,0
63,48,-178,3223,-754,2256,0,0
21,63,-176,3227,-712,2431,0,0
40,53,-85,3155,-754,2392,0,0
-9,25,52,3196,-801,2367,0,0
-41,16,144,3276,-672,2225,0,0
-28,36,105,3265,-838,2231,0,0
-82,63,28,3246,-688,2286,0,0
-61,40,16,3316,-644,2220,0,0
-57,23,25,3310,-669,2261,0,0
-58,0,30,3149,-630,2340,0,0
-28,-14,-7,3214,-601,2357,0,0
-2,17,-33,3217,-600,2340,0,0
9,4,-32,3206,-658,2320,0,0
11,0,-27,3214,-627,2302,0,0
31,11,-49,3213,-709,2326,0,0
-19,25,-87,3190,-732,2387,0,0
-75,26,-60,3230,-606,2261,0,0
-47,5,-26,3313,-643,2257,0,0
-51,-25,-27,3228,-767,2314,0,0
-48,-43,-26,3209,-854,2280,0,0
-82,-25,-47,3172,-750,2354,0,0
-57,-55,-31,3289,-607,2327,0,0
-24,-111,-14,3306,-523,2288,0,0
1,-109,-28,3150,-476,2320,0,0
52,-143,8,3318,-455,2337,0,0
113,-157,27,3206,-541,2344,0,0
114,-155,2,3288,-585,2338,0,0
70,-114,-35,3210,-815,2234,0,0
66,-101,-67,3350,-711,2140,0,0
79,-103,-57,3367,-477,2123,0,0
10,-81,-59,3299,-570,2152,0,0
-22,-52,-64,3286,-622,2192,0,0
-37,-20,-43,3367,-537,2104,0,0
-34,-7,-54,3353,-517,2096,0,0
-48,-6,-56,3399,-510,2154,0,0
-37,-12,-46,3341,-490,2131,0,0
-20,-29,-37,3371,-497,2113,0,0
3,-7,-27,3316,-504,2119,0,0
20,68,-33,3278,-559,2121,0,0
1,108,-62,3344,-656,2228,0,0
-21,158,-78,3262,-653,2292,0,0
-39,161,-39,3269,-540,2303,0,0
-43,138,-2,3334,-423,2248,0,0
-28,114,24,3332,-289,2180,0,0
-4,29,32,3458,-253,2181,0,0
40,-22,25,3358,-296,2163,0,0
88,8,-28,3207,-467,2225,0,0
88,54,-85,3217,-513,2318,0,0
56,90,-93,3232,-486,2284,0,0
20,105,-91,3250,-538,2303,0,0
-24,104,-66,3248,-558,2358,0,0
-57,103,-18,3208,-594,2333,0,0
-130,110,-5,3227,-514,2349,0,0
-119,95,-5,3295,-383,2296,0,0
-110,84,-1,3270,-280,2307,0,0
-64,61,-6,3238,-326,2371,0,0
-15,45,-2,3181,-391,2393,0,0
-1,24,15,3170,-466,2430,0,0
-7,32,26,3142,-496,2402,0,0
-13,50,24,3179,-499,2414,0,0
-44,63,6,3169,-530,2460,0,0
-66,63,12,3154,-485,2432,0,0
-48,78,26,3153,-502,2437,0,0
-47,75,19,3120,-504,2482,0,0
-74,52,18,3137,-396,2517,0,0
-6,37,40,3110,-445,2514,0,0
41,-7,72,3175,-493,2499,0,0
72,-34,80,3179,-441,2451,0,0
68,-38,70,3112,-563,2433,0,0
61,-46,66,3157,-593,2445,0,0
71,-33,91,3219,-479,2403,0,0
80,-55,96,3210,-463,2363,0,0
105,-107,107,3149,-364,2458,0,0
121,-141,138,3161,-366,2439,0,0
119,-160,97,3204,-365,2374,0,0
130,-160,2,3226,-541,2319,0,0
119,-138,-52,3201,-695,2317,0,0
97,-126,-14,3222,-742,2362,0,0
14,-115,57,3191,-735,2413,0,0
-57,-84,88,3176,-684,2388,0,0
-108,-25,29,3233,-496,2342,0,0
-88,23,-34,3277,-310,2283,0,0
-38,25,-70,3281,-239,2270,0,0
-16,4,-79,3210,-311,2352,0,0
-1,-58,-56,3332,-342,2238,0,0
-43,-63,-95,3316,-467,2179,0,0
-33,-48,-145,3295,-614,2251,0,0
-17,-28,-96,3275,-691,2324,0,0
-89,-31,-13,3244,-605,2323,0,0
-138,-22,16,3279,-592,2269,0,0
-143,16,18,3248,-472,2271,0,0
-130,46,-17,3289,-500,2278,0,0
-121,59,-23,3258,-424,2259,0,0
-123,37,3,3254,-457,2252,0,0
-112,25,13,3315,-442,2256,0,0
-78,20,0,3261,-447,2259,0,0
-49,39,-62,3291,-457,2310,0,0
24,60,-117,3314,-377,2290,0,0
68,72,-174,3257,-465,2270,0,0
-6,75,-211,3267,-506,2322,0,0
-94,47,-136,3252,-392,2373,0,0
-92,-57,36,3208,-378,2352,0,0
-89,-155,192,3273,-447,2278,0,0
-96,-184,236,3349,-554,2184,0,0
-76,-135,154,3293,-505,2144,0,0
-25,-72,27,3250,-538,2205,0,0
-12,-3,-53,3253,-551,2356,0,0
15,-4,-45,3277,-487,2347,0,0
9,-14,2,3300,-497,2307,0,0
25,-34,62,3304,-446,2217,0,0
42,-2,20,3271,-531,2190,0,0
97,38,-82,3322,-464,2188,0,0
142,74,-140,3339,-422,2141,0,0
113,133,-175,3239,-530,2239,0,0
69,96,-149,3291,-408,2346,0,0
67,8,-69,3262,-322,2348,0,0
38,-44,83,3249,-356,2392,0,0
70,-86,219,3274,-332,2320,0,0
96,-63,248,3246,-491,2193,0,0
77,-3,190,3318,-578,2192,0,0
27,10,106,3295,-596,2256,0,0
41,-20,79,3361,-371,2222,0,0
67,-21,98,3263,-406,2227,0,0
46,-18,70,3244,-550,2342,0,0
67,-50,54,3260,-416,2323,0,0
102,-50,95,3212,-423,2291,0,0
61,-34,90,3339,-565,2295,0,0
84,-48,63,3268,-527,2263,0,0
89,-54,80,3279,-511,2233,0,0
65,-43,99,3320,-556,2227,0,0
49,-10,83,3232,-517,2267,0,0
41,48,45,3215,-476,2253,0,0
36,151,-2,3240,-445,2308,0,0
62,200,-91,3318,-463,2249,0,0
78,163,-130,3367,-428,2287,0,0
85,53,-12,3279,-470,2330,0,0
19,-57,120,3271,-608,2308,0,0
-1,-78,216,3214,-644,2273,0,0
8,-92,276,3236,-566,2242,0,0
-97,-107,222,3357,-549,2218,0,0
-134,-50,59,3272,-605,2227,0,0
-109,30,-91,3210,-662,2347,0,0
-107,44,-128,3272,-581,2377,0,0
-103,34,-74,3278,-490,2328,0,0
-70,44,-47,3239,-536,2289,0,0
-77,96,-80,3109,-437,2322,0,0
-35,95,-126,3372,-290,2256,0,0
28,54,-155,3344,-368,2174,0,0
34,18,-178,3251,-639,2250,0,0
5,-38,-145,3267,-818,2312,0,0
-43,-55,-56,3186,-756,2344,0,0
-105,-54,14,3246,-691,2352,0,0
-161,1,-5,3195,-577,2354,0,0
-161,20,-40,3244,-377,2376,0,0
-119,12,-48,3239,-403,2308,0,0
-77,5,-25,3248,-438,2329,0,0
-49,-38,14,3285,-394,2234,0,0
-61,-38,29,3295,-424,2256,0,0
-21,-40,2,3250,-431,2286,0,0
19,-52,-39,3312,-469,2275,0,0
37,-55,-34,3295,-462,2283,0,0
45,-64,-6,3291,-510,2317,0,0
43,-91,17,3290,-493,2276,0,0
20,-105,10,3336,-444,2196,0,0
8,-61,-29,3266,-499,2184,0,0
-5,-23,-91,3308,-505,2234,0,0
2,-27,-63,3273,-496,2226,0,0
-6,-55,30,3299,-553,2239,0,0
-6,-92,116,3309,-519,2207,0,0
-27,-72,105,3323,-469,2156,0,0
-31,-48,52,3338,-396,2185,0,0
2,-28,1,3352,-392,2192,0,0
15,-30,-36,3375,-414,2172,0,0
21,-30,-49,3337,-434,2201,0,0
42,-56,-4,3329,-437,2226,0,0
31,-90,54,3319,-474,2188,0,0
36,-63,47,3329,-537,2159,0,0
42,-8,0,3334,-507,2167,0,0
25,34,-25,3295,-504,2139,0,0
-31,75,-54,3326,-566,2185,0,0
-66,110,-55,3304,-591,2246,0,0
-87,111,-46,3358,-528,2174,0,0
-146,96,-29,3351,-481,2189,0,0
-119,47,22,3357,-469,2200,0,0
-97,25,26,3330,-438,2185,0,0
-44,7,15,3338,-363,2174,0,0
10,-29,23,3332,-330,2179,0,0
13,-38,26,3283,-484,2232,0,0
34,-26,22,3287,-621,2254,0,0
21,27,11,3280,-652,2253,0,0
-16,52,27,3321,-672,2276,0,0
-47,62,48,3304,-659,2208,0,0
-153,85,54,3317,-586,2253,0,0
-184,65,60,3255,-447,2293,0,0
-107,54,42,3257,-465,2273,0,0
-52,80,27,3273,-480,2260,0,0
-21,72,33,3281,-452,2262,0,0
66,45,42,3282,-461,2228,0,0
83,27,12,3305,-516,2244,0,0
112,17,-20,3310,-553,2250,0,0
109,15,-23,3285,-561,2280,0,0
70,13,-33,3253,-618,2316,0,0
74,31,-52,3202,-619,2382,0,0
141,-77,-57,3227,-573,2396,0,0
171,-200,-34,3254,-585,2209,0,0
-64,-40,-15,3275,-608,2191,0,0
-154,50,-15,3288,-454,2273,0,0
-53,5,6,3309,-395,2248,0,0
-19,-19,3,3315,-455,2240,0,0
-10,-31,-15,3273,-439,2254,0,0
-20,-50,-20,3314,-456,2230,0,0
21,-44,-22,3299,-476,2247,0,0
39,-31,-49,3276,-477,2274,0,0
31,-18,-56,3307,-456,2253,0,0
15,-20,-45,3353,-438,2244,0,0
23,-26,-48,3269,-460,2208,0,0
25,-51,2,3293,-437,2210,0,0
19,-126,98,1367,-428,2206,0,0
-12,-151,105,3300,-453,2128,0,0
-26,-110,35,3331,-515,2177,0,0
-32,-74,-21,3321,-510,2183,0,0
-44,-35,-41,3313,-483,2193,0,0
-74,-28,-45,3316,-464,2214,0,0
-70,-39,-9,3344,-414,2174,0,0
-66,-61,37,3369,-381,2123,0,0
-58,-46,12,3328,-467,2165,0,0
-8,-11,-32,3315,-481,2184,0,0
9,19,-39,3366,-412,2182,0,0
32,25,-34,3386,-370,2153,0,0
52,38,-52,3379,-418,2127,0,0
22,81,-58,3336,-441,2150,0,0
-14,98,-19,3335,-405,2143,0,0
6,82,20,3312,-393,2195,0,0
34,65,16,3289,-468,2227,0,0
5,32,-14,3368,-426,2184,0,0
8,51,-22,3313,-444,2190,0,0
16,81,-40,3274,-495,2282,0,0
14,82,-36,3331,-429,2298,0,0
-8,35,-20,3331,-363,2211,0,0
-89,-25,-17,3298,-402,2239,0,0
-35,27,-6,3242,-456,2255,0,0
2,81,-4,3313,-403,2183,0,0
-41,108,-11,3298,-359,2288,0,0
-25,74,4,3266,-396,2312,0,0
-10,43,16,3294,-382,2285,0,0
-6,42,25,3231,-456,2341,0,0
-9,59,-15,3225,-476,2344,0,0
-7,65,-39,3312,-375,2309,0,0
54,-30,33,3330,-273,2295,0,0
54,-213,247,3403,-153,2213,0,0
-2,-308,357,3349,-377,2069,0,0
59,-210,208,3164,-819,2146,0,0
34,-72,-72,3300,-659,2242,0,0
-37,20,-153,3315,-446,2205,0,0
-67,57,-65,3309,-494,2277,0,0
-54,44,-17,3310,-540,2296,0,0
-78,57,-51,3314,-487,2257,0,0
-61,54,-81,3319,-422,2236,0,0
-59,46,-76,3353,-347,2230,0,0
-83,7,16,3289,-390,2216,0,0
-111,-51,131,3314,-422,2204,0,0
-75,-98,163,3316,-506,2176,0,0
-76,-81,86,3311,-574,2143,0,0
-50,-7,-20,3302,-617,2254,0,0
-47,19,-32,3287,-503,2241,0,0
-60,34,-32,3332,-505,2194,0,0
-113,48,-59,3338,-496,2204,0,0
-69,17,-58,3345,-467,2189,0,0
0,-35,-11,3304,-484,2192,0,0
14,-79,50,3303,-499,2202,0,0
19,-81,66,3305,-545,2200,0,0
4,-49,25,3311,-543,2245,0,0
-9,-14,-13,3303,-513,2238,0,0
8,30,-45,3305,-520,2249,0,0
18,50,-71,3318,-490,2211,0,0
28,37,-56,3346,-524,2151,0,0
8,3,-9,3360,-529,2130,0,0
-8,-55,51,3342,-530,2182,0,0
-22,-115,119,3342,-565,2215,0,0
-10,-125,167,3310,-650,2188,0,0
-22,-89,145,3291,-701,2191,0,0
-26,-46,118,3313,-622,2178,0,0
-49,-24,116,3361,-546,2176,0,0
-24,27,86,3305,-475,2201,0,0
54,52,54,3363,-396,2201,0,0
106,53,15,3359,-391,2173,0,0
188,42,6,3355,-571,2114,0,0
195,18,35,3335,-611,2141,0,0
174,-13,59,3315,-780,2194,0,0
102,3,62,3298,-794,2131,0,0
87,17,67,3325,-747,2104,0,0
15,1,65,3388,-641,2133,0,0
-18,13,74,3361,-622,2158,0,0
-40,0,62,3314,-541,2189,0,0
-17,16,39,3320,-542,2217,0,0
54,56,14,3297,-489,2227,0,0
67,56,5,3322,-415,2177,0,0
54,48,19,3319,-615,2176,0,0
54,20,11,3276,-699,2183,0,0
53,-8,19,3292,-723,2197,0,0
16,-20,51,3291,-732,2200,0,0
-12,-51,55,3386,-661,2165,0,0
-70,-76,34,3365,-662,2143,0,0
-107,-87,16,3250,-661,2193,0,0
11,-69,60,3325,-520,2113,0,0
43,-79,112,3380,-437,2194,0,0
54,-186,115,3372,-581,2235,0,0
55,-203,74,3319,-662,2121,0,0
74,-150,11,3301,-701,2134,0,0
58,-74,-31,3288,-725,2132,0,0
0,-57,-60,3422,-644,2101,0,0
-49,-6,-70,3371,-473,2089,0,0
4,47,-76,3361,-512,2085,0,0
20,99,-86,3382,-624,2133,0,0
-18,148,-83,3361,-701,2114,0,0
-70,153,-77,3365,-706,2122,0,0
-59,89,-8,3322,-630,2162,0,0
-23,27,89,3380,-647,2169,0,0
-42,20,122,3313,-624,2218,0,0
-69,31,54,3308,-539,2189,0,0
-39,102,-12,3315,-468,2167,0,0
-12,162,-25,3293,-575,2283,0,0
8,149,-10,3276,-604,2267,0,0
16,122,10,3294,-634,2199,0,0
18,99,20,3312,-702,2117,0,0
3,42,37,3337,-606,2189,0,0
-1,7,81,3285,-587,2214,0,0
-16,26,64,3250,-615,2214,0,0
3,39,13,3269,-539,2244,0,0
13,13,7,3312,-627,2274,0,0
-2,6,19,3252,-661,2305,0,0
29,18,16,3214,-660,2312,0,0
19,15,-12,3263,-659,2301,0,0
-2,34,1,3260,-617,2313,0,0
39,39,32,3202,-655,2294,0,0
36,36,26,3229,-680,2266,0,0
56,42,43,3253,-655,2305,0,0
71,4,75,3214,-648,2294,0,0
33,-28,60,3304,-652,2265,0,0
24,-24,35,3243,-669,2273,0,0
8,1,11,3226,-683,2286,0,0
14,-6,-22,3256,-708,2334,0,0
19,-9,-16,3217,-665,2377,0,0
18,-54,41,3273,-642,2348,0,0
20,-98,77,3265,-592,2235,0,0
13,-98,56,3297,-622,2263,0,0
51,-96,26,3256,-557,2233,0,0
73,-115,36,3284,-551,2120,0,0
127,-183,85,3395,-576,2235,0,0
218,-246,185,3299,-660,2318,0,0
104,-203,166,3241,-798,2173,0,0
40,-69,94,3275,-829,2256,0,0
38,59,21,3184,-744,2128,0,0
52,118,-34,3379,-713,2103,0,0
160,102,6,3338,-558,2165,0,0
38,15,97,3283,-631,2017,0,0
-61,58,4,3427,-658,2242,0,0
7,139,-102,3230,-465,2245,0,0
-22,146,-105,3260,-570,2368,0,0
4,139,-79,3144,-654,2448,0,0
53,114,-23,3194,-610,2363,0,0
-19,65,67,3330,-534,2299,0,0
13,43,78,3381,-596,2202,0,0
45,50,1,3275,-650,2177,0,0
26,22,-7,3275,-697,2237,0,0
27,-68,62,3301,-625,2317,0,0
59,-144,113,3253,-716,2212,0,0
5,-137,116,3199,-811,2274,0,0
2,-73,169,3128,-746,2227,0,0
-92,-74,226,3408,-775,2123,0,0
-128,-67,136,3338,-792,2271,0,0
9,-55,50,3269,-587,2194,0,0
-28,-92,29,3382,-563,2175,0,0
122,-115,106,3375,-735,2232,0,0
79,-144,63,3251,-880,2159,0,0
21,-127,-9,3282,-880,2232,0,0
-94,-103,-74,3218,-778,2262,0,0
-72,-50,-60,3076,-840,2345,0,0
-23,-13,-14,3223,-687,2315,0,0
-42,63,51,3110,-642,2272,0,0
-49,91,27,3416,-741,2362,0,0
-10,49,-13,3407,-671,2151,0,0
-1,27,-49,3469,-573,1985,0,0
-36,-41,-93,3419,-804,1959,0,0
-257,34,-152,3241,-761,1902,0,0
-372,75,-184,3396,-841,2276,0,0
-134,-58,-225,3355,-816,2059,0,0
-107,-144,-310,3279,-443,1789,0,0
1,-193,-201,3489,-284,1896,0,0
32,-269,-71,3500,-475,2158,0,0
114,-421,9,3360,-636,2113,0,0
87,-681,117,4121,-443,1796,0,0
15,-1078,209,4511,-611,1374,0,0
-403,-1322,219,4750,-601,1013,0,0
-918,-1439,-66,4776,-1328,768,0,0
-1886,-1514,-313,5349,-1265,1592,0,0
-1554,-1241,-147,4327,-635,2692,0,0
-668,-698,67,3635,-303,2470,0,0
-429,-457,-153,3751,-638,1193,0,0
328,-278,-240,3934,-611,656,0,0
770,-377,-3,4017,-1079,222,0,0
285,-471,176,3900,-861,63,0,0
352,-569,243,3782,-930,-193,0,0
-213,-631,199,3629,-1448,-246,0,0
-1116,-636,56,3383,-1024,-10,0,0
-738,-597,-64,3137,-670,200,0,0
250,-418,-93,3197,-890,-18,0,0
597,-419,-84,3222,-1257,-276,0,0
287,-466,-64,3095,-1167,-125,0,0
499,-439,85,3104,-808,-326,0,0
753,-500,207,3647,-789,-673,0,0
178,-466,334,4243,-497,-793,0,0
296,-365,458,4360,-63,-1117,0,0
893,-401,697,4352,-921,-452,0,0
871,-140,1035,4519,-1324,-200,0,0
689,118,1037,4627,-1201,38,0,0
801,369,827,4587,-1570,-14,0,0
1263,560,667,4235,-1656,-168,0,0
1601,586,550,4134,-2042,-481,0,0
1847,268,388,3877,-1652,442,0,0
2428,434,249,3867,-2843,1033,0,0
2500,566,252,3681,-2965,1340,0,0
2603,753,96,2925,-2484,1856,0,0
3185,976,80,2382,-2294,2063,0,0
3763,1300,6,1506,-2254,2120,0,0
3666,1620,100,979,-2369,2233,0,0
2444,1732,323,990,-2346,1595,0,0
1792,1723,567,1367,-1257,1205,0,0
1988,1504,612,2821,-1206,1117,0,0
1481,1020,277,3595,-278,2632,0,0
969,804,-197,2983,-74,3341,0,0
899,463,-14,3142,-12,3207,0,0
361,98,111,3272,83,2916,0,0
100,-121,129,2629,-520,2892,0,0
357,-281,411,2285,-990,3325,0,0
201,-303,654,2270,-720,3325,0,0
130,-199,674,2475,-516,2760,0,0
197,-124,587,2301,-783,3100,0,0
110,63,410,2239,-840,3225,0,0
47,229,213,2473,-949,2810,0,0
-38,284,78,2445,-952,3222,0,0
-121,377,-23,2537,-974,3266,0,0
-247,381,-14,2470,-1113,3116,0,0
-381,368,68,2229,-1052,3421,0,0
-289,404,128,2217,-655,3806,0,0
-151,508,-4,2143,-264,4175,0,0
-194,587,-292,1945,-524,3519,0,0
-354,529,-457,1891,-1100,3136,0,0
-379,373,-337,1931,-1274,3061,0,0
-324,203,-146,1640,-794,3418,0,0
-291,183,-119,1407,-464,3704,0,0
-297,223,-187,1522,-555,3733,0,0
-230,245,-212,1589,-719,3920,0,0
-133,277,-195,1769,-839,3889,0,0
-97,205,-197,1880,-938,3671,0,0
-76,46,-163,1682,-879,3860,0,0
-80,7,-159,1453,-771,3799,0,0
-133,31,-236,1335,-821,3673,0,0
-165,76,-333,1363,-888,3878,0,0
-141,168,-389,1483,-858,3856,0,0
-222,185,-437,1562,-780,3584,0,0
-234,106,-451,1568,-784,3588,0,0
-204,67,-404,1473,-905,3756,0,0
-206,72,-299,1463,-817,3685,0,0
-142,75,-193,1483,-804,3668,0,0
-120,69,-93,1528,-914,3618,0,0
-98,58,-23,1549,-885,3537,0,0
-5,28,0,1592,-970,3622,0,0
28,12,-7,1602,-951,3803,0,0
24,28,-32,1485,-789,3937,0,0
16,73,-55,1541,-837,3833,0,0
-3,88,-65,1583,-1014,3724,0,0
-21,72,-23,1528,-1104,3667,0,0
-71,60,6,1491,-1042,3657,0,0
-67,69,4,1450,-882,3718,0,0
-21,97,-32,1426,-839,3854,0,0
-54,128,-110,1378,-847,3909,0,0
-40,129,-152,1410,-914,3866,0,0
-23,110,-139,1509,-928,3652,0,0
-60,22,-117,1484,-836,3681,0,0
-33,-44,-83,1385,-832,3819,0,0
-2,-43,-31,1337,-843,3793,0,0
1,-20,8,1345,-797,3801,0,0
19,-16,28,1430,-741,3758,0,0
50,-24,27,1441,-744,3778,0,0
40,-11,19,1389,-800,3796,0,0
21,6,20,1380,-859,3802,0,0
16,-9,46,1457,-883,3669,0,0
-4,-13,87,1401,-808,3720,0,0
-33,18,99,1362,-790,3805,0,0
-44,40,108,1414,-885,3779,0,0
-49,21,156,1488,-985,3720,0,0
-59,2,205,1400,-933,3838,0,0
-13,22,213,1386,-859,3817,0,0
-3,29,149,1379,-952,3707,0,0
-33,27,61,1370,-1058,3700,0,0
-34,27,7,1354,-1060,3787,0,0
-46,30,-21,1395,-973,3762,0,0
-38,7,-19,1466,-921,3741,0,0
-25,-29,1,1418,-910,3758,0,0
-14,-50,16,1348,-926,3811,0,0
-21,-38,14,1370,-1001,3776,0,0
-32,-28,4,1393,-1032,3677,0,0
1,-28,6,1386,-1008,3759,0,0
15,-5,-7,1407,-946,3770,0,0
-12,11,-44,1417,-934,3738,0,0
-54,9,-72,1355,-1038,3731,0,0
-60,9,-50,1395,-1073,3703,0,0
-46,-2,-7,1453,-1016,3710,0,0
-46,-12,8,1383,-957,3730,0,0
-28,-16,-4,1428,-1099,3721,0,0
-8,-32,28,1548,-1206,3704,0,0
-6,-66,80,1503,-1110,3751,0,0
37,-72,96,1341,-1005,3798,0,0
57,-15,68,1315,-965,3733,0,0
-10,27,-10,1412,-963,3736,0,0
-15,22,-56,1476,-1072,3751,0,0
3,6,-59,1473,-1019,3693,0,0
1,-20,-84,1455,-904,3757,0,0
6,-16,-124,1390,-959,3794,0,0
13,6,-134,1385,-965,3785,0,0
17,18,-124,1460,-903,3724,0,0
26,3,-112,1483,-956,3693,0,0
28,-25,-71,1441,-938,3744,0,0
41,-23,-27,1406,-918,3826,0,0
32,-16,-11,1471,-974,3793,0,0
11,-38,11,1522,-906,3638,0,0
18,-73,19,1431,-747,3679,0,0
20,-40,-24,1321,-804,3791,0,0
-5,30,-45,1343,-880,3745,0,0
3,69,-27,1421,-839,3741,0,0
19,69,-15,1544,-875,3719,0,0
15,12,14,1659,-996,3702,0,0
-9,-72,59,1565,-976,3723,0,0
-22,-85,59,1369,-916,3774,0,0
-23,-30,17,1294,-920,3787,0,0
-22,37,-20,1421,-878,3706,0,0
-22,40,-35,1542,-872,3686,0,0
-29,3,-31,1509,-876,3756,0,0
-26,-5,-10,1420,-888,3787,0,0
-13,15,12,1420,-870,3778,0,0
5,33,27,1431,-856,3715,0,0
7,47,31,1407,-852,3752,0,0
-2,67,29,1397,-883,3782,0,0
-23,72,14,1416,-916,3771,0,0
-46,50,1,1417,-972,3781,0,0
-43,15,29,1468,-955,3704,0,0
-44,-35,55,1477,-896,3687,0,0
-55,-52,53,1354,-896,3777,0,0
-60,-10,51,1281,-905,3817,0,0
-38,40,38,1333,-929,3759,0,0
5,45,34,1517,-1036,3707,0,0
9,-20,63,1626,-1073,3661,0,0
-9,-101,91,1504,-1019,3702,0,0
-16,-117,65,1332,-1019,3803,0,0
-18,-65,21,1309,-1047,3789,0,0
30,-6,-3,1382,-975,3744,0,0
32,30,-66,1458,-899,3742,0,0
1,31,-138,1461,-964,3761,0,0
2,25,-144,1436,-1043,3743,0,0
-2,9,-105,1456,-985,3725,0,0
-15,-23,-62,1506,-917,3700,0,0
-43,-64,-36,1498,-888,3654,0,0
-21,-84,-3,1436,-985,3743,0,0
-12,-68,17,1415,-1007,3828,0,0
-31,-41,13,1466,-944,3734,0,0
-30,-35,-13,1491,-879,3678,0,0
-15,-28,-63,1448,-892,3751,0,0
-27,2,-81,1407,-945,3722,0,0
-32,27,-53,1425,-890,3728,0,0
0,51,-27,1509,-830,3724,0,0
5,29,-7,1613,-897,3697,0,0
11,-23,30,1580,-959,3701,0,0
-5,-47,45,1496,-963,3724,0,0
-25,-37,8,1377,-1015,3750,0,0
-30,15,-26,1420,-978,3651,0,0
-30,41,-38,1521,-918,3641,0,0
-57,32,-42,1515,-884,3707,0,0
-76,26,-32,1458,-868,3759,0,0
-67,26,-7,1460,-883,3747,0,0
-50,19,16,1493,-907,3755,0,0
-45,4,34,1507,-934,3747,0,0
-55,5,52,1444,-967,3750,0,0
-76,15,42,1422,-1005,3737,0,0
-83,13,33,1460,-1041,3726,0,0
-84,4,39,1510,-1021,3681,0,0
-97,-23,41,1491,-974,3655,0,0
-47,-32,76,1363,-966,3750,0,0
38,-5,100,1374,-1059,3825,0,0
-25,19,21,1492,-1174,3721,0,0
-70,18,-72,1540,-1224,3642,0,0
-42,-1,-89,1543,-1171,3608,0,0
-29,-25,-72,1487,-1085,3681,0,0
-39,-23,-52,1456,-1067,3696,0,0
-24,-29,-10,1479,-1105,3669,0,0
31,-38,56,1517,-1113,3655,0,0
36,-40,59,1520,-1080,3690,0,0
26,-37,8,1479,-1114,3724,0,0
26,-13,-47,1470,-1141,3727,0,0
8,10,-96,1490,-1068,3672,0,0
-10,12,-130,1507,-1002,3663,0,0
-12,2,-136,1506,-1009,3696,0,0
-10,-2,-111,1479,-1038,3712,0,0
-17,-4,-74,1472,-1027,3745,0,0
-10,-11,-29,1547,-1001,3695,0,0
10,-34,19,1546,-952,3654,0,0
1,-51,19,1495,-976,3741,0,0
-13,-46,8,1477,-1088,3717,0,0
-24,-41,17,1504,-1080,3665,0,0
-44,-44,5,1529,-1003,3674,0,0
-51,-49,-18,1546,-996,3689,0,0
-38,-47,-18,1512,-981,3673,0,0
-27,-29,-13,1516,-962,3704,0,0
-19,-16,-23,1543,-1023,3701,0,0
-10,-21,-6,1602,-1045,3621,0,0
-5,-46,19,1599,-970,3624,0,0
-15,-57,22,1577,-996,3645,0,0
-58,-74,31,1610,-1065,3615,0,0
-57,-86,56,1608,-1101,3612,0,0
-31,-74,78,1582,-1088,3642,0,0
-38,-45,64,1595,-1046,3623,0,0
-51,-16,29,1593,-1069,3629,0,0
-49,20,-13,1615,-1105,3642,0,0
-64,38,-47,1623,-1157,3625,0,0
-60,25,-46,1627,-1133,3592,0,0
-43,8,-30,1636,-1095,3627,0,0
-39,0,-25,1638,-1066,3649,0,0
-43,-5,-25,1626,-1052,3645,0,0
-62,-10,-22,1625,-1071,3612,0,0
-58,-16,-13,1624,-1126,3562,0,0
-34,-20,9,1623,-1144,3617,0,0
-10,-2,24,1627,-1135,3642,0,0
14,7,13,1614,-1113,3646,0,0
-14,15,-3,1604,-1162,3637,0,0
-4,21,14,1636,-1184,3556,0,0
-13,9,28,1616,-1149,3605,0,0
-27,11,28,1564,-1180,3628,0,0
-45,24,25,1547,-1188,3616,0,0
-52,32,9,1583,-1160,3639,0,0
-43,26,-10,1622,-1123,3598,0,0
-24,7,-25,1631,-1178,3591,0,0
3,5,-7,1632,-1253,3625,0,0
-5,4,0,1616,-1197,3629,0,0
14,-13,-6,1586,-1155,3625,0,0
39,2,-3,1559,-1135,3669,0,0
33,14,-34,1560,-1119,3677,0,0
11,18,-89,1573,-1165,3626,0,0
-7,12,-115,1577,-1138,3641,0,0
-21,5,-111,1572,-1062,3628,0,0
-30,-5,-84,1580,-1034,3630,0,0
-27,-20,-35,1608,-1034,3643,0,0
-12,-24,21,1564,-1070,3685,0,0
-2,-21,61,1606,-1133,3662,0,0
13,-44,94,1695,-1134,3561,0,0
29,-78,117,1641,-1086,3580,0,0
34,-80,83,1562,-1168,3693,0,0
-3,-63,22,1628,-1239,3631,0,0
-34,-51,-6,1628,-1087,3556,0,0
-14,-66,-16,1632,-931,3637,0,0
23,-55,-6,1703,-992,3570,0,0
60,-63,46,1564,-1062,3673,0,0
101,-23,66,1563,-1127,3662,0,0
82,31,51,1594,-1321,3541,0,0
48,35,53,1735,-1360,3511,0,0
-6,-21,24,1884,-1107,3499,0,0
-91,-88,-32,1735,-975,3624,0,0
-92,-78,-46,1543,-1059,3681,0,0
-44,-9,-24,1536,-1143,3580,0,0
-48,25,-37,1707,-1155,3585,0,0
-57,30,-23,1717,-1197,3529,0,0
-29,24,27,1626,-1187,3623,0,0
-51,40,-15,1690,-1270,3637,0,0
-142,27,-120,1791,-1358,3531,0,0
-151,-19,-168,1712,-1060,3544,0,0
-88,-27,-177,1577,-925,3652,0,0
-47,0,-142,1597,-1005,3599,0,0
-1,25,-53,1617,-977,3540,0,0
37,29,6,1625,-1052,3639,0,0
53,26,13,1783,-1107,3603,0,0
31,-28,10,1818,-1102,3492,0,0
-6,-101,27,1743,-1151,3594,0,0
-38,-83,84,1641,-1108,3603,0,0
-13,-44,131,1636,-1079,3572,0,0
0,-28,121,1757,-1132,3495,0,0
29,-40,111,1764,-1220,3487,0,0
28,-32,103,1689,-1257,3563,0,0
-3,0,87,1682,-1250,3568,0,0
-34,15,37,1734,-1185,3527,0,0
-37,4,-8,1728,-1166,3528,0,0
-10,0,-7,1681,-1131,3578,0,0
4,13,10,1661,-1115,3599,0,0
-11,35,4,1718,-1183,3583,0,0
-15,13,5,1796,-1247,3531,0,0
-18,-41,22,1780,-1183,3506,0,0
-30,-57,21,1633,-1161,3577,0,0
-38,-21,17,1604,-1203,3626,0,0
-20,18,32,1717,-1204,3539,0,0
-20,37,31,1755,-1217,3471,0,0
-41,23,12,1735,-1222,3525,0,0
-38,-10,13,1683,-1207,3568,0,0
-12,-18,17,1684,-1227,3632,0,0
-27,10,-10,1724,-1239,3556,0,0
-31,7,-22,1735,-1238,3508,0,0
-37,7,-40,1656,-1187,3539,0,0
-52,41,-85,1590,-1183,3575,0,0
-59,77,-106,1652,-1195,3529,0,0
-64,84,-90,1743,-1164,3532,0,0
-50,63,-47,1738,-1141,3528,0,0
-20,16,26,1653,-1089,3589,0,0
30,8,94,1589,-1078,3593,0,0
76,46,128,1623,-1175,3637,0,0
76,89,106,1723,-1273,3664,0,0
63,102,65,1693,-1234,3585,0,0
79,100,23,1609,-1136,3635,0,0
83,132,-12,1580,-1111,3679,0,0
68,176,-25,1556,-1127,3624,0,0
81,176,-5,1519,-1133,3650,0,0
96,151,34,1561,-1097,3647,0,0
85,107,86,1640,-1081,3561,0,0
95,42,174,1538,-1011,3618,0,0
144,58,309,1295,-975,3772,0,0
174,129,404,1292,-1113,3789,0,0
162,188,427,1423,-1221,3538,0,0
167,171,403,1501,-1264,3534,0,0
142,96,328,1464,-1385,3734,0,0
121,-16,249,1281,-1372,3857,0,0
139,12,198,1064,-1286,3804,0,0
104,194,90,965,-1262,3761,0,0
49,356,-123,1092,-1209,3759,0,0
28,441,-343,1336,-1176,3682,0,0
-30,375,-503,1429,-1247,3658,0,0
-51,253,-520,1196,-1201,3870,0,0
-35,259,-403,881,-1004,4005,0,0
-46,351,-329,772,-788,3979,0,0
-7,408,-356,859,-764,3944,0,0
71,359,-359,1139,-954,3806,0,0
54,211,-284,1205,-1099,3952,0,0
17,83,-180,991,-1084,3963,0,0
41,18,-140,808,-916,3876,0,0
81,0,-185,756,-820,3926,0,0
45,-9,-243,732,-839,4004,0,0
-24,-8,-255,818,-984,4047,0,0
-57,12,-214,908,-910,3893,0,0
-13,6,-214,817,-662,3873,0,0
51,40,-282,648,-590,3979,0,0
106,138,-310,640,-670,3939,0,0
126,194,-287,720,-717,3910,0,0
155,152,-259,755,-809,3957,0,0
140,117,-230,682,-979,3899,0,0
79,129,-220,525,-905,3969,0,0
32,185,-325,322,-729,4116,0,0
21,229,-492,265,-635,4190,0,0
32,234,-575,362,-538,4273,0,0
-5,171,-516,460,-431,4252,0,0
17,45,-327,498,-466,4220,0,0
135,-140,-55,536,-396,4294,0,0
209,-330,158,535,-242,4291,0,0
134,-492,256,519,-436,4200,0,0
89,-604,372,436,-657,4086,0,0
66,-658,498,410,-640,4122,0,0
73,-644,566,466,-412,4242,0,0
55,-558,548,647,-303,3988,0,0
25,-505,494,911,-512,3711,0,0
89,-469,512,1049,-755,3849,0,0
104,-428,547,1303,-762,3950,0,0
189,-403,489,1563,-526,3845,0,0
296,-382,320,1588,-338,3546,0,0
331,-330,91,1532,-340,3453,0,0
416,-206,-104,1594,-368,3569,0,0
417,-88,-280,1913,-417,3542,0,0
334,-42,-376,2326,-695,3646,0,0
221,-40,-320,2400,-549,3578,0,0
74,-99,-248,2122,-235,3444,0,0
56,-116,-200,1913,-2,3534,0,0
122,-56,-188,1815,145,3662,0,0
160,14,-203,1836,111,3570,0,0
192,6,-143,2012,57,3326,0,0
161,-72,-18,2051,-12,3473,0,0
115,-82,130,1844,-55,3771,0,0
104,-65,289,1586,-219,3124,0,0
25,-70,370,1660,118,3606,0,0
28,101,203,1910,124,3890,0,0
61,171,27,2215,-164,3394,0,0
44,105,8,2035,-260,3465,0,0
-27,93,-13,1893,-109,3387,0,0
-82,107,-24,1812,-65,3429,0,0
-106,192,2,1767,18,3479,0,0
-112,295,-13,1787,119,3414,0,0
-116,337,-65,1811,-4,3356,0,0
-182,341,-111,1782,-77,3331,0,0
-259,333,-114,1770,-3,3426,0,0
-311,354,-114,1544,46,3825,0,0
-264,479,-58,1152,-33,4455,0,0
-214,630,97,874,-196,4499,0,0
-136,703,275,874,-277,4078,0,0
-64,684,341,1093,-431,3585,0,0
-8,551,307,850,-597,3660,0,0
46,505,143,145,-450,4345,0,0
-3,586,-159,-221,-356,4488,0,0
-137,556,-470,-44,-472,4505,0,0
-92,408,-554,164,-561,4617,0,0
-42,165,-401,433,-558,4347,0,0
-190,-159,-91,521,-704,4107,0,0
-273,-402,309,359,-780,4087,0,0
-303,-524,608,101,-704,4037,0,0
-335,-575,684,-52,-629,4280,0,0
-298,-492,617,-8,-707,4288,0,0
-263,-390,499,310,-897,4176,0,0
-167,-371,355,653,-1024,3962,0,0
167,-427,248,1261,-1247,3711,0,0
-8,-566,195,1766,-1283,3178,0,0
-149,-660,69,1266,-473,3386,0,0
-36,-483,-258,770,-48,4331,0,0
-14,-130,-643,930,-243,4386,0,0
-17,61,-808,1538,-704,3612,0,0
36,-23,-684,1714,-1026,3661,0,0
99,-143,-357,1561,-1125,3860,0,0
102,-244,-38,1482,-597,3764,0,0
70,-333,39,1412,-177,3731,0,0
77,-341,-57,1334,-338,3750,0,0
74,-275,-147,1280,-460,3839,0,0
80,-148,-252,1372,-304,3861,0,0
79,-57,-393,1442,-135,3773,0,0
131,-15,-423,1472,-136,3759,0,0
242,32,-250,1533,-51,3677,0,0
395,76,15,1443,172,3689,0,0
606,145,186,1416,147,3851,0,0
734,194,217,1592,-194,3881,0,0
715,169,215,1677,-317,3756,0,0
630,130,167,1659,-171,3729,0,0
521,119,37,1615,67,3860,0,0
455,139,-76,1702,340,3845,0,0
283,123,-136,1807,356,3487,0,0
84,83,-70,1755,362,3277,0,0
2,141,87,1704,513,3458,0,0
-98,225,152,1825,486,3458,0,0
-258,185,122,1999,233,3376,0,0
-393,76,188,2047,36,3327,0,0
-513,12,317,2003,-30,3442,0,0
-630,18,382,1689,-15,3601,0,0
-627,146,318,1128,120,4104,0,0
-489,401,132,754,10,4336,0,0
-363,624,-20,805,-184,3804,0,0
-335,644,-147,831,-519,3570,0,0
-267,537,-181,586,-873,4057,0,0
-230,527,-84,138,-743,4685,0,0
-282,560,-55,-4,-411,4662,0,0
-240,491,-111,300,-355,4123,0,0
-109,280,-95,433,-469,3873,0,0
-12,43,-107,188,-493,4141,0,0
4,-112,-184,-59,-719,4322,0,0
-63,-249,-147,-20,-822,4390,0,0
5,-343,-25,207,-471,4739,0,0
71,-373,34,526,-344,4608,0,0
52,-456,68,731,-404,4146,0,0
110,-583,127,720,-590,3864,0,0
177,-618,222,666,-696,3587,0,0
216,-579,280,573,-601,3697,0,0
185,-476,157,679,-434,3979,0,0
125,-366,-89,1089,-453,3947,0,0
160,-325,-252,1405,-664,3905,0,0
236,-267,-272,1317,-550,3917,0,0
288,-175,-297,1293,77,3977,0,0
365,-66,-433,1607,291,3803,0,0
279,-52,-456,1930,171,3443,0,0
185,-129,-269,2151,192,3270,0,0
73,-200,7,2156,133,3428,0,0
0,-192,267,2040,16,3593,0,0
-108,-118,428,1996,-95,3441,0,0
-262,-69,486,1997,-67,3115,0,0
-432,-99,460,1893,-158,2897,0,0
-503,-111,405,1748,-222,3259,0,0
-499,25,338,1568,-293,3863,0,0
-513,202,278,1441,-340,4099,0,0
-468,310,237,1552,-380,4070,0,0
-335,365,223,1619,-503,3860,0,0
-190,369,248,1422,-585,3640,0,0
-2,354,293,1221,-586,3740,0,0
87,360,250,1092,-644,4000,0,0
48,384,106,1184,-841,3959,0,0
41,378,46,1209,-1014,3800,0,0
76,391,90,926,-1004,3825,0,0
112,405,80,686,-920,3852,0,0
110,374,-19,520,-878,4149,0,0
81,352,-154,372,-941,4168,0,0
28,267,-258,322,-969,4079,0,0
46,130,-336,210,-936,4400,0,0
18,63,-421,124,-763,4521,0,0
-125,48,-443,198,-689,4180,0,0
-242,-36,-294,226,-765,4206,0,0
-166,-127,0,463,-693,4600,0,0
-50,-214,267,913,-489,4450,0,0
-194,-441,350,1257,-442,3828,0,0
-369,-674,363,1176,-805,3410,0,0
-339,-735,467,944,-1066,3462,0,0
-257,-646,515,874,-949,3630,0,0
-227,-501,412,1070,-877,3849,0,0
-222,-350,237,1429,-997,4010,0,0
-213,-219,88,1613,-1036,3583,0,0
-155,-230,-17,1617,-1005,3440,0,0
-47,-239,-116,1457,-1007,3734,0,0
-65,-156,-225,1439,-877,3733,0,0
-113,-52,-328,1416,-712,3552,0,0
-43,17,-355,1463,-830,3729,0,0
93,37,-261,1714,-1011,3790,0,0
146,-10,-89,1796,-1048,3618,0,0
119,-97,47,1612,-1094,3733,0,0
100,-120,130,1528,-1143,3738,0,0
63,-116,185,1498,-1107,3495,0,0
-7,-102,152,1366,-1057,3553,0,0
12,-28,14,1509,-1108,3757,0,0
1,40,-140,1764,-1081,3590,0,0
9,43,-199,1625,-956,3566,0,0
49,61,-213,1470,-919,3739,0,0
61,117,-201,1431,-956,3753,0,0
70,151,-132,1463,-923,3627,0,0
103,149,-38,1458,-868,3765,0,0
134,153,34,1460,-853,3821,0,0
125,141,66,1479,-924,3794,0,0
82,104,50,1473,-1023,3757,0,0
60,62,9,1478,-1028,3633,0,0
56,25,-34,1400,-1026,3665,0,0
63,32,-67,1366,-989,3775,0,0
44,59,-108,1348,-844,3812,0,0
42,84,-140,1350,-801,3860,0,0
43,98,-147,1341,-712,3892,0,0
20,102,-149,1284,-677,3892,0,0
46,82,-130,1348,-709,3902,0,0
35,34,-93,1420,-735,3798,0,0
-11,-34,-37,1362,-711,3746,0,0
-35,-82,11,1312,-621,3817,0,0
-42,-96,40,1289,-603,3808,0,0
-50,-82,59,1270,-685,3850,0,0
-42,-56,77,1307,-787,3854,0,0
-29,-53,106,1372,-779,3778,0,0
-29,-59,102,1333,-670,3767,0,0
-13,-42,54,1258,-739,3765,0,0
1,-13,27,1273,-839,3763,0,0
14,11,11,1350,-782,3866,0,0
32,29,-27,1485,-714,3832,0,0
14,-1,-46,1557,-719,3819,0,0
-13,-47,-16,1486,-781,3816,0,0
-28,-57,15,1358,-786,3809,0,0
-29,-34,12,1274,-802,3776,0,0
-17,-16,6,1381,-722,3726,0,0
-10,-16,1,1469,-683,3723,0,0
-28,-35,-5,1409,-735,3765,0,0
-13,-56,15,1419,-755,3773,0,0
7,-63,34,1438,-742,3782,0,0
43,-43,39,1410,-762,3776,0,0
70,3,18,1386,-752,3793,0,0
37,60,-41,1393,-725,3788,0,0
1,93,-108,1369,-722,3776,0,0
-5,107,-121,1379,-724,3770,0,0
-11,91,-69,1413,-654,3822,0,0
-13,61,8,1430,-613,3820,0,0
-13,27,83,1398,-648,3787,0,0
-5,4,133,1354,-731,3749,0,0
49,-21,173,1502,-862,3740,0,0
76,-66,193,1542,-939,3746,0,0
10,-84,164,1367,-805,3745,0,0
-49,-51,74,1299,-723,3805,0,0
-47,10,-13,1317,-886,3845,0,0
-44,41,-18,1429,-845,3787,0,0
-45,22,-11,1469,-732,3792,0,0
-56,0,-30,1422,-819,3772,0,0
-70,-23,-17,1379,-869,3743,0,0
-66,-39,5,1388,-848,3789,0,0
-73,-34,6,1398,-819,3763,0,0
-82,-35,10,1406,-796,3738,0,0
-55,-25,11,1354,-810,3824,0,0
-45,11,-4,1346,-855,3822,0,0
-40,20,-8,1408,-877,3745,0,0
-35,9,0,1381,-784,3737,0,0
-43,17,-9,1283,-777,3820,0,0
-41,41,-8,1324,-848,3824,0,0
-17,40,20,1448,-845,3760,0,0
18,-4,67,1498,-817,3747,0,0
19,-60,106,1458,-855,3813,0,0
-29,-76,99,1328,-869,3782,0,0
-23,-41,60,1265,-878,3796,0,0
-20,10,-4,1330,-898,3814,0,0
-8,33,-44,1435,-908,3764,0,0
-9,19,-52,1475,-921,3737,0,0
-17,-12,-38,1414,-890,3781,0,0
-15,-15,-24,1334,-841,3795,0,0
-7,2,-25,1339,-844,3769,0,0
-3,9,-38,1407,-888,3749,0,0
-5,4,-33,1432,-923,3748,0,0
-24,-2,-17,1375,-886,3764,0,0
-18,7,-10,1376,-839,3762,0,0
-41,10,-18,1369,-851,3751,0,0
-75,5,-16,1397,-913,3708,0,0
-105,-15,9,1404,-950,3700,0,0
-107,-41,58,1383,-855,3726,0,0
-77,-53,99,1454,-880,3798,0,0
-70,-63,113,1478,-1013,3758,0,0
-68,-84,110,1420,-1057,3778,0,0
-46,-79,97,1425,-1043,3779,0,0
-43,-56,68,1380,-957,3774,0,0
-39,-14,16,1360,-925,3797,0,0
-10,18,-34,1446,-1050,3745,0,0
-10,7,-31,1520,-1039,3675,0,0
-21,-23,-16,1482,-936,3713,0,0
-41,-33,-34,1424,-977,3731,0,0
-39,-26,-36,1384,-1050,3723,0,0
-17,-3,-19,1398,-1003,3749,0,0
-1,14,-8,1483,-968,3696,0,0
1,-4,0,1492,-1008,3716,0,0
9,-12,21,1398,-997,3724,0,0
16,2,39,1390,-990,3729,0,0
31,11,54,1442,-1022,3679,0,0
37,6,79,1485,-949,3689,0,0
39,4,71,1476,-949,3734,0,0
29,6,47,1450,-1045,3740,0,0
23,-14,50,1494,-1052,3725,0,0
23,-17,53,1469,-991,3738,0,0
22,-10,30,1402,-982,3730,0,0
21,-2,11,1427,-997,3708,0,0
21,-3,7,1458,-984,3736,0,0
6,-4,6,1473,-1006,3744,0,0
-8,-20,14,1459,-1019,3726,0,0
2,-40,32,1486,-998,3703,0,0
9,-53,49,1476,-973,3685,0,0
-12,-51,50,1410,-961,3729,0,0
-24,-24,32,1398,-991,3728,0,0
-37,0,16,1452,-1027,3697,0,0
-48,-2,9,1512,-1044,3698,0,0
-53,-17,21,1493,-1010,3672,0,0
-56,-21,34,1436,-1009,3715,0,0
-69,-6,28,1415,-1035,3716,0,0
-75,19,21,1410,-1054,3691,0,0
-82,35,14,1440,-1067,3716,0,0
-88,47,13,1436,-1022,3711,0,0
-99,62,10,1393,-1011,3706,0,0
-75,69,9,1434,-1115,3727,0,0
-43,41,40,1526,-1174,3740,0,0
-39,-14,79,1531,-1158,3702,0,0
-40,-59,97,1440,-1141,3678,0,0
-35,-58,81,1358,-1130,3730,0,0
-37,-28,33,1385,-1146,3728,0,0
-40,-19,-1,1442,-1204,3678,0,0
-44,-31,-5,1456,-1139,3671,0,0
-41,-35,-13,1420,-1068,3706,0,0
-39,-30,-23,1401,-1159,3719,0,0
-27,-28,-8,1430,-1193,3702,0,0
-22,-31,10,1464,-1157,3656,0,0
-28,-37,12,1464,-1165,3669,0,0
-36,-43,20,1450,-1179,3653,0,0
-37,-36,35,1415,-1170,3695,0,0
-73,-14,22,1446,-1229,3709,0,0
-93,-16,11,1535,-1294,3579,0,0
-71,-35,31,1421,-1213,3633,0,0
-37,-8,20,1346,-1205,3717,0,0
-32,37,-28,1406,-1239,3662,0,0
-28,54,-60,1441,-1209,3651,0,0
8,57,-65,1438,-1206,3691,0,0
25,42,-51,1537,-1198,3656,0,0
18,1,-26,1558,-1164,3654,0,0
24,-19,-13,1427,-1173,3739,0,0
39,5,-23,1353,-1178,3758,0,0
30,26,-53,1430,-1184,3668,0,0
17,17,-70,1520,-1204,3631,0,0
14,-26,-46,1526,-1143,3642,0,0
9,-47,-20,1447,-1075,3704,0,0
22,-33,-6,1412,-1111,3730,0,0
37,7,7,1425,-1129,3686,0,0
42,23,10,1500,-1144,3669,0,0
31,17,14,1504,-1166,3681,0,0
9,11,20,1464,-1144,3652,0,0
-10,12,10,1429,-1175,3654,0,0
-10,16,6,1426,-1210,3667,0,0
-23,12,1,1495,-1165,3678,0,0
-32,-10,1,1499,-1113,3631,0,0
9,-31,37,1494,-1122,3657,0,0
27,-29,62,1471,-1168,3694,0,0
21,-24,51,1474,-1227,3649,0,0
5,-21,22,1473,-1220,3666,0,0
-12,-5,-13,1454,-1165,3688,0,0
-18,17,-46,1446,-1152,3673,0,0
-15,26,-66,1463,-1201,3693,0,0
0,15,-50,1515,-1164,3692,0,0
-18,-6,-36,1483,-1054,3692,0,0
-18,-7,-46,1398,-1067,3705,0,0
-8,10,-44,1396,-1149,3705,0,0
4,31,-23,1429,-1144,3687,0,0
-2,35,-10,1451,-1113,3666,0,0
-1,25,1,1446,-1102,3698,0,0
16,21,12,1455,-1082,3712,0,0
23,16,26,1515,-1134,3717,0,0
4,-13,51,1531,-1186,3698,0,0
2,-44,67,1479,-1179,3643,0,0
11,-58,68,1424,-1122,3660,0,0
24,-30,49,1415,-1053,3709,0,0
20,19,4,1404,-1090,3697,0,0
9,53,-38,1419,-1138,3716,0,0
11,66,-48,1475,-1111,3720,0,0
6,50,-39,1481,-1119,3679,0,0
-9,17,-15,1429,-1166,3704,0,0
-21,2,6,1424,-1178,3686,0,0
-46,-10,8,1393,-1171,3691,0,0
-47,-11,7,1408,-1139,3698,0,0
-46,-5,4,1450,-1094,3706,0,0
-62,1,-9,1413,-1095,3691,0,0
-77,13,-31,1358,-1129,3694,0,0
-70,34,-34,1374,-1133,3693,0,0
-56,47,-24,1411,-1137,3694,0,0
-70,36,-16,1451,-1148,3684,0,0
-77,13,-2,1421,-1170,3684,0,0
-65,0,16,1428,-1165,3672,0,0
-52,-7,29,1412,-1193,3696,0,0
-42,-5,36,1447,-1223,3688,0,0
-33,-7,26,1444,-1207,3715,0,0
-48,-8,-14,1409,-1192,3747,0,0
-48,-16,-41,1413,-1203,3737,0,0
-22,-25,-24,1421,-1188,3687,0,0
-5,-26,0,1395,-1161,3696,0,0
6,-15,9,1433,-1202,3686,0,0
1,-16,9,1455,-1216,3676,0,0
-6,-21,10,1429,-1218,3710,0,0
-15,-38,13,1463,-1260,3683,0,0
-20,-66,42,1494,-1195,3604,0,0
-18,-82,60,1418,-1132,3665,0,0
1,-55,52,1381,-1229,3687,0,0
12,-26,49,1432,-1258,3661,0,0
11,-12,34,1455,-1221,3661,0,0
3,-7,10,1457,-1228,3653,0,0
-1,-6,6,1459,-1203,3649,0,0
14,-2,12,1425,-1217,3660,0,0
18,11,11,1433,-1245,3716,0,0
22,12,9,1511,-1268,3655,0,0
15,-19,13,1569,-1245,3609,0,0
8,-48,17,1459,-1216,3661,0,0
4,-36,11,1363,-1203,3674,0,0
8,-10,9,1428,-1209,3649,0,0
15,-9,18,1520,-1196,3649,0,0
20,-5,14,1523,-1228,3666,0,0
30,-11,0,1483,-1253,3657,0,0
30,-2,-20,1431,-1221,3690,0,0
14,20,-54,1464,-1221,3687,0,0
-2,17,-75,1506,-1207,3658,0,0
-1,-1,-62,1521,-1145,3614,0,0
12,-20,-35,1487,-1130,3671,0,0
18,-20,-9,1451,-1161,3693,0,0
14,-6,7,1471,-1165,3684,0,0
15,-2,7,1521,-1189,3637,0,0
14,-19,9,1522,-1172,3649,0,0
-3,-22,2,1465,-1113,3665,0,0
-4,3,-24,1425,-1128,3675,0,0
-6,29,-43,1470,-1189,3707,0,0
1,24,-36,1559,-1189,3649,0,0
8,-22,-13,1592,-1145,3635,0,0
-6,-59,-1,1473,-1065,3726,0,0
-9,-42,-15,1425,-1056,3730,0,0
2,-5,-22,1471,-1096,3671,0,0
35,-1,-2,1608,-1083,3661,0,0
65,-25,30,1643,-1073,3648,0,0
42,-34,41,1486,-1073,3688,0,0
39,14,46,1398,-1063,3686,0,0
61,78,52,1480,-1059,3678,0,0
73,116,61,1547,-1024,3696,0,0
72,128,73,1566,-1029,3679,0,0
87,129,109,1487,-1037,3668,0,0
108,135,157,1441,-1035,3622,0,0
90,131,198,1389,-1080,3618,0,0
68,154,220,1365,-1064,3646,0,0
66,154,212,1366,-1219,3632,0,0
115,102,262,1487,-1367,3737,0,0
89,43,319,1476,-1321,3749,0,0
-41,11,266,1250,-1201,3703,0,0
-82,30,153,1058,-1152,3764,0,0
-64,98,46,1038,-1092,3796,0,0
-36,170,-45,1074,-1143,3857,0,0
-31,215,-84,1148,-1232,3916,0,0
-36,200,-62,1207,-1202,3815,0,0
-36,131,-15,1119,-1128,3824,0,0
-26,76,19,1048,-1114,3880,0,0
0,40,48,1137,-1119,3842,0,0
17,-12,64,1159,-1078,3870,0,0
-55,-36,-25,877,-1000,4024,0,0
-91,44,-202,734,-1030,3913,0,0
-67,133,-357,971,-1133,3682,0,0
-40,112,-431,1201,-1250,3700,0,0
-130,30,-403,1185,-1294,3850,0,0
-180,-42,-294,1123,-1222,3818,0,0
-145,-98,-182,1137,-990,3765,0,0
-120,-119,-125,1095,-948,3823,0,0
-86,-94,-73,1074,-1047,3828,0,0
-21,-41,-50,1115,-1125,3842,0,0
73,-3,-69,1211,-1274,3889,0,0
108,11,-75,1249,-1215,3889,0,0
-30,-10,-133,1278,-1265,3735,0,0
-48,-37,-169,1124,-1144,3720,0,0
-28,-4,-187,1024,-1001,3775,0,0
-45,38,-198,1028,-1038,3762,0,0
34,39,-96,1230,-1159,3820,0,0
46,6,48,1418,-994,3901,0,0
-22,-20,35,1211,-1072,3778,0,0
-22,-38,-22,1102,-1203,3784,0,0
-4,-11,-19,1181,-955,3827,0,0
-8,-2,-35,1254,-945,3647,0,0
36,-56,2,1304,-1113,3668,0,0
51,-115,121,1359,-1103,3826,0,0
-18,-155,194,1322,-1036,3843,0,0
-32,-169,207,1244,-1136,3803,0,0
24,-141,210,1240,-1211,3794,0,0
42,-92,167,1321,-1140,3831,0,0
16,-63,72,1383,-1112,3734,0,0
-25,-55,-27,1331,-1140,3682,0,0
-63,-39,-95,1278,-1185,3764,0,0
-65,-27,-97,1366,-1205,3691,0,0
-50,-46,-45,1390,-1086,3698,0,0
-61,-63,-25,1347,-1035,3781,0,0
-41,-60,0,1345,-1163,3747,0,0
-7,-51,53,1349,-1152,3733,0,0
15,-36,78,1386,-1101,3714,0,0
14,-35,66,1427,-1132,3664,0,0
5,-47,49,1370,-1151,3686,0,0
-10,-34,32,1342,-1166,3719,0,0
-11,-16,18,1371,-1211,3709,0,0
-30,-6,-32,1384,-1280,3721,0,0
-73,-2,-134,1536,-1265,3644,0,0
-124,-21,-209,1530,-1182,3627,0,0
-129,-26,-211,1381,-1146,3713,0,0
-70,-1,-154,1369,-1108,3742,0,0
-11,11,-71,1448,-1103,3719,0,0
25,-18,3,1521,-1154,3697,0,0
18,-56,38,1472,-1216,3697,0,0
-6,-61,21,1408,-1180,3676,0,0
-35,-57,-31,1439,-1186,3655,0,0
-44,-44,-46,1477,-1173,3650,0,0
-20,-28,-21,1470,-1116,3658,0,0
-20,-17,-5,1462,-1118,3655,0,0
-17,-4,8,1457,-1187,3673,0,0
-14,8,27,1464,-1187,3691,0,0
-16,18,28,1502,-1163,3690,0,0
-22,18,17,1529,-1147,3637,0,0
13,-4,23,1506,-1168,3641,0,0
22,-13,11,1473,-1217,3714,0,0
4,2,-20,1474,-1251,3700,0,0
9,14,-28,1536,-1198,3633,0,0
2,3,-42,1518,-1157,3650,0,0
5,-8,-68,1479,-1172,3663,0,0
-1,-10,-79,1471,-1202,3656,0,0
5,-7,-59,1487,-1148,3674,0,0
16,-3,-49,1498,-1139,3697,0,0
24,-11,-33,1517,-1153,3665,0,0
50,-21,4,1504,-1119,3666,0,0
74,-16,29,1485,-1146,3709,0,0
80,-19,42,1563,-1176,3675,0,0
48,-49,55,1585,-1107,3632,0,0
7,-66,45,1459,-1081,3708,0,0
6,-38,26,1455,-1123,3672,0,0
1,-20,9,1516,-1109,3682,0,0
6,-6,-8,1500,-1129,3677,0,0
7,6,-16,1452,-1108,3650,0,0
-1,17,-21,1465,-1048,3628,0,0
16,27,-23,1528,-1055,3683,0,0
41,40,-12,1577,-1107,3745,0,0
17,22,-16,1551,-1149,3691,0,0
-15,-18,-37,1534,-1106,3706,0,0
-32,-41,-41,1512,-1050,3689,0,0
-62,-48,-46,1455,-1052,3656,0,0
-83,-44,-45,1478,-1086,3656,0,0
-94,-39,-17,1533,-1089,3650,0,0
-106,-59,16,1591,-1108,3622,0,0
-100,-90,55,1588,-1159,3621,0,0
-75,-98,70,1577,-1166,3670,0,0
-47,-82,38,1555,-1163,3661,0,0
-31,-56,-10,1558,-1145,3621,0,0
-4,-30,-65,1627,-1108,3608,0,0
6,2,-135,1571,-1103,3609,0,0
-3,45,-199,1526,-1057,3653,0,0
-8,89,-247,1537,-1066,3656,0,0
-7,111,-253,1565,-1075,3658,0,0
-11,105,-211,1597,-995,3678,0,0
-7,83,-136,1568,-855,3680,0,0
6,67,-51,1562,-856,3622,0,0
16,32,37,1584,-1006,3646,0,0
57,-26,178,1658,-1090,3690,0,0
97,-70,302,1704,-1030,3681,0,0
82,-96,295,1603,-1010,3675,0,0
60,-58,186,1466,-1079,3658,0,0
65,20,71,1488,-1116,3652,0,0
52,78,-22,1575,-1091,3624,0,0
21,90,-75,1621,-1080,3646,0,0
-1,61,-63,1651,-1024,3636,0,0
-18,28,1,1568,-1007,3633,0,0
-17,19,79,1489,-1022,3717,0,0
12,22,150,1553,-1056,3647,0,0
-7,1,176,1532,-1046,3613,0,0
-19,2,147,1441,-1057,3690,0,0
-24,47,110,1418,-1111,3662,0,0
-38,96,90,1429,-1135,3671,0,0
-45,115,81,1425,-1071,3710,0,0
-35,111,80,1423,-1048,3719,0,0
-19,96,84,1390,-1099,3709,0,0
-8,102,72,1341,-1150,3773,0,0
-6,123,34,1314,-1198,3809,0,0
-22,137,-3,1360,-1196,3727,0,0
-34,133,-28,1390,-1143,3700,0,0
-42,137,-63,1317,-1072,3740,0,0
-52,135,-74,1234,-1091,3758,0,0
-96,144,-61,1242,-1099,3763,0,0
-130,145,-63,1274,-1165,3776,0,0
-104,128,-34,1273,-1245,3807,0,0
-74,94,19,1260,-1170,3828,0,0
-66,74,41,1204,-1136,3836,0,0
-59,65,50,1155,-1178,3837,0,0
-31,69,72,1158,-1210,3769,0,0
-17,51,111,1207,-1177,3734,0,0
-25,0,142,1220,-1210,3729,0,0
-110,-76,126,1260,-1272,3768,0,0
-159,-129,85,1190,-1381,3808,0,0
-131,-140,67,1132,-1406,3783,0,0
-90,-115,51,1158,-1318,3762,0,0
-63,-69,11,1166,-1274,3748,0,0
-43,-15,-30,1179,-1307,3726,0,0
-44,18,-60,1219,-1333,3747,0,0
-50,27,-63,1256,-1369,3740,0,0
-56,10,-39,1312,-1378,3660,0,0
-66,-41,2,1327,-1369,3607,0,0
-57,-105,51,1326,-1380,3584,0,0
-73,-164,90,1268,-1503,3569,0,0
-120,-186,106,1270,-1581,3640,0,0
-117,-138,95,1271,-1576,3667,0,0
-74,-64,51,1250,-1489,3640,0,0
-26,26,-47,1208,-1394,3694,0,0
-2,134,-165,1184,-1486,3724,0,0
5,214,-223,1220,-1522,3641,0,0
28,243,-206,1216,-1447,3623,0,0
37,247,-175,1224,-1465,3676,0,0
54,239,-109,1224,-1478,3721,0,0
99,204,-27,1168,-1351,3763,0,0
107,170,-26,1118,-1221,3841,0,0
90,184,-100,1009,-1238,3827,0,0
102,253,-146,827,-1249,3807,0,0
148,344,-154,660,-1228,3906,0,0
163,399,-169,720,-1293,4046,0,0
209,359,-129,990,-1388,3866,0,0
190,170,-33,896,-1320,3771,0,0
168,-58,-33,535,-1153,4131,0,0
202,-183,-97,403,-1176,4328,0,0
147,-216,-103,469,-1161,4170,0,0
171,-202,-84,510,-1119,3998,0,0
163,-238,-43,636,-1171,3881,0,0
132,-308,67,810,-1033,4251,0,0
226,-322,165,1234,-758,4268,0,0
329,-413,144,1641,-777,3688,0,0
284,-596,90,1393,-1081,3528,0,0
202,-646,107,1090,-1113,3851,0,0
128,-512,120,1207,-878,3842,0,0
121,-375,90,1516,-708,3719,0,0
183,-321,30,1797,-654,3674,0,0
194,-349,-43,1810,-658,3606,0,0
244,-376,-34,1678,-724,3713,0,0
366,-363,76,2104,-734,3786,0,0
514,-556,323,2480,-376,3290,0,0
593,-788,631,2389,-144,2940,0,0
568,-769,889,2022,-324,2388,0,0
304,-747,1117,1806,-717,2061,0,0
255,-663,1240,1764,-1027,2637,0,0
-82,-474,1163,2074,-969,2503,0,0
-188,-426,957,2586,-1034,2705,0,0
-157,-342,651,3135,-1042,2547,0,0
-666,-550,369,3427,-1119,2413,0,0
-548,-458,120,2800,-1163,2915,0,0
-1000,-362,-206,2440,-1718,2536,0,0
-71,-266,-337,2524,-1599,3019,0,0
591,-22,-645,2512,-2256,2593,0,0
-755,-222,-1167,2557,-2615,2304,0,0
-1855,-571,-1187,2219,-3004,2550,0,0
-2371,-1091,-771,2503,-3096,1868,0,0
-1954,-1830,-76,3480,-3092,1831,0,0
-947,-2402,512,3879,-3451,1705,0,0
-1850,-2931,583,4428,-3710,1331,0,0
-2300,-3165,570,4335,-3785,1275,0,0
-3131,-3031,659,3729,-3486,384,0,0
-4199,-2911,745,3701,-2797,-398,0,0
-5054,-2927,629,3565,-2401,-925,0,0
-5638,-3056,323,3682,-1761,-1349,0,0
-4663,-2997,-8,3684,-1515,-1866,0,0
-3280,-2812,-467,3778,-830,-2118,0,0
-786,-2680,-570,3232,-721,-2388,0,0
6,-2443,-522,2292,-882,-2412,0,0
-130,-2150,-307,1369,-98,-1918,0,0
64,-1784,-118,471,-32,-1906,0,0
100,-1275,49,-65,947,-1173,0,0
838,-389,67,-121,725,-1691,0,0
1096,535,-139,408,1096,-1473,0,0
1356,1486,-469,1755,1396,-1582,0,0
2408,2062,-950,3029,1130,692,0,0
2229,3211,-1608,5237,-500,-660,0,0
2125,3743,-2404,9464,649,608,0,0
2476,4524,-3106,13166,-2125,-1554,0,0
189,4634,-3647,14007,-832,-476,0,0
451,4526,-3378,13160,-2531,-1334,0,0
-326,4485,-2939,13197,-1602,-1777,0,0
-392,4065,-2335,11946,-2359,-2442,0,0
-662,3301,-1796,8202,-838,-3149,0,0
2021,2087,-1146,3996,-1542,-1912,0,0
3089,1732,-658,1591,-1823,-2851,0,0
2663,1341,-444,-1511,-3503,-5220,0,0
707,287,-851,-1709,-3823,-3265,0,0
-119,-120,-642,714,-3592,-1373,0,0
-580,-68,28,1246,-3255,-2792,0,0
-954,-674,534,1435,-2455,-3144,0,0
-696,-1393,1139,1056,-2099,-2306,0,0
-894,-1762,1665,1266,-1680,-2189,0,0
-1217,-2062,1751,2036,-1589,-2005,0,0
-1589,-2456,1568,5895,-1976,-2043,0,0
-2248,-3082,1433,11236,-1817,-2334,0,0
-2984,-3479,1219,11756,-1783,-2897,0,0
-2995,-4180,1227,12968,-184,-1919,0,0
-1070,-4884,1577,10772,84,-1503,0,0
1275,-5076,1945,8796,-798,-976,0,0
1481,-4627,2406,6925,-1479,-1298,0,0
-232,-3907,2652,5969,-1038,-1395,0,0
-1248,-3425,2520,4394,94,-317,0,0
-827,-2321,2169,1610,1200,988,0,0
281,-624,1148,1041,1554,-129,0,0
318,770,-208,2388,1028,-499,0,0
-260,2368,-1153,3409,201,-1049,0,0
-1462,3429,-1517,5861,458,99,0,0
-1400,4481,-3288,8850,-411,1082,0,0
-1613,5872,-1089,12335,-474,-823,0,0
48,6282,-986,13151,-581,-2078,0,0
3987,5683,-721,9813,1514,-3346,0,0
7948,3609,-1501,6752,-5984,-1878,0,0
3576,3623,-2664,2903,-6861,-4479,0,0
3173,2737,-1251,1551,-1161,-4232,0,0
5300,1018,-28,1482,-2587,-3636,0,0
2769,334,-315,797,-2616,-3262,0,0
490,299,-1477,-977,-3751,-2777,0,0
-537,215,-2960,-603,-4329,-3546,0,0
-1328,-523,-2608,731,-5631,-3747,0,0
-3432,-1386,-846,1757,-4440,-3289,0,0
-3154,-2368,734,4011,-3179,-1812,0,0
-2342,-3043,2141,10578,-2028,-502,0,0
-658,-3462,3299,13593,-909,-320,0,0
965,-4072,4677,14072,-1977,-2657,0,0
-1093,-4378,5395,13760,-1403,-2856,0,0
-3824,-4379,4189,9964,-986,-2274,0,0
-4703,-4495,2599,7698,-285,-1233,0,0
-3656,-4418,1437,5621,871,-206,0,0
-1597,-3843,842,4075,598,258,0,0
181,-3166,593,2796,221,-256,0,0
408,-2702,560,2095,-257,204,0,0
696,-1709,43,1085,1138,1824,0,0
1243,-217,-374,1271,648,1587,0,0
469,1629,-1272,2799,998,1588,0,0
-108,3509,-1800,5997,880,692,0,0
579,5057,-1521,10273,448,-990,0,0
664,5635,-1529,13499,-874,-1814,0,0
69,6052,-1865,14673,-1376,-2622,0,0
1376,5880,-1921,14992,-263,-2592,0,0
3851,5178,-2745,10895,-3941,-1771,0,0
3121,5223,-3843,8116,-3071,-5221,0,0
3765,3832,-3328,3205,-2106,-3342,0,0
5688,2338,-1471,2636,-3709,-4136,0,0
4091,501,-1087,3103,-6081,-3846,0,0
740,-212,-1320,327,-5720,-4719,0,0
-114,-926,-739,-706,-5889,-3234,0,0
-488,-1399,228,-117,-6025,-1796,0,0
-875,-1626,1230,101,-5084,-1425,0,0
-1290,-1758,2299,1012,-3895,-1361,0,0
-1779,-1951,3041,2616,-2825,-942,0,0
-1404,-2012,3068,7151,-2784,-1305,0,0
-359,-1351,2652,11196,-2722,-3076,0,0
-2273,-1519,2472,12437,-2830,-4931,0,0
-5184,-2902,2451,13557,112,-3742,0,0
-3361,-4481,2491,13651,822,-1907,0,0
-947,-5143,2414,12533,-234,-1282,0,0
-94,-4851,2492,9440,146,-1589,0,0
1306,-4275,2535,5324,1231,-2448,0,0
826,-3168,2300,1609,89,-641,0,0
-2059,-2260,1424,1239,121,-580,0,0
-1522,-1886,904,681,1215,701,0,0
-1086,-1209,626,291,1318,393,0,0
-263,-672,65,383,1613,785,0,0
856,204,-403,1030,572,892,0,0
-65,1696,-989,2035,876,222,0,0
-627,3200,-1471,4899,944,-488,0,0
-1245,4670,-1456,7915,317,-1810,0,0
-1169,5455,-1267,11281,1593,345,0,0
1803,6262,-1364,15585,-1940,569,0,0
3191,6759,-1632,17649,-2527,-3213,0,0
4525,6090,-2105,12873,-3000,-2769,0,0
4417,5578,-3076,7360,-2804,-4498,0,0
4378,3847,-3373,5050,-3739,-1955,0,0
3850,2518,-2601,5121,-4267,-2008,0,0
3019,2094,-2031,3478,-4386,-3426,0,0
2339,1595,-2022,466,-6165,-4425,0,0
294,682,-1544,-153,-5937,-3936,0,0
-187,-63,-579,194,-5666,-3999,0,0
-766,-802,518,690,-4937,-3759,0,0
-1466,-1489,1361,1373,-4505,-2966,0,0
-1874,-2167,1870,3430,-3515,-2550,0,0
-1806,-3132,2741,9157,-2864,-2053,0,0
-1658,-3639,3654,12271,-2234,-1260,0,0
-2355,-3686,3939,13340,-2387,-1816,0,0
-3495,-4282,3997,15398,-1411,-1543,0,0
-3408,-4878,3420,14878,-860,-1579,0,0
-2045,-5038,2537,13126,-715,-1243,0,0
-971,-4799,2320,10033,-180,-1763,0,0
-697,-4518,2489,6866,123,-1293,0,0
-942,-3769,2319,3741,127,-750,0,0
-896,-2913,1630,1513,1626,357,0,0
332,-2038,892,55,930,594,0,0
178,-863,-14,509,2012,1565,0,0
614,661,-1032,1637,1385,2465,0,0
60,2407,-1322,3457,1233,1324,0,0
220,3647,-1233,5694,1174,255,0,0
-119,4655,-1407,8480,388,-480,0,0
-850,5662,-1779,11304,-2,-1493,0,0
195,6115,-2024,15511,-1344,-2343,0,0
1675,5779,-1824,15395,-2386,-3637,0,0
2600,4506,-1829,11679,-2530,-2334,0,0
3621,3918,-1965,7765,-2025,-2095,0,0
5333,3317,-2234,3715,-2389,-2954,0,0
5017,2228,-2170,1814,-4524,-2891,0,0
2511,1218,-2066,2851,-4122,-4224,0,0
1509,490,-2129,296,-5190,-3210,0,0
1559,349,-2001,-1928,-7004,-2875,0,0
713,75,-949,-1411,-6869,-2823,0,0
-66,-330,418,-511,-5944,-2581,0,0
-1240,-801,1464,595,-4657,-1880,0,0
-1633,-1275,2450,1862,-3269,-1287,0,0
-2019,-1706,2982,5077,-2858,-1872,0,0
-2527,-2184,2889,11872,-2201,-2176,0,0
-1907,-2096,2758,12464,-1753,-3539,0,0
-2125,-3017,2796,15018,-1415,-3312,0,0
-2630,-4169,2896,14937,-1023,-2825,0,0
-2452,-5101,2983,13617,-415,-1462,0,0
-820,-5358,3361,10897,-568,-3064,0,0
-664,-5068,3604,8381,-624,-725,0,0
-2640,-4568,3302,5763,362,937,0,0
517,-3089,2821,1714,1275,1618,0,0
-517,-1528,1817,213,1911,111,0,0
-967,-569,254,519,3608,451,0,0
720,510,-925,1426,2782,1332,0,0
622,1990,-2020,2964,1756,747,0,0
343,3114,-2618,5754,1338,-148,0,0
359,3977,-3067,8496,322,654,0,0
120,5265,-3427,11980,-1012,104,0,0
-543,6200,-3842,16204,-1345,-29,0,0
260,6529,-4057,18111,-2061,777,0,0
1292,6928,-3631,16452,-1869,-809,0,0
3838,6371,-2267,10737,-54,-2172,0,0
6011,4450,-1803,6637,-3895,-4394,0,0
2011,2984,-3192,2500,-5447,-3885,0,0
1261,2192,-2762,2925,-4193,-3201,0,0
1438,1539,-1405,3223,-6775,-5466,0,0
-404,820,-1643,792,-6523,-5020,0,0
-606,-429,-134,275,-5253,-2972,0,0
287,-1209,1468,1226,-3985,-2776,0,0
3,-1614,2289,1989,-2542,-2358,0,0
-698,-2019,2780,2629,-1979,-1741,0,0
-1446,-2622,3211,6241,-1845,-1593,0,0
-1661,-3207,3612,12198,-1633,-847,0,0
-1661,-3252,3339,12903,-2110,-1214,0,0
-2137,-3711,3204,15088,-1172,-1006,0,0
-1726,-4453,3507,14760,-1292,-499,0,0
-1559,-4639,3663,13513,-1747,-925,0,0
-2267,-4615,3585,10992,-1118,-1381,0,0
-2786,-4774,3441,8523,-494,164,0,0
-2571,-4399,3149,6028,-322,220,0,0
-2001,-3741,2533,2913,1124,1269,0,0
-256,-2428,1768,226,1488,1072,0,0
250,-1317,661,243,2243,1032,0,0
1525,-2,-426,1152,1822,1445,0,0
1048,1568,-1245,2321,2191,1370,0,0
1252,2878,-1609,4203,1482,1122,0,0
1430,3906,-2420,8586,850,1401,0,0
1472,5263,-3423,13322,-948,1849,0,0
-135,7011,-4148,17458,-1258,-1207,0,0
-653,7102,-3945,18234,-1320,276,0,0
409,6637,-3019,17700,-1969,-823,0,0
2533,5640,-2054,13449,99,-2560,0,0
7330,3663,-2022,8386,-1905,-1536,0,0
8012,2157,-2870,2659,-9573,-2628,0,0
2685,1292,-1993,1360,-6207,-3228,0,0
2922,410,-854,1462,-8089,-2698,0,0
579,212,-996,-1127,-9940,-3670,0,0
-2447,-248,-271,-866,-5787,-2942,0,0
-2475,-883,1007,637,-3580,-1249,0,0
-2328,-1243,1772,1479,-3078,-639,0,0
-2729,-1562,2069,2051,-2500,-1249,0,0
-2502,-2097,2362,3339,-1797,-1924,0,0
-1827,-2741,2633,7183,-1602,-2309,0,0
-1699,-3469,2700,14195,-2046,-1386,0,0
-1780,-3502,2309,12328,-2362,-1151,0,0
-1468,-3668,2962,13057,-867,-2202,0,0
-480,-4249,3703,12766,-1044,-1882,0,0
-1418,-4253,3436,11325,-1723,-1297,0,0
-2633,-4044,2914,9031,-561,-1271,0,0
-1881,-3951,2594,6501,-228,-606,0,0
-804,-3850,2325,4637,-543,-53,0,0
358,-3360,2287,2108,-426,895,0,0
1269,-2091,2645,1064,462,325,0,0
344,-1186,2070,-43,2582,171,0,0
-104,-344,366,-726,1958,201,0,0
62,600,-1251,1074,984,760,0,0
367,1906,-2238,3029,1201,-282,0,0
265,3281,-3028,4867,106,-644,0,0
-1334,4780,-3563,7137,-145,-2490,0,0
-2523,5647,-3542,10142,940,-686,0,0
-900,6250,-3044,14371,-946,550,0,0
375,6366,-2602,16082,-893,-672,0,0
3402,5430,-1910,16063,-839,720,0,0
5118,4915,-1596,15325,-1572,586,0,0
5894,4190,-2022,9986,-2513,-2248,0,0
4789,2644,-2592,2027,-2871,-2198,0,0
2523,2128,-2188,642,-4350,-2361,0,0
175,1432,-2325,3006,-4660,-3213,0,0
1127,1324,-2695,1707,-8247,-3359,0,0
646,1329,-2316,348,-7912,-4828,0,0
932,53,-449,195,-5538,-2497,0,0
1211,-794,1559,450,-5526,-2942,0,0
-408,-1369,2597,1677,-3849,-1589,0,0
-3208,-1659,3085,2636,-2013,-1087,0,0
-990,-1859,3538,5511,-2309,-1032,0,0
-1514,-1852,3537,13753,-3187,-1355,0,0
-4604,-2075,2697,15760,-2985,-2651,0,0
-6687,-3837,2528,17555,-315,-1455,0,0
-3971,-5912,3204,17472,-547,338,0,0
-1609,-6775,3794,15857,-794,641,0,0
-856,-6644,4048,11155,-441,79,0,0
232,-6044,3957,8382,-389,597,0,0
988,-4960,3933,5174,-540,1752,0,0
339,-3184,3787,2681,564,1418,0,0
-776,-1674,3023,450,2457,638,0,0
-2015,-784,1444,-637,2763,596,0,0
-1434,-41,23,-646,2175,994,0,0
207,824,-797,368,2167,878,0,0
1174,1576,-1539,1379,1659,532,0,0
1877,2119,-2285,2948,1774,633,0,0
2494,2508,-3211,5831,1491,852,0,0
2131,3251,-4431,10067,1594,788,0,0
1579,4445,-5660,14330,247,-327,0,0
456,5678,-6041,17802,-297,-141,0,0
-75,6330,-5550,20403,-1626,489,0,0
-875,6416,-5218,21635,-1634,-2328,0,0
-253,6193,-4495,18670,-650,-616,0,0
1651,5447,-3622,13650,-1509,-1930,0,0
3074,4170,-3309,7250,-2198,-3101,0,0
4384,2993,-2594,3038,-4798,-4002,0,0
2509,1669,-1723,1401,-6176,-4521,0,0
896,767,-1188,772,-6331,-4633,0,0
579,-98,-303,937,-6579,-3820,0,0
-139,-935,819,1057,-5556,-2318,0,0
-352,-1514,2177,1705,-3729,-1480,0,0
-273,-1883,3264,2439,-2709,-963,0,0
-482,-2005,3726,2915,-2388,-740,0,0
-1109,-1930,3821,3822,-2150,-1146,0,0
-2104,-2141,3593,9730,-2524,-2085,0,0
-2708,-2748,3505,17813,-2619,-2410,0,0
-3340,-3695,3498,17143,-1754,-1123,0,0
-2790,-4723,4507,15220,-759,-2730,0,0
-2825,-6034,5059,15693,-744,-984,0,0
-2895,-6352,4294,12199,-1160,83,0,0
-2734,-6091,3242,9253,-639,445,0,0
-2252,-5758,2572,7156,-541,724,0,0
-799,-5072,2419,4138,-96,1726,0,0
91,-4014,2795,2833,-66,1002,0,0
103,-3303,2525,1807,3546,3208,0,0
2970,-1451,1763,-1666,4009,3969,0,0
155,1006,-267,-271,2883,2023,0,0
-285,2794,-2401,1884,2082,765,0,0
822,4266,-3359,5703,622,-600,0,0
1739,5227,-3740,10083,-1626,-328,0,0
749,6327,-3538,14379,-1585,-1724,0,0
905,6921,-3928,16737,-2636,-3147,0,0
1990,7345,-4414,19175,-3468,-2756,0,0
2994,7317,-4917,21384,-4646,-1315,0,0
2965,6475,-4842,18535,-4318,-2938,0,0
4513,4749,-3574,11930,-2797,-2336,0,0
6685,2687,-2502,6107,-3201,-2222,0,0
7517,1066,-1842,1080,-5847,-2594,0,0
3517,222,-1780,-1225,-7536,-2023,0,0
-3056,224,-2722,626,-7112,-1518,0,0
-1021,104,-1550,256,-6429,-860,0,0
190,-345,601,-273,-5757,-806,0,0
-220,-635,2114,487,-4854,-747,0,0
-1284,-678,2734,1228,-3857,-1019,0,0
-2267,-966,2832,2014,-3045,-1160,0,0
-2479,-1319,3038,3445,-3328,-1191,0,0
-3008,-1846,3216,8235,-3873,-1767,0,0
-3934,-2393,3457,16210,-4128,-1732,0,0
-4775,-2920,3264,15011,-2930,-3121,0,0
-4618,-4707,3877,16844,-105,-2290,0,0
-2032,-6233,4167,16003,-999,-1479,0,0
-1413,-6473,3956,13915,-1993,-567,0,0
-1609,-5937,3281,10331,-509,66,0,0
-277,-5068,2754,7315,655,794,0,0
638,-3649,2416,3209,565,1254,0,0
-443,-2062,1512,672,2278,871,0,0
-44,-1247,623,-617,2433,558,0,0
81,-387,99,-981,2270,1043,0,0
-294,1055,-468,-311,2238,747,0,0
-189,2394,-957,1298,1387,-209,0,0
-126,3050,-1604,3914,1122,828,0,0
746,4032,-2029,7634,-872,-179,0,0
7,5062,-2471,10909,-169,-301,0,0
-331,6185,-2262,13910,-3319,-4785,0,0
-4160,6064,-1498,15322,-715,-3295,0,0
170,5076,-9,14867,-2244,-1171,0,0
5175,4659,-372,10311,-2793,-4679,0,0
6320,3249,-1601,4582,-2016,-2025,0,0
6341,3010,-2741,2998,-3387,-1795,0,0
4855,2490,-3770,2824,-5099,-4692,0,0
2607,1386,-4080,1273,-7252,-3181,0,0
1699,1103,-2890,530,-7518,-3711,0,0
828,291,-1090,205,-6280,-3011,0,0
364,-275,601,259,-5237,-2329,0,0
-185,-606,1686,688,-3558,-1838,0,0
-438,-812,2306,1209,-2713,-1804,0,0
-1007,-1139,2513,5144,-3157,-2077,0,0
-2185,-1765,2451,12460,-3180,-1928,0,0
-4111,-2361,2291,13566,-3191,-3379,0,0
-5222,-4108,3278,17796,-601,-562,0,0
-3200,-5574,4149,15937,-275,-492,0,0
-1600,-6170,4257,13202,-897,-912,0,0
-1628,-6111,3669,10243,-370,-607,0,0
-1938,-5502,2894,7982,-667,-759,0,0
-2018,-4882,2141,6527,-179,109,0,0
-1859,-4196,1489,3581,833,2172,0,0
-945,-2748,788,723,1044,2576,0,0
-285,-1192,523,-559,2027,2388,0,0
142,389,-354,-830,2824,2774,0,0
214,1947,-1349,1879,1609,2032,0,0
1017,3450,-1620,4435,507,1739,0,0
2135,4841,-1904,8392,324,1227,0,0
3648,5394,-2214,13406,-1637,1180,0,0
3414,6478,-3260,18987,-2867,114,0,0
3078,7288,-4609,20444,-2357,-1756,0,0
3869,6290,-5347,20863,-2476,725,0,0
5039,5253,-5675,18428,-3717,-947,0,0
5326,3615,-5420,10794,-3394,-996,0,0
5686,2127,-4461,4819,-6857,-2276,0,0
4308,791,-3834,2190,-9351,-2172,0,0
2265,-308,-2546,2283,-10929,561,0,0
913,-273,-905,897,-11129,-141,0,0
-79,-201,1460,-258,-8508,-748,0,0
-1380,-523,3203,277,-5567,-50,0,0
-3047,-880,3738,2006,-3619,107,0,0
-3161,-1076,3751,2793,-2370,75,0,0
-2640,-1100,3717,3482,-2228,-853,0,0
-2590,-1549,3426,6554,-3097,-1729,0,0
-3235,-2153,3133,13012,-3712,-1231,0,0
-4440,-2353,2819,15287,-3758,-2266,0,0
-4536,-3424,3144,16272,-1997,-1710,0,0
-3688,-4744,3688,15954,-1184,-601,0,0
-2738,-5416,3262,13407,-1342,-262,0,0
-840,-5029,3247,9854,-346,-210,0,0
761,-3968,3656,6484,-252,-623,0,0
63,-3071,3691,3496,-1034,-1539,0,0
-1689,-2307,2938,1073,169,-1077,0,0
-1546,-1761,1799,-82,1347,-445,0,0
-432,-1152,1063,-514,1217,-263,0,0
48,-346,351,-291,1076,-322,0,0
163,244,-275,-82,1247,-78,0,0
327,743,-808,601,1345,-361,0,0
528,1288,-1589,1720,840,434,0,0
595,2286,-2283,3919,666,219,0,0
515,3243,-3067,6978,108,598,0,0
655,4833,-3384,10000,-378,-437,0,0
722,5731,-3556,14363,-367,-691,0,0
1557,5894,-3424,17166,-2403,288,0,0
2650,6483,-3314,19367,-1831,-1858,0,0
3359,5382,-3743,15554,-3574,-1736,0,0
3217,4175,-4117,9009,-4811,-2504,0,0
6422,2672,-3266,3521,-7733,-3171,0,0
4930,1575,-2521,2322,-7623,-4425,0,0
2184,911,-2454,-153,-9816,-3577,0,0
-754,448,-1929,-1051,-9425,-3353,0,0
-1754,-292,-131,450,-7237,-2972,0,0
-1496,-1131,1941,1542,-5231,-2208,0,0
-1517,-1752,3268,2474,-3340,-1705,0,0
-2016,-2135,3727,3420,-2496,-1919,0,0
-2667,-2664,3613,6257,-2297,-2174,0,0
-3157,-3352,3134,12655,-1910,-1821,0,0
-2658,-3449,2321,13368,-2020,-2240,0,0
-2101,-3969,2160,14597,-1210,-2075,0,0
-1310,-4682,2731,14604,-426,-1539,0,0
-262,-4906,2984,13023,-1306,-908,0,0
15,-4452,3424,9383,-909,-603,0,0
-262,-3561,3586,6719,628,-60,0,0
-714,-2435,2659,1437,2039,359,0,0
-2348,-1566,1171,-69,422,-292,0,0
-1285,-907,395,-261,1728,250,0,0
1053,-228,290,-866,2195,924,0,0
1234,450,-152,105,1624,573,0,0
443,1234,-928,1543,1464,91,0,0
178,1999,-1870,2643,1924,911,0,0
1459,2813,-2676,5932,881,757,0,0
2546,3566,-3613,10494,637,975,0,0
3027,4377,-4339,13292,-386,654,0,0
1751,4847,-4339,14527,-820,332,0,0
-202,5022,-3859,18068,-900,166,0,0
-102,5069,-3631,18704,-1006,-1049,0,0
2560,4740,-4125,15190,-972,-1937,0,0
4765,3666,-5011,9183,-1439,-2009,0,0
5745,2197,-5103,4785,-4695,-939,0,0
4598,1065,-4010,2920,-6421,-1949,0,0
3169,-97,-2821,2592,-7853,-1988,0,0
712,-646,-2481,1458,-8986,-290,0,0
-675,-671,-1359,-55,-8642,-44,0,0
-333,-711,997,668,-6066,112,0,0
-379,-741,2480,1488,-5045,182,0,0
-1392,-681,3282,2339,-3743,114,0,0
-1991,-744,3872,4223,-2806,-650,0,0
-2412,-1256,4620,10322,-3427,-1944,0,0
-3903,-2209,5424,16724,-2050,-1989,0,0
-4504,-3605,5910,18339,-1602,-1438,0,0
-4747,-5068,5973,18897,-734,-921,0,0
-4451,-6194,5259,16734,-634,-220,0,0
-3975,-6346,3674,14233,-1205,141,0,0
-3158,-6213,2356,11425,-436,496,0,0
-2071,-5851,1837,7793,-93,997,0,0
-330,-4780,1746,3945,663,2599,0,0
627,-3012,1849,1538,1282,2316,0,0
919,-1437,1402,32,3240,2550,0,0
2077,368,339,-446,3351,2225,0,0
1760,2088,-1180,1960,2032,660,0,0
1806,3613,-2670,4818,1635,463,0,0
1043,5162,-4042,9363,347,356,0,0
-672,6374,-4741,14090,137,-680,0,0
-570,6806,-4438,16307,532,-424,0,0
2275,6058,-3614,17124,-293,354,0,0
3989,5093,-3297,18617,-1139,1357,0,0
4825,4960,-3703,18558,-2150,499,0,0
3539,4252,-4866,13997,-4961,-1940,0,0
1798,3593,-4552,7744,-3653,-971,0,0
4231,2986,-2993,4655,-3375,-3295,0,0
4343,1407,-2424,2252,-9420,-2204,0,0
-183,1284,-3144,115,-10001,-4028,0,0
-854,960,-2319,-292,-6514,-4211,0,0
327,-154,-49,136,-6607,-2735,0,0
-897,-849,1590,1227,-5263,-1681,0,0
-1854,-1225,2322,1743,-3467,-1433,0,0
-1718,-1619,2778,2574,-2932,-1299,0,0
-1424,-2039,3199,4330,-2767,-1728,0,0
-1709,-2692,3574,9259,-3258,-2277,0,0
-2395,-3401,4008,14294,-2209,-2078,0,0
-3195,-4475,4432,16005,-1739,-1876,0,0
-3161,-5787,4937,18956,-1434,-785,0,0
-2845,-6499,5047,17809,-1069,-359,0,0
-2560,-6686,4244,14744,-1406,520,0,0
-2134,-6128,3350,11067,-618,584,0,0
-657,-5364,3112,6909,721,1915,0,0
1669,-3439,3305,2185,1824,2012,0,0
570,-1523,2514,572,3111,1413,0,0
60,190,355,-14,4177,2287,0,0
-349,2204,-1626,2697,3187,1079,0,0
714,3548,-2699,5912,1933,735,0,0
861,4705,-3364,8974,154,1033,0,0
207,5888,-3752,12362,227,508,0,0
689,6279,-3724,15014,-325,-2296,0,0
1350,5865,-3618,16090,-1288,816,0,0
2048,5776,-3543,16853,-1185,976,0,0
2478,5590,-3639,15456,-1472,71,0,0
2342,5066,-3599,13815,-1550,-15,0,0
2383,4389,-3366,10226,-869,-537,0,0
2887,3445,-2886,6771,-1366,-1021,0,0
2192,2810,-2271,4473,-1892,-2835,0,0
1843,1991,-1520,2033,-1208,-3960,0,0
2101,824,-581,-672,-2503,-4007,0,0
1014,-252,-343,23,-4989,-3067,0,0
-1055,-630,-494,1182,-5370,-2890,0,0
-1338,-1112,247,923,-4696,-1969,0,0
-670,-1703,1672,1516,-3978,-1505,0,0
-755,-2207,2718,2829,-3328,-1314,0,0
-1006,-2573,3326,4059,-2814,-1276,0,0
-997,-2776,3631,5224,-2643,-2229,0,0
-1417,-3244,3769,7520,-2215,-2917,0,0
-1959,-3992,3892,12216,-2606,-3733,0,0
-3200,-5018,3913,13977,-1982,-2189,0,0
-3422,-5462,3650,15726,-1523,-2572,0,0
-2392,-5914,3596,15069,-1138,-2573,0,0
-2755,-6044,3012,14521,-1280,-2135,0,0
-2284,-6014,1797,11283,-427,-524,0,0
-751,-5538,1689,8310,74,609,0,0
1185,-4190,2181,2527,2033,2824,0,0
1419,-1954,2402,-775,3082,1419,0,0
863,-516,1154,-1939,4524,1545,0,0
700,1242,-782,-141,3386,1220,0,0
-31,2749,-2012,2869,2844,890,0,0
623,3662,-2418,6254,2799,1044,0,0
1610,4208,-3048,9311,943,1324,0,0
2466,4843,-3651,12678,180,1578,0,0
2605,5590,-4154,15889,-1091,437,0,0
2236,5915,-4559,18352,-1893,69,0,0
794,5864,-4844,17692,-2280,-869,0,0
-1263,5755,-4416,15280,-1466,-2238,0,0
-525,5427,-3519,14131,599,-717,0,0
4503,4113,-3291,10792,-364,-1154,0,0
8074,2376,-3408,6313,-3429,-1178,0,0
5246,1714,-2839,3160,-5545,-1699,0,0
1331,1288,-1502,2127,-4383,-3672,0,0
655,63,-412,262,-6749,-1908,0,0
-2159,-351,311,215,-6750,-1496,0,0
-2465,-2760,1255,1495,-3986,-2051,0,0
-1192,-1349,2404,2000,-3430,-1575,0,0
-1367,-1689,2984,2348,-2591,-1023,0,0
-1910,-2051,3425,2914,-1891,-823,0,0
-2292,-2546,3767,3714,-1248,-500,0,0
-1952,-2809,3834,4969,-861,-711,0,0
-1975,-3118,3775,9620,-1742,-1429,0,0
-2878,-3402,3027,10865,-1602,28,0,0
-2671,-3544,2141,10986,-1469,620,0,0
-1319,-3588,2051,10792,-1198,686,0,0
427,-3354,2802,9861,-712,628,0,0
1663,-2891,4411,10580,-1145,673,0,0
496,-1629,6042,10864,58,836,0,0
-1015,1,5843,9150,102,770,0,0
-4766,1364,4423,6427,706,1616,0,0
-4061,2516,2666,3054,2522,1689,0,0
278,4179,2043,2757,901,563,0,0
3498,5673,852,3988,-2703,722,0,0
4995,6919,-520,5232,-3373,891,0,0
6154,7320,-1288,8152,-8545,-4748,0,0
4889,2984,-632,9061,-9627,-342,0,0
1864,-1719,241,-1186,963,-130,0,0
-1100,-847,-1139,4757,-2050,4060,0,0
-181,31,-1270,5745,-2587,3024,0,0
-349,95,-813,3591,-821,1090,0,0
-505,-466,-1098,3898,-1553,1003,0,0
-153,-612,-836,3662,-1548,1345,0,0
-161,-546,-885,3850,-1526,1482,0,0
-165,-459,-917,4408,-1800,1596,0,0
91,-303,-213,4256,-1125,1378,0,0
-507,-188,-28,4647,-325,985,0,0
-302,-371,125,4427,-439,1390,0,0
62,-410,386,4067,-575,1423,0,0
251,-269,524,3766,-803,780,0,0
130,-250,548,3191,-734,119,0,0
408,-364,485,2664,-202,-391,0,0
1127,-619,440,2499,-734,-361,0,0
1052,-755,348,2722,-1013,22,0,0
1397,-684,277,3090,-1324,497,0,0
1082,-563,82,3484,-1803,524,0,0
-59,-521,-266,3810,-1973,581,0,0
-425,-504,-430,4138,-2171,743,0,0
-369,-453,-400,4060,-2153,899,0,0
-494,-383,-346,3693,-2031,942,0,0
-273,-295,-100,3649,-2067,1045,0,0
342,-136,163,3706,-2043,1128,0,0
790,19,278,3768,-1934,881,0,0
994,101,233,3538,-2069,502,0,0
1138,121,206,3404,-1981,359,0,0
1012,1,133,3703,-1331,-4,0,0
1764,-439,-110,4380,-798,-871,0,0
3284,-1038,-356,4571,-982,-613,0,0
3398,-1232,-327,3976,-1601,451,0,0
2191,-685,-175,3494,-1777,-112,0,0
717,-211,30,3579,-1826,-612,0,0
-669,-177,248,4196,-1566,-366,0,0
-1387,-455,610,4858,-1131,-166,0,0
-2154,-960,994,5219,261,568,0,0
-2444,-1347,875,4793,236,-65,0,0
-2893,-1657,40,4350,-8,-233,0,0
-2639,-1359,-1220,3313,244,-535,0,0
-887,-800,-1995,3021,-330,-853,0,0
656,-359,-2166,2850,-511,-678,0,0
1589,-36,-2008,2908,-697,-471,0,0
2341,217,-1651,3113,-1799,-1310,0,0
2019,313,-1194,2895,-2374,-1584,0,0
2865,387,-395,3250,-2369,-1588,0,0
3060,153,267,4369,-2205,-903,0,0
415,436,95,4198,-842,130,0,0
-734,831,78,4326,1799,-634,0,0
487,764,-507,3494,1833,-1934,0,0
