154,-27,426,1266,3057,-620,0,0
75,52,224,1396,3246,-611,0,0
-45,152,-81,1545,3373,-616,0,0
-215,184,-320,1570,3382,-630,0,0
-406,102,-387,1575,3364,-660,0,0
-564,-80,-322,1600,3439,-645,0,0
-661,-266,-253,1640,3580,-705,0,0
-645,-372,-238,1645,3563,-733,0,0
-530,-390,-263,1684,3669,-739,0,0
-339,-358,-324,1699,3779,-712,0,0
-86,-178,-379,1675,3801,-626,0,0
186,159,-374,1679,3813,-586,0,0
419,489,-284,1701,3758,-557,0,0
556,692,-131,1731,3656,-517,0,0
591,697,24,1711,3531,-469,0,0
568,610,129,1640,3408,-360,0,0
517,594,158,1620,3378,-319,0,0
455,600,108,1642,3389,-327,0,0
410,598,21,1593,3386,-288,0,0
374,676,-59,1575,3403,-304,0,0
354,778,-152,1606,3361,-367,0,0
348,817,-248,1593,3320,-402,0,0
343,872,-310,1447,3350,-445,0,0
407,1214,-302,1446,3580,-576,0,0
503,1564,-288,1737,4000,-802,0,0
408,1276,-624,1723,4102,-932,0,0
204,1182,-939,1250,3179,-895,0,0
-8,1464,-813,1498,3464,-1262,0,0
-269,739,-618,1523,3975,-1406,0,0
-408,19,-276,712,3516,-1204,0,0
-257,437,145,633,3373,-1245,0,0
-175,582,164,421,3673,-2000,0,0
82,823,-103,415,3553,-2281,0,0
134,599,-78,1144,3306,-1705,0,0
-146,-519,180,1266,3351,-951,0,0
-301,-1078,439,1005,3623,-401,0,0
-277,-882,426,1372,4335,-449,0,0
-300,-748,289,761,3024,-438,0,0
-275,-202,388,570,2571,-237,0,0
-261,298,346,1262,3600,71,0,0
-493,-169,126,1557,3980,181,0,0
-708,-821,63,1169,3853,378,0,0
-512,-253,100,1096,4096,203,0,0
145,1057,-9,1004,4215,-632,0,0
581,1060,-154,1141,3438,-914,0,0
418,442,-141,1771,3523,-299,0,0
-154,394,-180,2356,3705,-476,0,0
-610,149,-129,2014,2920,-1212,0,0
-739,-1457,-52,1759,2748,-2232,0,0
-446,-2572,-117,1092,2646,-2422,0,0
147,-1676,-108,997,2269,-2487,0,0
649,-1271,-41,876,1708,-2261,0,0
1115,-1330,117,757,1622,-2128,0,0
1500,-1394,246,959,1696,-1779,0,0
1736,-1727,91,1350,2556,-1634,0,0
1991,-2199,-143,1305,3262,-1460,0,0
2316,-1633,-357,1284,4011,-1316,0,0
2398,-1132,-440,1549,3676,-2002,0,0
2281,-1719,-464,1542,4566,-3275,0,0
2577,-1442,-543,515,4863,-3900,0,0
2959,-146,-334,1296,4438,-4747,0,0
3062,-695,-191,220,4420,-3484,0,0
3049,401,372,131,3166,-3405,0,0
2233,-111,609,-396,2568,-3715,0,0
1037,-249,363,-1553,2030,-3839,0,0
-358,881,202,-968,1609,-4130,0,0
-2347,-622,-160,158,2560,-6669,0,0
-2611,-1157,39,-249,3904,-2033,0,0
-2012,3869,-55,988,5810,-243,0,0
-3184,2495,-845,2264,6948,-1870,0,0
-4384,-155,-849,2153,7972,-4600,0,0
-4106,113,-499,124,10765,-1426,0,0
-3249,4777,-540,4027,9654,-405,0,0
-3791,2891,-1426,4094,6593,-2034,0,0
-3718,2404,-1367,1643,3436,-2624,0,0
-2021,5299,-1569,2718,2197,-2605,0,0
-944,6040,-1162,4008,-3147,-3640,0,0
-390,3739,-239,3597,-2251,-4009,0,0
105,1676,-286,4804,-751,-2100,0,0
-447,-910,-158,4905,-606,-2838,0,0
-526,-3720,612,1573,-398,-2885,0,0
226,-3251,1035,786,-73,-2914,0,0
1067,-2510,896,2124,228,-2484,0,0
1550,-3203,915,1943,733,-2157,0,0
2277,-2950,1028,1300,971,-1960,0,0
2860,-2782,1131,2195,1878,-2720,0,0
3524,-3439,772,1439,4726,-3320,0,0
4533,-2058,212,3639,10574,-3043,0,0
4410,-1138,-85,2114,9248,-3550,0,0
4183,496,781,1708,5991,-4776,0,0
4032,-563,1069,1671,5107,-2278,0,0
2795,-1982,944,898,3829,-4563,0,0
2313,-1525,626,-29,3411,-2906,0,0
1245,-975,484,-389,2249,-3592,0,0
-717,-2290,555,-3070,1190,-5428,0,0
-1810,-625,548,-2192,1570,-7043,0,0
-2302,-729,-41,-3079,2817,-5465,0,0
-1983,1430,-491,-1880,3795,-3282,0,0
-2205,2518,-1146,-3,4556,-4313,0,0
-2623,1267,-1109,618,4366,-3870,0,0
-2438,1204,-778,813,6520,-4316,0,0
-1972,1476,-404,1825,8125,-2873,0,0
-1714,2586,-180,2032,6373,-2320,0,0
-1601,3585,-454,3226,1330,757,0,0
-2227,3732,-1799,2259,1513,430,0,0
-3126,3854,-2316,1491,744,-1488,0,0
-2820,3603,-1890,1414,-159,-1484,0,0
-2329,3412,-1705,2866,1193,-1731,0,0
-1871,2738,-1037,4301,1258,-3450,0,0
-924,2278,-216,3448,103,-3451,0,0
-17,2303,331,3415,-1288,-3094,0,0
-119,-1907,226,3017,-1448,-2102,0,0
-270,-5099,157,1263,-797,-976,0,0
184,-3997,427,1163,-707,-1707,0,0
966,-2500,832,2027,-228,-3115,0,0
1715,-3139,1240,2527,1663,-3706,0,0
2508,-4863,1117,3201,6502,-3618,0,0
3374,-3914,269,1584,10327,-2303,0,0
3620,-723,156,2962,7653,-4742,0,0
3558,-2103,231,2633,9243,-4436,0,0
3772,-1714,66,878,7493,-2645,0,0
3583,135,446,886,5144,-3861,0,0
2925,-348,517,1063,4363,-3698,0,0
1760,-1807,392,-244,4046,-4657,0,0
1058,-1216,434,-1340,2588,-3478,0,0
140,471,442,-1103,2124,-2558,0,0
-1424,85,197,-1034,2924,-3127,0,0
-1998,1225,308,-1128,4397,-1199,0,0
-2349,3298,-2,91,5725,-1012,0,0
-3028,3398,-632,1849,6950,-2482,0,0
-3263,3362,-914,1502,7787,-2738,0,0
-3337,3147,-1591,4547,8414,-3294,0,0
-3173,1952,-1729,3958,8447,-2491,0,0
-2422,3102,-1406,4301,6778,-1550,0,0
-2025,2948,-1907,4401,3234,-1610,0,0
-1940,1570,-2693,3608,-50,-2296,0,0
-1587,1778,-1570,797,-2216,-2338,0,0
-648,4074,-62,1665,-1730,-3284,0,0
446,3950,201,3212,-531,-1747,0,0
568,1655,-173,3391,-630,-914,0,0
234,-186,-183,2354,-869,-1157,0,0
-30,-1360,489,1545,-847,-1045,0,0
-60,-1910,930,1119,-569,-777,0,0
176,-2356,860,1806,-807,-1238,0,0
384,-3167,808,2561,-817,-1771,0,0
616,-4752,987,3198,866,-3135,0,0
1623,-5410,1091,3934,4394,-4466,0,0
3118,-4898,736,5005,11124,-4851,0,0
3896,-3832,412,2967,9260,-4237,0,0
4520,-2506,655,3095,9744,-4778,0,0
5028,-1621,469,1888,8663,-2523,0,0
4544,-1339,629,1121,6523,-3072,0,0
3634,-1999,228,398,5668,-1861,0,0
2430,-1710,-11,-880,4234,-1899,0,0
1068,-825,74,-2840,1288,-1504,0,0
-670,1271,526,-2036,645,-3166,0,0
-2626,-306,1,-1642,2714,-3563,0,0
-2724,1722,-180,-714,4976,-1496,0,0
-3134,2757,-598,1085,6798,-3083,0,0
-3346,3334,-761,1515,7088,-3399,0,0
-3125,3348,-1324,1569,7953,-2359,0,0
-3051,4241,-1842,4201,8422,-1991,0,0
-3189,2322,-1491,3605,9793,-3166,0,0
-2232,3228,-886,3027,6247,-1240,0,0
-2125,3509,-1942,4779,1363,-2422,0,0
-1899,1816,-3143,3033,-139,-1818,0,0
-1788,1272,-2485,2699,-1822,-2799,0,0
-1286,1017,-1352,1959,-667,-2645,0,0
-621,1846,-455,3091,50,-2221,0,0
-337,562,-89,2911,-138,-2587,0,0
57,-701,198,2070,-696,-2481,0,0
432,-1123,718,2194,-578,-2457,0,0
818,-1937,1143,2965,-135,-2182,0,0
1155,-3317,1376,2822,281,-2265,0,0
1917,-3670,1645,2730,1364,-3079,0,0
2981,-3247,2105,3338,3903,-4088,0,0
3843,-3780,1863,3413,8259,-3594,0,0
4342,-3076,1231,3418,9621,-3084,0,0
4198,-1676,1038,3204,7324,-3961,0,0
4146,-2204,1074,3102,8258,-3119,0,0
4158,-2145,837,816,6740,-1533,0,0
3427,-411,912,433,3143,-2797,0,0
2194,-1267,290,270,2814,-3173,0,0
1044,-1458,159,-1973,1549,-3541,0,0
-160,-442,522,-2284,575,-3754,0,0
-1868,14,448,-1927,1949,-5410,0,0
-2665,-309,70,-2113,2869,-4449,0,0
-2409,1512,-294,-1154,3752,-2272,0,0
-2361,3661,-768,1788,5775,-1739,0,0
-3250,1920,-1200,1526,6531,-2870,0,0
-2696,3517,-1157,941,7777,456,0,0
-2665,5855,-1875,4420,9788,92,0,0
-3474,4033,-2571,4919,9847,-1347,0,0
-3221,4451,-2504,4112,7886,-7,0,0
-2562,6258,-2312,5691,3917,-1145,0,0
-1703,3535,-3072,7090,-587,-3962,0,0
-630,1589,-2822,6114,-3451,-3937,0,0
-293,1632,-1172,4575,-1447,-2918,0,0
-269,-148,38,4115,-3,-1527,0,0
57,-1803,427,3263,-745,-2106,0,0
572,-3609,362,2163,-612,-2226,0,0
1288,-3349,761,1391,593,-1355,0,0
1754,-2254,1317,2888,701,-1676,0,0
1964,-2946,1833,3481,1535,-2388,0,0
2519,-4152,2091,3829,3375,-3977,0,0
3680,-5176,1758,3420,7533,-3610,0,0
4658,-4003,1149,2485,9414,-2618,0,0
4678,-1557,707,2755,8630,-2969,0,0
4349,-728,790,1978,6930,-2473,0,0
4137,-851,1285,1236,5934,-1541,0,0
3463,-580,1587,-105,3419,-1259,0,0
2092,-1081,1168,-805,1662,-2173,0,0
1073,-832,754,-1412,395,-2758,0,0
-189,-1164,380,-2350,30,-3739,0,0
-1449,23,258,-1650,108,-4734,0,0
-2854,223,-19,-880,3057,-6525,0,0
-2827,1001,-173,-785,4063,-3234,0,0
-2774,2413,-613,744,5204,-2204,0,0
-2863,4146,-915,1636,6664,-1515,0,0
-3286,4068,-1426,3123,8144,-3399,0,0
-3269,2562,-1935,2647,7602,-763,0,0
-3681,1646,-2111,3181,9603,-2142,0,0
-3243,2775,-1712,1996,9693,-658,0,0
-2791,4601,-2132,5127,7900,-1947,0,0
-2361,3523,-2369,4564,3889,-2833,0,0
-1671,2444,-1849,4435,-857,-2994,0,0
-1118,1554,-819,2904,-3685,-3954,0,0
170,2731,323,3027,-2044,-2278,0,0
632,1340,89,4010,-1291,-1138,0,0
464,-1115,-55,3059,-722,-1422,0,0
488,-1900,531,2507,-66,-1516,0,0
605,-2346,1398,2893,-71,-1530,0,0
792,-3484,1991,2943,394,-1607,0,0
1261,-4167,2202,3286,1178,-2332,0,0
2107,-4833,2212,3044,3002,-2920,0,0
3282,-4737,1886,3443,6306,-2778,0,0
4213,-4369,844,3182,9339,-1390,0,0
4004,-2431,0,2493,7269,-1939,0,0
3557,-1077,341,2409,6842,-3463,0,0
3434,-1579,737,1270,5901,-2076,0,0
3086,-856,1126,65,3299,-2137,0,0
2301,-506,985,261,1881,-2638,0,0
1139,-679,651,-904,1384,-4030,0,0
248,-666,536,-1245,1525,-5199,0,0
-875,76,336,-1592,1581,-5438,0,0
-2336,-252,-164,-1408,2779,-6071,0,0
-2525,766,-591,-1101,3922,-3277,0,0
-2425,2308,-962,301,4818,-2244,0,0
-2457,3135,-1364,1516,5884,-1220,0,0
-2925,2975,-1815,2451,7326,-1956,0,0
-3120,3414,-2073,3164,7900,-705,0,0
-3614,2660,-2148,3649,8864,-1769,0,0
-3141,3209,-1962,4404,8690,-643,0,0
-3365,2575,-2047,4285,6839,-2876,0,0
-2496,2535,-1807,2910,3899,-1871,0,0
-1826,3144,-2098,3755,113,-3015,0,0
-993,3351,-1547,2310,-2826,-3047,0,0
-435,3083,-841,3348,-1925,-2661,0,0
-189,686,-687,3407,-856,-2043,0,0
104,-555,-502,3124,-873,-1935,0,0
235,-1226,132,2549,-735,-1892,0,0
318,-1586,869,2141,-768,-1215,0,0
402,-2250,1315,2815,-698,-1252,0,0
704,-3482,1328,2704,-98,-1369,0,0
1418,-3733,1440,3128,1463,-2079,0,0
2495,-3910,1669,3751,5754,-2565,0,0
3370,-6632,1350,5072,12400,-2278,0,0
3717,-3849,1152,2959,9635,-2072,0,0
4072,-1657,1898,2611,8667,-4129,0,0
4386,-1773,2109,2316,8258,-1791,0,0
3894,-2438,1650,1010,6769,-2440,0,0
3311,-2020,737,1081,5864,-2925,0,0
2415,-1083,273,320,5180,-3067,0,0
1078,-1604,426,-1640,2251,-2924,0,0
-402,-925,374,-1837,2001,-3150,0,0
-1952,-158,142,-1282,2758,-4297,0,0
-2546,119,-270,-1295,3877,-3486,0,0
-2189,1187,-461,-578,4488,-3419,0,0
-1686,2815,-658,-287,4529,-825,0,0
-1966,3588,-1231,1836,6403,-680,0,0
-2648,3457,-1787,1608,7803,-522,0,0
-2986,4501,-2112,3633,8739,-3077,0,0
-2253,4294,-1946,2238,8014,9,0,0
-1707,6146,-1598,5158,6741,-2,0,0
-2269,2981,-2459,4488,3196,-1892,0,0
-2397,519,-3075,2103,-1194,-1792,0,0
-1337,2876,-2020,2182,-1944,-2268,0,0
-307,3502,-1289,4665,-429,-2386,0,0
-169,971,-1037,4194,-978,-1802,0,0
78,-294,-553,3785,-1306,-1962,0,0
379,-997,272,3193,-1228,-1576,0,0
367,-1915,1049,3337,-864,-1431,0,0
311,-3325,1377,3637,-396,-1542,0,0
615,-4137,1446,3622,39,-2030,0,0
1435,-4133,1983,4590,2322,-3265,0,0
2623,-5187,2326,5598,7949,-3438,0,0
3623,-5101,2002,4719,11783,-1997,0,0
4300,-2841,2031,3230,9803,-3361,0,0
4733,-2189,2247,3550,9653,-3622,0,0
4602,-2804,1602,1552,7630,-1334,0,0
3815,-2737,851,712,5321,-1398,0,0
2986,-1909,205,431,3977,-863,0,0
1544,-1215,-20,-778,2438,-2257,0,0
566,-171,271,-2057,579,-2685,0,0
-1125,487,555,-1227,708,-5824,0,0
-2792,-1246,42,-1869,2372,-6337,0,0
-2271,121,-105,-1770,3302,-4119,0,0
-2145,735,-455,-1025,3457,-4882,0,0
-1588,2369,-522,-1161,4403,-2021,0,0
-1741,3497,-1210,1047,5341,-2746,0,0
-2146,2371,-1862,1128,5693,-3227,0,0
-2064,2235,-1616,1459,6373,-2961,0,0
-1512,4023,-668,2780,7001,-203,0,0
-1920,3316,-323,4144,6568,-1678,0,0
-1981,1566,-993,1756,3821,-135,0,0
-1891,3403,-1644,1816,188,-108,0,0
-1839,3067,-2050,1812,-1213,-1503,0,0
-832,2489,-1990,1730,-1090,-568,0,0
-890,2480,-1714,2749,-245,-1545,0,0
-828,2402,-1055,3315,-90,-2055,0,0
-660,1425,-447,4479,-997,-2485,0,0
-389,-655,275,3907,-932,-2265,0,0
-142,-2126,1001,3373,-1138,-2722,0,0
303,-3400,1407,3402,-401,-2911,0,0
874,-4264,1544,3452,1504,-2935,0,0
1898,-4172,1683,4056,4670,-2421,0,0
2613,-4204,1431,3573,7077,-1527,0,0
2756,-3437,1172,3355,7317,-1377,0,0
2549,-2948,1137,3089,6200,-3622,0,0
3096,-3386,871,2157,7953,-2692,0,0
3236,-1903,773,977,5174,-2417,0,0
3004,-1030,821,1060,4483,-3423,0,0
2715,-626,734,633,3773,-2669,0,0
1484,-1732,485,-302,2328,-3427,0,0
509,-1943,72,-1956,2101,-2198,0,0
-514,806,80,-1903,2887,-2161,0,0
-2322,1171,-279,-1531,4586,-4421,0,0
-2970,693,-611,-1345,5038,-3528,0,0
-2299,3069,-1023,82,6373,-938,0,0
-2191,5550,-1539,2101,7652,-925,0,0
-2494,6352,-1940,3733,7897,-844,0,0
-3053,4231,-2439,5192,7896,-1429,0,0
-3102,1939,-2543,5144,8219,-2299,0,0
-1913,2740,-2495,4826,8034,-690,0,0
-1676,3818,-2322,6834,6354,-2602,0,0
-1494,1609,-1655,4937,3114,-2706,0,0
-638,128,-1421,4708,-1942,-601,0,0
-483,-427,-432,1289,-3990,-2063,0,0
-44,867,1004,369,-2432,-2992,0,0
409,568,1085,1392,-145,-1577,0,0
266,-516,869,1260,239,-1157,0,0
252,-1640,782,1366,183,-1509,0,0
700,-1634,1026,1334,-121,-978,0,0
733,-1916,1433,2458,-32,-1763,0,0
865,-3676,1553,2474,595,-2381,0,0
1531,-4390,1498,3054,1870,-3173,0,0
2456,-4972,987,2936,4763,-2623,0,0
3007,-3534,516,2360,5810,-1247,0,0
2827,-1940,231,2844,6198,-2190,0,0
2601,-2142,385,2068,5131,-3443,0,0
3070,-2297,707,1303,6200,-2064,0,0
3089,-930,1012,472,4140,-2235,0,0
2445,-529,1088,-159,2380,-2932,0,0
1685,-944,706,-156,2431,-3187,0,0
901,-1220,369,-1492,1877,-3008,0,0
-233,926,290,-1511,2137,-2734,0,0
-2464,1676,-67,-420,4569,-4394,0,0
-3810,185,-581,-295,5952,-4293,0,0
-3634,1288,-527,221,6537,-3058,0,0
-2616,4111,-702,1134,7818,-979,0,0
-2153,6021,-1409,3771,7572,-748,0,0
-2051,5343,-2491,3293,8199,-1945,0,0
-1761,3991,-3418,4966,6613,-1028,0,0
-2845,-198,-3840,3348,8151,-760,0,0
-2786,549,-3078,2587,8235,-687,0,0
-2039,3175,-2395,3866,6963,-1480,0,0
-1584,2805,-1842,5008,3369,-1902,0,0
-1495,227,-878,3240,-692,-2575,0,0
-832,1152,420,2545,-3393,-2010,0,0
-512,1973,1059,2926,-2302,-2946,0,0
102,172,754,2423,-809,-2692,0,0
602,-1466,699,1492,129,-2105,0,0
775,-2589,860,1781,238,-2131,0,0
956,-3248,1154,2512,400,-2229,0,0
1806,-3057,1717,3573,1141,-2696,0,0
2553,-3352,2261,3992,3135,-2844,0,0
3381,-3957,2400,4035,6888,-2280,0,0
3868,-4061,1981,3077,8686,-918,0,0
3794,-2656,1459,2171,6715,-221,0,0
2998,-1950,1201,2170,5567,-1833,0,0
2704,-2883,784,1162,6073,-1333,0,0
2604,-2031,542,290,4134,-681,0,0
2425,-633,436,399,3038,-1099,0,0
1718,565,681,318,1895,-2175,0,0
321,-430,754,-313,1490,-4908,0,0
-327,-1707,460,-1420,2261,-5791,0,0
-1030,-359,-33,-1979,3189,-5577,0,0
-1955,1487,-472,-479,4851,-5453,0,0
-2258,1572,-755,184,4732,-3731,0,0
-2148,2010,-976,1015,4643,-2485,0,0
-1973,3426,-886,1705,5042,-2001,0,0
-2086,4146,-1015,2399,4953,-1393,0,0
-2052,4022,-1427,2110,5727,911,0,0
-2270,3880,-1962,3216,7129,20,0,0
-2671,1664,-2786,2486,8358,-1329,0,0
-2737,739,-3157,1733,7891,-712,0,0
-2301,2027,-2722,2325,8442,-588,0,0
-1891,2427,-2256,3680,5793,-1373,0,0
-1633,1914,-1832,3337,1386,-1636,0,0
-1233,1784,-1296,2846,-2064,-1768,0,0
-811,1970,-332,1942,-2062,-3083,0,0
64,2180,109,2860,-1503,-2392,0,0
253,151,-301,3314,-1312,-1571,0,0
286,-1323,-351,2225,-604,-1338,0,0
375,-1248,209,2140,-847,-1401,0,0
281,-2206,679,2747,-508,-1706,0,0
760,-2851,941,3408,895,-1823,0,0
1669,-3356,1077,5047,4857,-2152,0,0
2226,-5411,1409,5038,8642,-2328,0,0
3300,-5129,1815,3513,9898,-906,0,0
4137,-2371,2851,3396,9114,-2126,0,0
4594,-2899,2891,3318,9897,-2362,0,0
4642,-3574,2088,2064,9398,-1777,0,0
4587,-3086,1086,1097,8168,-2071,0,0
4411,-2347,126,1676,6796,-1829,0,0
3781,-1042,-22,373,4710,-1457,0,0
2430,-669,199,-1043,1840,-1351,0,0
769,-401,200,-2146,368,-2073,0,0
-1222,-135,26,-2010,495,-4926,0,0
-2787,-1574,-380,-1977,1663,-5634,0,0
-2483,-484,-582,-1591,2397,-3232,0,0
-2070,1103,-883,-1139,2498,-5021,0,0
-1908,654,-1182,-607,3139,-4298,0,0
-1344,1303,-1441,-382,4014,-2628,0,0
-1190,2474,-708,585,4330,-2129,0,0
-1899,1476,-667,-47,6274,-982,0,0
-2852,1620,-2704,1237,6856,-727,0,0
-3124,1787,-314,462,7773,169,0,0
-2324,4366,-533,3022,5509,1556,0,0
-2405,4379,-1735,4048,2481,633,0,0
-2722,3673,-2511,4166,748,-478,0,0
-2782,3429,-1882,3315,-30,-1625,0,0
-2239,4471,-840,4809,-57,-3416,0,0
-2090,2672,92,6708,-188,-7198,0,0
-1157,-1088,1225,4632,-398,-8161,0,0
773,-2099,1146,3272,-1414,-3003,0,0
1253,-4358,1254,4612,153,-2457,0,0
1798,-5841,1530,2981,3067,-2820,0,0
3059,-4114,1789,3063,5325,-1789,0,0
3478,-3329,1826,2298,6236,-809,0,0
3343,-3209,958,2725,7490,-1263,0,0
2830,-2814,234,1530,5700,-2331,0,0
3277,-1666,416,1247,5996,-2576,0,0
3308,-1133,658,1675,4917,-2992,0,0
2634,-1349,683,383,2889,-3204,0,0
2250,-871,430,577,2220,-3170,0,0
1552,-473,275,-529,1648,-3332,0,0
103,942,391,-1725,943,-3720,0,0
-2076,859,75,-520,1554,-8023,0,0
-3018,-2086,-767,-2207,3202,-7956,0,0
-2075,-599,-913,-697,3583,-7333,0,0
-1517,-1266,-1319,-1095,3649,-6293,0,0
-861,-12,-1192,-921,3227,-7056,0,0
-827,-717,-1352,-787,3269,-3388,0,0
-449,161,-1108,-1052,2915,-2938,0,0
-280,1285,-832,-463,3388,-3006,0,0
-270,1986,-759,101,3325,-343,0,0
-1119,1434,-268,1247,3614,-468,0,0
-1780,1002,97,1552,3252,1120,0,0
-2176,2514,-542,1348,1288,1388,0,0
-1854,3933,-971,474,1550,967,0,0
-2042,4096,-743,1313,1319,-616,0,0
-2352,2130,-708,920,78,-1034,0,0
-2077,1548,-379,22,-549,74,0,0
-1992,2662,97,2274,-125,23,0,0
-2294,1873,-58,3730,3087,-1479,0,0
-1388,1762,-513,5557,10660,234,0,0
-1505,2605,-1198,8425,10931,-79,0,0
-2566,1101,43,1751,3005,-10039,0,0
-165,-1422,882,-1059,1464,-5027,0,0
384,-1565,313,854,1607,2975,0,0
282,339,-339,799,3007,3329,0,0
205,644,-650,1414,5317,2524,0,0
-891,-1022,-523,1078,5522,676,0,0
-1218,-2250,-274,-1932,4273,-1531,0,0
-393,-93,-369,-408,3066,433,0,0
-133,1144,-257,1803,3128,1488,0,0
-356,279,199,1491,3700,1766,0,0
-622,-226,305,652,4238,603,0,0
-591,-224,31,-354,3653,440,0,0
-163,536,-91,158,3612,914,0,0
70,640,-202,995,3499,1290,0,0
190,669,-263,1373,3803,904,0,0
376,531,-158,1145,3949,1123,0,0
152,75,-55,474,3840,996,0,0
-116,179,-74,301,3512,658,0,0
-77,463,-52,465,3421,978,0,0
-2,633,30,814,3377,1030,0,0
-138,111,-54,403,4063,1344,0,0
-190,8,-147,230,4262,995,0,0
58,251,-133,429,3531,1043,0,0
97,336,-164,786,3277,1200,0,0
-139,139,-194,758,3748,855,0,0
-195,14,-20,607,3907,1192,0,0
-269,113,146,474,3710,1085,0,0
-235,99,72,397,3742,951,0,0
-120,76,33,531,3693,1261,0,0
-22,34,46,519,3848,1285,0,0
21,108,78,443,3591,957,0,0
-24,129,67,666,3632,1113,0,0
-104,-31,63,574,3665,1238,0,0
-112,-107,36,185,3732,1193,0,0
-23,99,-63,223,3811,1081,0,0
-69,217,-120,329,3796,1169,0,0
-226,104,-136,261,3645,1440,0,0
-321,27,-182,72,3553,1519,0,0
-275,38,-215,109,3367,1311,0,0
-86,14,-198,72,3597,1493,0,0
8,52,-151,74,3807,1377,0,0
61,186,-124,269,3726,1292,0,0
10,65,-70,264,3654,1359,0,0
-16,-74,-49,52,3775,1493,0,0
37,113,-21,11,3693,1407,0,0
43,79,-25,-1,3621,1376,0,0
38,-88,-31,-34,3526,1505,0,0
-15,-173,-36,-113,3584,1521,0,0
-9,-221,-91,-50,3552,1471,0,0
75,-154,-83,-17,3504,1495,0,0
138,-215,-112,-67,3520,1407,0,0
196,-259,-181,126,3847,1331,0,0
241,-332,-158,217,3945,1407,0,0
286,-271,-11,295,3752,1336,0,0
265,-296,157,334,3666,1138,0,0
294,-328,227,157,3810,1141,0,0
328,-300,220,204,3856,1056,0,0
346,-206,173,191,3710,1003,0,0
325,-19,118,168,3737,898,0,0
267,-57,92,311,3671,830,0,0
261,37,87,374,3801,908,0,0
204,-50,133,384,3608,833,0,0
125,-269,200,257,3673,896,0,0
114,-213,288,348,3540,869,0,0
173,20,403,575,3618,941,0,0
24,427,739,1167,3338,922,0,0
-443,-91,990,1401,3350,687,0,0
-737,-1248,920,1303,3456,634,0,0
-622,-1556,708,1180,3671,727,0,0
-250,-1454,394,1104,4009,808,0,0
169,-1234,128,1144,3953,1082,0,0
385,-912,69,1245,3936,1155,0,0
406,-800,213,1201,3953,962,0,0
406,-694,337,1021,3998,688,0,0
418,-796,147,950,4156,425,0,0
534,-632,-253,826,4262,485,0,0
588,-295,-495,980,3841,134,0,0
573,-282,-537,963,3446,-262,0,0
558,-467,-560,1038,3527,-365,0,0
553,-275,-527,1265,3837,-117,0,0
410,208,-226,1379,3430,-133,0,0
135,64,28,1236,3251,-159,0,0
-128,-264,45,983,3007,-377,0,0
-127,-105,-22,720,3280,-755,0,0
90,229,-104,667,3638,-683,0,0
132,186,-153,781,3748,-404,0,0
-11,13,-94,832,3554,-272,0,0
-137,74,106,836,3395,-404,0,0
-193,187,253,858,3697,-527,0,0
-310,-20,207,891,3872,-556,0,0
-361,-199,48,801,3889,-523,0,0
-241,-19,38,1105,3883,-369,0,0
-128,90,239,1309,3784,-210,0,0
-68,34,436,1313,3814,-141,0,0
15,80,484,1096,3774,-202,0,0
186,351,392,1275,3802,-226,0,0
221,159,309,1485,3691,-145,0,0
312,165,344,1411,3604,-49,0,0
431,464,408,1610,3472,61,0,0
375,401,381,1702,3334,321,0,0
243,330,313,1700,3329,344,0,0
128,411,240,1755,3300,117,0,0
10,424,174,1860,3305,44,0,0
-135,218,118,1987,3373,92,0,0
-217,32,123,1936,3322,240,0,0
-264,74,145,1939,3233,342,0,0
-316,109,109,1986,3138,419,0,0
-357,173,77,2089,3228,502,0,0
-398,223,73,2237,3291,375,0,0
-387,139,69,2265,3360,200,0,0
-313,16,13,2151,3402,193,0,0
-220,-37,-44,2050,3383,260,0,0
-113,-126,-78,1997,3447,307,0,0
57,-207,-157,1915,3644,273,0,0
337,-57,-260,1805,3828,351,0,0
566,292,-300,1876,3888,411,0,0
593,454,-275,2067,3945,314,0,0
424,231,-238,2027,3731,224,0,0
173,-164,-161,1810,3314,-12,0,0
22,-641,-134,1746,3353,-58,0,0
-7,-1030,-246,1658,3514,4,0,0
109,-1053,-422,1416,3612,32,0,0
299,-571,-492,1331,3618,-20,0,0
377,-83,-394,1330,3448,-157,0,0
291,-64,-248,1282,3368,-289,0,0
99,-349,-134,1138,3143,-342,0,0
-149,-688,-28,984,3207,-617,0,0
-240,-823,-50,809,3710,-1000,0,0
-144,-533,-218,617,3755,-1060,0,0
-3,201,-211,604,3206,-856,0,0
45,593,-43,603,2799,-614,0,0
-66,572,-3,920,2800,-479,0,0
-345,217,-100,1281,3161,-450,0,0
-591,-90,-269,1642,3956,-531,0,0
-624,-226,-352,1929,4476,-255,0,0
-605,-306,-32,1561,3750,-95,0,0
-497,-402,423,974,3455,-165,0,0
-358,-767,482,761,3824,-61,0,0
-178,-802,198,443,4261,100,0,0
71,145,58,976,4275,61,0,0
106,508,78,1111,4002,1,0,0
69,216,58,1089,3825,-132,0,0
72,-126,-7,1083,3761,-53,0,0
108,-62,-63,1117,3749,-88,0,0
169,-10,-121,1129,3779,-95,0,0
189,-82,-149,1174,3732,96,0,0
84,-143,-159,1216,3822,181,0,0
-57,-209,-160,1062,3660,86,0,0
-122,-206,-116,896,3559,-24,0,0
-180,-217,-117,791,3594,13,0,0
-235,-129,-132,813,3559,-56,0,0
-257,-80,-161,972,3622,-161,0,0
-251,-107,-179,1167,3721,-246,0,0
-220,-223,-155,1203,3793,-254,0,0
-141,-299,-86,1054,3801,-161,0,0
-35,-271,16,908,3799,-19,0,0
37,-218,78,815,3840,23,0,0
93,-231,54,848,3898,5,0,0
163,-206,41,870,3880,9,0,0
230,6,107,877,3845,-64,0,0
244,112,122,832,3808,-104,0,0
235,132,75,837,3772,-123,0,0
231,174,61,956,3764,-195,0,0
237,160,76,1031,3743,-231,0,0
235,147,104,1006,3684,-236,0,0
230,166,113,990,3648,-249,0,0
233,205,107,997,3608,-267,0,0
205,234,96,997,3620,-317,0,0
168,251,53,1065,3633,-361,0,0
128,225,10,1124,3655,-412,0,0
92,196,17,1160,3660,-445,0,0
67,166,45,1178,3620,-454,0,0
33,105,49,1159,3606,-459,0,0
6,42,24,1153,3616,-473,0,0
4,31,15,1147,3585,-504,0,0
20,27,41,1138,3552,-553,0,0
14,-47,64,1151,3491,-598,0,0
12,-190,57,1187,3589,-687,0,0
139,-224,9,1225,3706,-537,0,0
276,56,16,1295,3714,-364,0,0
284,341,128,1375,3649,-399,0,0
154,181,224,1326,3564,-472,0,0
7,-149,236,1133,3575,-477,0,0
-24,-165,173,1092,3654,-502,0,0
33,-16,79,1133,3668,-500,0,0
129,178,31,1180,3674,-506,0,0
198,337,16,1255,3719,-542,0,0
226,431,17,1337,3687,-556,0,0
185,410,36,1387,3601,-580,0,0
89,252,49,1416,3503,-615,0,0
12,63,42,1397,3501,-631,0,0
23,36,21,1384,3506,-622,0,0
91,130,10,1397,3504,-570,0,0
131,194,18,1418,3568,-559,0,0
130,214,33,1433,3592,-556,0,0
106,195,53,1430,3562,-585,0,0
70,136,65,1412,3545,-614,0,0
45,94,52,1402,3545,-676,0,0
63,104,33,1473,3543,-702,0,0
88,88,28,1546,3582,-713,0,0
98,37,40,1520,3567,-724,0,0
113,22,65,1461,3538,-723,0,0
104,-32,47,1439,3577,-719,0,0
86,-67,-3,1468,3580,-717,0,0
80,-56,-28,1503,3542,-741,0,0
55,-95,-26,1483,3517,-728,0,0
16,-140,-15,1406,3424,-713,0,0
-4,-135,19,1350,3394,-694,0,0
-41,-119,34,1350,3491,-703,0,0
-136,-166,-34,1316,3548,-815,0,0
-124,-368,-42,1458,3571,-846,0,0
-105,-363,-27,1530,3583,-901,0,0
-56,-211,2,1607,3540,-997,0,0
-9,-249,51,1534,3421,-964,0,0
29,-307,76,1444,3413,-853,0,0
51,-318,61,1413,3480,-791,0,0
43,-314,45,1436,3559,-773,0,0
5,-343,55,1391,3606,-775,0,0
-25,-342,70,1321,3631,-793,0,0
-34,-322,48,1206,3720,-870,0,0
141,-41,3,968,3803,-761,0,0
376,714,-4,1180,3592,-705,0,0
242,701,-39,1512,3617,-997,0,0
-89,-183,-101,1447,3658,-1121,0,0
-242,-649,-54,1345,3488,-1155,0,0
-251,-722,18,1287,3397,-1215,0,0
-196,-771,23,1158,3342,-1197,0,0
-67,-463,34,1091,3149,-1045,0,0
-34,-193,63,1207,3084,-1098,0,0
-96,-417,60,1157,3172,-1025,0,0
-109,-371,100,1256,3354,-962,0,0
-146,-279,193,1333,3410,-1002,0,0
-204,-326,297,1270,3312,-1050,0,0
-247,-461,402,1144,3321,-1072,0,0
-264,-542,412,1039,3492,-1079,0,0
-243,-515,329,1160,3783,-1065,0,0
-250,-572,238,1210,3871,-949,0,0
-209,-454,201,1162,3681,-815,0,0
-93,-165,230,1235,3385,-754,0,0
-5,-19,241,1252,3277,-681,0,0
34,167,191,1322,3362,-636,0,0
3,367,101,1464,3437,-631,0,0
-130,395,8,1578,3466,-733,0,0
-303,158,-31,1580,3393,-776,0,0
-444,-140,-21,1610,3446,-786,0,0
-498,-299,-39,1598,3513,-806,0,0
-451,-257,-42,1543,3443,-807,0,0
-367,-166,13,1592,3397,-781,0,0
-320,-245,49,1556,3372,-688,0,0
-277,-270,42,1531,3443,-642,0,0
-205,-227,-26,1624,3583,-612,0,0
-136,-290,-198,1755,3891,-579,0,0
-42,-294,-427,1722,4034,-538,0,0
130,21,-530,1575,3804,-446,0,0
294,496,-392,1514,3439,-452,0,0
313,664,-123,1567,3138,-496,0,0
171,445,50,1738,3304,-510,0,0
-51,43,31,1627,3098,-505,0,0
-201,-209,-38,1802,3448,-610,0,0
-243,-490,-219,1880,3935,-628,0,0
-134,-470,-242,1593,3872,-589,0,0
108,60,52,1341,3788,-491,0,0
254,681,423,1512,3551,-601,0,0
165,590,573,1609,3350,-689,0,0
-23,70,469,1543,3299,-694,0,0
-144,-223,203,1480,3295,-701,0,0
-157,-237,-122,1451,3346,-710,0,0
-59,-76,-347,1580,3469,-663,0,0
53,-1,-462,1627,3596,-610,0,0
144,47,-504,1691,3975,-487,0,0
161,178,-510,1712,4144,-385,0,0
55,303,-352,1530,3452,-499,0,0
-49,215,-41,1470,3266,-327,0,0
-132,58,121,1330,3530,95,0,0
-237,173,106,1109,3433,75,0,0
-267,310,1,1196,3546,-20,0,0
-323,244,-45,942,3771,-469,0,0
-227,218,-74,111,4309,-1403,0,0
43,118,-293,-326,4392,-1376,0,0
90,194,-387,552,3882,-773,0,0
50,424,-223,1103,3696,-581,0,0
92,201,-82,1263,3492,-523,0,0
109,-61,24,955,3192,-622,0,0
163,57,54,640,3212,-822,0,0
236,313,40,945,3310,-677,0,0
92,282,113,1074,3418,-626,0,0
-43,48,241,1058,3692,-850,0,0
-96,-450,287,963,3989,-934,0,0
-92,-934,220,971,4037,-858,0,0
56,-1004,195,963,3749,-561,0,0
282,-509,310,926,3643,-312,0,0
443,183,396,1091,3659,-313,0,0
406,474,407,1304,3652,-490,0,0
200,247,368,1415,3685,-570,0,0
-39,-99,307,1318,3484,-519,0,0
-161,-182,233,1319,3360,-477,0,0
-198,-151,92,1369,3379,-469,0,0
-206,-124,-82,1434,3456,-520,0,0
-188,-120,-221,1507,3601,-604,0,0
-131,-160,-280,1536,3687,-651,0,0
-42,-184,-245,1452,3674,-659,0,0
81,-38,-118,1376,3600,-653,0,0
208,194,40,1390,3473,-662,0,0
285,243,118,1461,3525,-642,0,0
322,222,104,1392,3547,-631,0,0
382,388,122,1388,3510,-605,0,0
372,489,202,1411,3518,-618,0,0
261,447,275,1394,3406,-673,0,0
101,337,263,1478,3380,-711,0,0
-88,113,127,1496,3372,-789,0,0
-173,55,-30,1470,3349,-984,0,0
-15,430,-109,1527,3559,-1181,0,0
169,581,-152,1857,3695,-1091,0,0
75,-158,-167,1694,3576,-857,0,0
4,-384,-73,1380,3388,-704,0,0
14,-119,10,1397,3318,-674,0,0
-8,-2,-53,1460,3316,-684,0,0
-34,-11,-173,1465,3352,-631,0,0
-46,49,-211,1502,3501,-629,0,0
-86,72,-155,1520,3556,-662,0,0
-144,17,-47,1499,3536,-685,0,0
-169,-51,61,1469,3515,-693,0,0
-150,-108,114,1411,3568,-729,0,0
-55,-9,114,1284,3689,-856,0,0
173,415,112,1283,3671,-1007,0,0
298,463,105,1497,3489,-994,0,0
198,18,61,1500,3348,-783,0,0
56,-203,-4,1467,3248,-674,0,0
-23,-286,-97,1502,3329,-615,0,0
-53,-302,-200,1498,3462,-621,0,0
-34,-202,-246,1525,3514,-612,0,0
-5,-85,-234,1612,3680,-623,0,0
14,-42,-189,1604,3766,-624,0,0
35,52,-74,1512,3638,-630,0,0
33,168,93,1481,3462,-712,0,0
5,147,196,1457,3343,-749,0,0
-10,124,190,1450,3375,-813,0,0
16,209,73,1432,3520,-996,0,0
36,225,-45,1439,3538,-1077,0,0
-29,-36,-43,1409,3466,-952,0,0
-100,-221,56,1401,3445,-791,0,0
-115,-230,109,1452,3468,-718,0,0
-100,-194,69,1434,3480,-698,0,0
-74,-119,20,1438,3518,-721,0,0
-50,-95,10,1409,3582,-757,0,0
-13,-76,36,1369,3626,-763,0,0
13,-40,53,1340,3584,-769,0,0
20,0,50,1368,3489,-737,0,0
11,-6,37,1418,3463,-735,0,0
9,-7,21,1457,3452,-717,0,0
-1,4,13,1512,3486,-744,0,0
-23,-25,4,1529,3510,-768,0,0
-23,-57,11,1498,3504,-760,0,0
-14,-70,37,1436,3514,-760,0,0
-10,-37,45,1405,3497,-744,0,0
-6,-8,27,1405,3477,-728,0,0
-5,18,17,1431,3478,-734,0,0
-7,44,13,1470,3497,-773,0,0
10,85,20,1516,3486,-793,0,0
22,74,42,1551,3469,-787,0,0
6,26,45,1532,3480,-794,0,0
-10,18,38,1538,3487,-801,0,0
-30,-36,36,1503,3483,-794,0,0
-35,-66,43,1460,3473,-773,0,0
-26,-36,51,1445,3447,-742,0,0
-16,-16,41,1460,3448,-729,0,0
-10,-9,17,1492,3473,-711,0,0
-18,-15,0,1509,3492,-700,0,0
-28,-17,-4,1528,3513,-704,0,0
-23,-5,-1,1518,3523,-724,0,0
3,43,18,1520,3493,-738,0,0
11,44,32,1509,3472,-749,0,0
0,31,16,1492,3470,-761,0,0
-6,43,-8,1522,3429,-770,0,0
-17,4,-25,1516,3420,-780,0,0
-10,-1,-24,1538,3450,-766,0,0
0,1,-18,1560,3492,-742,0,0
-7,-7,4,1526,3482,-735,0,0
-24,-13,34,1489,3455,-725,0,0
-35,-20,36,1470,3451,-727,0,0
-37,-20,4,1473,3486,-734,0,0
-27,-4,-19,1478,3500,-751,0,0
-6,19,-5,1496,3506,-735,0,0
-2,7,4,1473,3511,-721,0,0
-3,36,-4,1486,3487,-738,0,0
11,63,-13,1530,3492,-758,0,0
37,68,-7,1548,3539,-769,0,0
47,62,19,1528,3522,-783,0,0
28,16,31,1460,3469,-783,0,0
13,-11,11,1450,3430,-761,0,0
-6,-23,-26,1472,3431,-723,0,0
-27,-29,-54,1491,3442,-682,0,0
-41,-18,-55,1525,3467,-678,0,0
-51,-18,-47,1509,3494,-691,0,0
-37,24,-23,1510,3491,-681,0,0
-35,14,-14,1483,3514,-685,0,0
-32,34,-10,1424,3517,-711,0,0
-18,77,-7,1461,3509,-754,0,0
-14,32,-17,1459,3545,-763,0,0
8,30,-23,1458,3508,-737,0,0
26,25,-15,1468,3461,-682,0,0
29,27,-13,1467,3454,-647,0,0
26,44,-17,1491,3484,-636,0,0
16,52,-10,1499,3512,-661,0,0
8,61,15,1500,3532,-711,0,0
11,56,27,1464,3535,-785,0,0
23,44,23,1470,3534,-793,0,0
7,-20,20,1456,3527,-770,0,0
-10,-57,10,1450,3492,-736,0,0
-6,-59,-10,1468,3457,-693,0,0
-6,-58,-23,1477,3450,-684,0,0
-8,-44,-11,1493,3456,-669,0,0
-24,-58,5,1483,3492,-676,0,0
-45,-60,9,1454,3507,-709,0,0
-57,-57,15,1443,3522,-759,0,0
-56,-81,12,1438,3540,-776,0,0
-49,-104,-1,1445,3539,-742,0,0
-43,-108,-4,1442,3528,-711,0,0
-19,-67,25,1449,3484,-683,0,0
4,-33,53,1452,3476,-667,0,0
-4,-34,36,1446,3499,-660,0,0
-19,-20,11,1462,3500,-662,0,0
-32,-27,24,1459,3518,-701,0,0
-30,-26,39,1437,3516,-728,0,0
-11,-44,22,1445,3492,-764,0,0
-6,-32,14,1471,3509,-750,0,0
-6,-1,32,1489,3530,-738,0,0
-3,-2,41,1469,3519,-736,0,0
9,0,37,1457,3512,-723,0,0
21,1,23,1444,3498,-746,0,0
29,3,11,1452,3480,-714,0,0
21,-20,-1,1465,3492,-705,0,0
5,-35,-15,1460,3496,-711,0,0
8,-18,-8,1498,3505,-720,0,0
16,-23,7,1473,3514,-682,0,0
-10,0,20,1444,3457,-646,0,0
-105,-39,-13,1444,3442,-675,0,0
-182,-88,-65,1457,3463,-727,0,0
-181,-99,-68,1481,3535,-783,0,0
-131,-80,-30,1493,3577,-813,0,0
-68,-55,8,1478,3555,-812,0,0
-6,-42,40,1410,3466,-803,0,0
63,-2,58,1367,3364,-735,0,0
102,34,55,1405,3380,-691,0,0
91,5,16,1453,3487,-680,0,0
90,27,3,1513,3514,-626,0,0
71,37,51,1532,3536,-653,0,0
47,24,97,1497,3476,-628,0,0
41,40,101,1516,3518,-633,0,0
27,40,77,1477,3465,-666,0,0
21,76,80,1515,3419,-663,0,0
7,47,82,1503,3489,-687,0,0
6,95,75,1523,3492,-720,0,0
9,121,72,1560,3508,-782,0,0
28,120,78,1540,3471,-826,0,0
46,113,71,1541,3426,-854,0,0
24,24,18,1569,3422,-836,0,0
0,-68,-35,1612,3430,-806,0,0
5,-127,-50,1625,3452,-788,0,0
43,-108,-32,1619,3459,-777,0,0
93,-38,5,1636,3461,-747,0,0
117,3,30,1651,3455,-759,0,0
112,-4,50,1633,3429,-756,0,0
112,3,76,1620,3421,-757,0,0
124,38,101,1594,3383,-753,0,0
117,71,121,1593,3398,-767,0,0
80,60,110,1598,3338,-764,0,0
30,9,79,1604,3331,-768,0,0
-14,-36,23,1631,3392,-767,0,0
-42,-49,-26,1681,3425,-764,0,0
-77,-82,-42,1702,3414,-786,0,0
-101,-118,-67,1771,3494,-782,0,0
-122,-138,-120,1773,3494,-860,0,0
-129,-143,-120,1758,3383,-899,0,0
-94,-179,-88,1734,3404,-931,0,0
-4,-146,-55,1653,3423,-913,0,0
84,-3,-2,1647,3341,-865,0,0
86,-5,7,1703,3329,-860,0,0
58,-101,-48,1638,3291,-793,0,0
72,-37,-55,1604,3208,-705,0,0
42,18,-46,1687,3371,-639,0,0
-59,-6,-123,1823,3638,-641,0,0
-178,-66,-181,1789,3668,-664,0,0
-253,-56,-76,1661,3529,-696,0,0
-292,-52,141,1556,3324,-774,0,0
-313,-139,287,1413,3230,-788,0,0
-264,-152,227,1207,3266,-872,0,0
-178,-117,-30,1239,3392,-872,0,0
-124,-82,-246,1498,3558,-755,0,0
-88,-97,-281,1643,3665,-706,0,0
-44,-122,-183,1562,3658,-655,0,0
-21,-83,-19,1448,3598,-623,0,0
-12,-46,85,1390,3634,-635,0,0
-17,-31,73,1356,3681,-630,0,0
-63,-44,14,1352,3669,-676,0,0
-133,-180,-45,1291,3664,-768,0,0
-110,-298,-116,1084,3710,-787,0,0
48,-133,-161,1017,3775,-706,0,0
162,134,-134,1122,3770,-610,0,0
100,184,-103,1039,3589,-632,0,0
-47,32,-155,911,3509,-883,0,0
-79,-75,-228,909,3621,-1221,0,0
67,44,-213,1074,3666,-1319,0,0
241,303,-61,1201,3456,-1039,0,0
195,225,86,1067,3164,-855,0,0
72,56,94,934,3122,-883,0,0
-38,-1,12,1032,3272,-996,0,0
-145,-80,-58,1133,3425,-1060,0,0
-219,-241,-47,1134,3620,-1100,0,0
-204,-368,34,1086,3781,-1070,0,0
-128,-361,162,1142,3790,-929,0,0
-7,-225,282,1187,3664,-772,0,0
122,-8,387,1203,3468,-666,0,0
182,170,437,1225,3374,-676,0,0
150,187,413,1276,3442,-694,0,0
50,125,329,1224,3474,-698,0,0
-10,168,259,1201,3445,-702,0,0
-45,209,195,1371,3511,-770,0,0
-133,97,70,1668,3562,-878,0,0
-342,-285,-139,1722,3471,-1037,0,0
-436,-650,-200,1581,3209,-819,0,0
-369,-620,-75,1401,2972,-543,0,0
-239,-288,17,1554,3170,-558,0,0
-107,-131,-160,1804,3654,-378,0,0
-17,-6,-456,1784,3940,-258,0,0
106,335,-543,1749,3956,-260,0,0
199,600,-375,1753,3759,-350,0,0
225,581,-65,1684,3476,-448,0,0
208,408,210,1632,3317,-544,0,0
237,286,266,1787,3539,-519,0,0
235,208,-3,1910,4092,-467,0,0
172,482,-244,1568,3634,-521,0,0
71,917,-4,1521,2848,-716,0,0
-202,319,368,1803,3057,-886,0,0
-480,-896,430,1598,3728,-859,0,0
-363,-988,197,838,3982,-907,0,0
83,130,-47,985,3559,-785,0,0
245,636,-56,1547,3288,-650,0,0
92,258,40,1731,3403,-620,0,0
-108,-370,41,1517,3595,-556,0,0
-125,-247,-19,1452,3594,-477,0,0
-122,-41,-31,1517,3464,-521,0,0
-186,-155,-7,1469,3370,-530,0,0
-242,-245,16,1479,3403,-569,0,0
-258,-341,9,1514,3512,-589,0,0
-205,-382,32,1450,3614,-574,0,0
-96,-260,132,1420,3642,-581,0,0
-6,-154,244,1405,3625,-626,0,0
46,-128,298,1349,3540,-638,0,0
83,-105,294,1364,3486,-611,0,0
82,-117,226,1412,3503,-575,0,0
36,-144,102,1446,3535,-584,0,0
8,-134,-16,1482,3552,-585,0,0
23,-120,-67,1505,3569,-589,0,0
68,-76,-74,1476,3530,-565,0,0
111,32,-70,1497,3480,-556,0,0
114,84,-85,1531,3475,-529,0,0
64,75,-119,1551,3479,-533,0,0
-20,33,-147,1579,3486,-553,0,0
-101,-24,-159,1547,3464,-584,0,0
-123,-15,-148,1541,3454,-606,0,0
-112,12,-133,1562,3497,-631,0,0
-84,37,-118,1544,3523,-644,0,0
-41,90,-81,1559,3522,-664,0,0
-9,97,-29,1538,3503,-665,0,0
10,102,21,1506,3483,-661,0,0
17,81,48,1487,3478,-646,0,0
17,57,46,1467,3477,-655,0,0
29,56,40,1448,3425,-631,0,0
44,55,27,1488,3471,-643,0,0
50,25,3,1442,3419,-644,0,0
106,92,16,1490,3367,-616,0,0
149,71,26,1574,3543,-611,0,0
155,58,26,1567,3604,-600,0,0
167,131,50,1609,3551,-586,0,0
153,145,95,1571,3509,-597,0,0
110,152,129,1553,3452,-626,0,0
56,111,127,1506,3360,-622,0,0
19,93,104,1496,3403,-641,0,0
-25,93,43,1553,3472,-698,0,0
-72,41,-24,1582,3478,-757,0,0
-64,5,-22,1549,3476,-774,0,0
-10,49,33,1533,3483,-789,0,0
36,101,53,1541,3452,-778,0,0
61,109,21,1586,3432,-758,0,0
41,17,-38,1602,3450,-720,0,0
27,-29,-76,1606,3494,-677,0,0
37,-3,-60,1626,3483,-668,0,0
43,-6,-11,1602,3441,-655,0,0
59,17,35,1577,3434,-623,0,0
68,36,41,1554,3447,-603,0,0
60,75,23,1563,3449,-596,0,0
15,80,12,1587,3446,-606,0,0
-49,42,3,1577,3470,-637,0,0
-76,42,-9,1567,3478,-681,0,0
-63,66,-18,1610,3499,-722,0,0
-49,57,-22,1606,3521,-738,0,0
-31,53,-12,1602,3489,-758,0,0
-31,4,-2,1578,3446,-752,0,0
-38,-63,-12,1569,3428,-728,0,0
-14,-81,-38,1569,3465,-698,0,0
33,-54,-45,1590,3482,-680,0,0
59,-36,-22,1593,3459,-654,0,0
53,-38,-5,1598,3471,-646,0,0
40,-54,-8,1576,3480,-636,0,0
36,-40,-2,1572,3464,-647,0,0
27,-34,8,1549,3439,-679,0,0
25,-34,4,1561,3465,-664,0,0
22,-42,-8,1542,3501,-674,0,0
14,-9,-2,1537,3480,-689,0,0
1,-7,8,1522,3438,-705,0,0
-1,-21,-2,1493,3436,-700,0,0
2,-3,-24,1507,3453,-698,0,0
-8,3,-41,1526,3462,-694,0,0
-24,-1,-36,1532,3453,-699,0,0
-41,-13,-18,1529,3470,-709,0,0
-44,-12,-12,1513,3457,-728,0,0
-29,2,-10,1511,3439,-749,0,0
-14,-14,-11,1549,3467,-744,0,0
-16,-59,-11,1536,3490,-731,0,0
-14,-21,8,1523,3478,-729,0,0
-5,7,25,1513,3450,-733,0,0
9,3,20,1492,3432,-711,0,0
15,16,8,1513,3452,-684,0,0
-4,2,-2,1522,3477,-668,0,0
-27,-2,13,1514,3452,-659,0,0
-46,-3,35,1501,3428,-643,0,0
-67,-9,29,1489,3446,-638,0,0
-78,-3,9,1513,3464,-657,0,0
-75,0,9,1537,3483,-688,0,0
-55,14,28,1551,3518,-679,0,0
-30,36,48,1545,3510,-663,0,0
-24,38,63,1529,3484,-664,0,0
-34,21,52,1514,3483,-663,0,0
-31,11,19,1516,3469,-662,0,0
-17,8,8,1536,3488,-641,0,0
-8,11,6,1553,3518,-640,0,0
5,28,13,1571,3498,-619,0,0
19,37,19,1578,3507,-612,0,0
28,54,21,1565,3496,-596,0,0
27,68,31,1571,3503,-614,0,0
22,67,26,1549,3492,-634,0,0
22,78,20,1546,3478,-631,0,0
14,52,5,1541,3457,-640,0,0
-3,32,-25,1535,3433,-643,0,0
-9,27,-47,1587,3444,-652,0,0
-6,4,-53,1597,3471,-647,0,0
10,29,-29,1621,3479,-644,0,0
19,35,3,1617,3484,-651,0,0
25,34,27,1576,3464,-650,0,0
25,30,37,1538,3443,-631,0,0
11,15,20,1525,3445,-640,0,0
7,14,-6,1558,3463,-650,0,0
15,28,-13,1612,3462,-658,0,0
9,-1,9,1600,3451,-637,0,0
-1,-14,20,1579,3452,-627,0,0
-7,-14,7,1571,3447,-625,0,0
-11,-16,0,1585,3462,-637,0,0
-16,-23,4,1584,3469,-646,0,0
-14,-26,12,1569,3487,-648,0,0
-8,-14,14,1561,3474,-655,0,0
-11,-22,11,1557,3480,-676,0,0
-10,-34,4,1568,3486,-684,0,0
-10,-51,-1,1574,3480,-681,0,0
-11,-66,-3,1567,3461,-675,0,0
-13,-72,-6,1593,3486,-658,0,0
-17,-94,-2,1581,3512,-640,0,0
-25,-91,19,1522,3474,-636,0,0
-28,-67,27,1520,3442,-637,0,0
-34,-80,2,1513,3459,-633,0,0
-27,-59,-23,1537,3495,-633,0,0
-17,-37,-15,1547,3505,-643,0,0
-7,-13,13,1519,3474,-623,0,0
-16,-8,15,1515,3470,-620,0,0
-40,-22,-19,1519,3493,-644,0,0
-42,-21,-34,1528,3482,-672,0,0
-21,-10,-27,1520,3491,-685,0,0
8,23,-22,1538,3517,-677,0,0
17,28,-15,1521,3492,-679,0,0
16,33,-1,1504,3484,-685,0,0
13,20,-9,1500,3486,-709,0,0
30,26,-20,1496,3452,-699,0,0
47,37,-24,1538,3493,-699,0,0
42,18,-28,1544,3503,-699,0,0
35,9,-15,1540,3461,-685,0,0
27,-20,-13,1547,3476,-689,0,0
21,-33,-28,1532,3480,-688,0,0
23,-17,-20,1541,3453,-693,0,0
21,-39,-6,1554,3502,-695,0,0
11,-49,3,1526,3503,-699,0,0
7,-43,19,1504,3489,-712,0,0
16,-40,26,1474,3475,-715,0,0
27,-28,17,1457,3454,-711,0,0
30,-20,6,1469,3461,-695,0,0
26,-23,-6,1457,3452,-663,0,0
18,-6,-10,1469,3471,-631,0,0
-19,-13,-12,1464,3479,-625,0,0
-55,-1,-12,1466,3484,-640,0,0
-74,13,-3,1454,3452,-677,0,0
-71,20,0,1451,3430,-703,0,0
-64,19,-21,1503,3509,-700,0,0
-74,0,-22,1501,3518,-702,0,0
-66,16,22,1489,3468,-693,0,0
-46,16,37,1477,3473,-682,0,0
-38,32,13,1498,3536,-701,0,0
-39,39,16,1506,3515,-713,0,0
-18,31,40,1494,3494,-719,0,0
11,32,35,1466,3517,-682,0,0
19,60,19,1504,3517,-661,0,0
-4,36,9,1502,3458,-657,0,0
-23,9,6,1505,3423,-678,0,0
-20,-10,-14,1548,3465,-673,0,0
-2,-4,-16,1570,3515,-642,0,0
4,-10,27,1554,3539,-633,0,0
-2,-9,65,1475,3535,-647,0,0
2,-5,54,1424,3535,-687,0,0
11,-12,15,1415,3536,-670,0,0
14,1,-4,1478,3512,-645,0,0
2,-13,-8,1509,3477,-615,0,0
-2,-6,-12,1530,3465,-607,0,0
-5,8,-14,1551,3458,-603,0,0
-11,17,-4,1557,3475,-627,0,0
-8,20,9,1527,3491,-670,0,0
7,28,17,1510,3510,-682,0,0
13,14,15,1476,3524,-673,0,0
4,-9,2,1464,3515,-654,0,0
4,11,-7,1487,3493,-640,0,0
6,18,-9,1530,3486,-649,0,0
8,14,-8,1560,3492,-652,0,0
2,-3,1,1554,3497,-666,0,0
-7,-33,9,1535,3503,-682,0,0
-17,-67,14,1502,3507,-689,0,0
-18,-82,17,1463,3491,-660,0,0
-7,-72,11,1471,3487,-640,0,0
2,-47,-4,1488,3506,-624,0,0
7,-11,3,1518,3507,-621,0,0
-5,-15,22,1490,3494,-623,0,0
-27,-8,26,1463,3459,-638,0,0
-47,-13,7,1467,3467,-661,0,0
-49,-12,-16,1507,3511,-674,0,0
-47,-15,-13,1514,3520,-684,0,0
-44,-17,1,1488,3500,-685,0,0
-28,-1,-2,1484,3479,-677,0,0
-17,-1,-17,1503,3504,-658,0,0
-22,-14,-26,1518,3518,-670,0,0
-18,-19,-15,1505,3489,-685,0,0
6,-17,-2,1516,3515,-681,0,0
23,-22,-8,1505,3528,-662,0,0
33,2,3,1494,3498,-653,0,0
31,-9,19,1482,3473,-652,0,0
21,-19,2,1457,3475,-652,0,0
12,-12,-16,1487,3493,-649,0,0
-1,-29,-18,1492,3495,-660,0,0
-2,-19,1,1484,3479,-662,0,0
10,-11,13,1486,3490,-645,0,0
19,-1,6,1465,3517,-621,0,0
23,41,17,1456,3512,-603,0,0
6,51,37,1435,3500,-593,0,0
-29,56,29,1355,3465,-528,0,0
-86,121,12,1398,3521,-568,0,0
-189,86,-41,1453,3548,-647,0,0
-255,16,-121,1497,3539,-772,0,0
-201,-24,-165,1479,3472,-824,0,0
-60,20,-138,1548,3479,-758,0,0
10,6,-110,1541,3523,-628,0,0
36,15,-69,1587,3557,-572,0,0
34,-32,0,1526,3497,-538,0,0
46,-21,82,1481,3485,-513,0,0
61,-7,101,1433,3477,-482,0,0
67,31,88,1446,3536,-474,0,0
39,30,92,1446,3575,-502,0,0
1,-7,92,1405,3593,-530,0,0
-6,-4,55,1376,3580,-566,0,0
14,21,4,1392,3548,-578,0,0
28,19,-48,1428,3554,-579,0,0
50,31,-87,1491,3561,-566,0,0
47,10,-100,1514,3580,-578,0,0
40,6,-92,1508,3555,-592,0,0
57,15,-67,1500,3542,-630,0,0
75,-11,-47,1421,3561,-652,0,0
87,11,-48,1404,3551,-673,0,0
97,7,-53,1440,3564,-660,0,0
85,-32,-44,1420,3560,-645,0,0
56,-40,-29,1397,3510,-607,0,0
11,-75,-33,1371,3480,-610,0,0
-5,-88,-58,1339,3495,-624,0,0
13,-53,-70,1332,3554,-657,0,0
38,-11,-66,1271,3557,-704,0,0
77,33,-63,1254,3541,-720,0,0
98,43,-61,1301,3513,-658,0,0
97,52,-41,1333,3501,-636,0,0
97,72,-28,1254,3511,-713,0,0
118,173,-6,1258,3621,-818,0,0
124,214,-3,1325,3766,-921,0,0
104,182,9,1356,3749,-1044,0,0
57,21,31,1334,3526,-1034,0,0
3,-182,0,1257,3451,-875,0,0
-19,-261,-71,1285,3511,-737,0,0
-25,-221,-119,1282,3548,-654,0,0
-6,-82,-89,1285,3546,-618,0,0
-7,-7,-43,1241,3582,-588,0,0
-50,23,-48,1158,3662,-651,0,0
-92,51,-99,1041,3665,-777,0,0
-91,71,-157,1003,3654,-867,0,0
-74,28,-197,1000,3629,-867,0,0
-49,34,-202,1032,3619,-802,0,0
-26,51,-185,1098,3674,-803,0,0
-18,11,-167,1028,3761,-824,0,0
31,80,-121,939,3690,-820,0,0
73,138,-75,889,3621,-791,0,0
61,138,-119,801,3580,-765,0,0
42,221,-178,898,3492,-797,0,0
38,331,-131,1157,3449,-839,0,0
-25,260,4,1242,3285,-856,0,0
-117,47,128,1091,3243,-875,0,0
-134,-59,140,1089,3659,-935,0,0
-52,-6,114,1272,3854,-815,0,0
0,-19,250,1206,3519,-857,0,0
26,-234,260,679,3407,-870,0,0
93,-149,35,884,3683,-628,0,0
111,48,-73,1335,3836,-613,0,0
76,29,54,1529,3643,-703,0,0
69,-76,273,1340,3535,-794,0,0
88,-131,308,1028,3620,-779,0,0
101,-18,175,1074,3683,-743,0,0
93,65,75,1153,3670,-833,0,0
95,37,47,1161,3631,-833,0,0
72,9,36,1244,3661,-770,0,0
51,9,15,1228,3706,-776,0,0
61,38,-12,1180,3677,-797,0,0
48,48,-33,1185,3672,-813,0,0
35,49,-56,1244,3686,-865,0,0
34,22,-75,1236,3674,-876,0,0
54,15,-97,1162,3722,-858,0,0
78,53,-138,1068,3753,-837,0,0
88,110,-177,1039,3839,-876,0,0
39,56,-207,989,3820,-927,0,0
-38,-28,-204,911,3585,-876,0,0
-78,-21,-189,945,3495,-816,0,0
-103,6,-238,990,3422,-834,0,0
-88,71,-263,1099,3419,-903,0,0
-59,147,-185,1171,3443,-880,0,0
-61,145,-58,1131,3468,-874,0,0
-80,14,9,899,3528,-971,0,0
-61,-32,-11,668,3609,-1041,0,0
-7,42,-49,713,3660,-953,0,0
8,81,-38,940,3666,-828,0,0
-13,54,23,973,3562,-810,0,0
-11,59,113,933,3418,-788,0,0
-25,54,199,913,3420,-788,0,0
-60,35,219,850,3495,-874,0,0
-53,64,190,866,3670,-924,0,0
-12,120,169,1012,3877,-932,0,0
71,200,195,1051,3726,-916,0,0
163,239,297,1004,3451,-739,0,0
158,272,357,1101,3579,-633,0,0
22,250,253,1261,3812,-833,0,0
-85,188,104,1312,3719,-1102,0,0
-16,119,129,1317,3647,-1079,0,0
38,-100,208,1315,3590,-761,0,0
24,-135,210,1317,3568,-633,0,0
4,10,160,1431,3546,-646,0,0
-65,-41,109,1467,3432,-748,0,0
-101,-140,114,1442,3296,-773,0,0
-108,-218,117,1454,3290,-758,0,0
-80,-297,43,1486,3399,-680,0,0
-26,-281,-66,1536,3602,-590,0,0
29,-91,-126,1559,3634,-555,0,0
35,123,-92,1620,3525,-634,0,0
-23,127,-7,1631,3470,-695,0,0
-79,53,57,1590,3413,-727,0,0
-92,44,72,1499,3253,-707,0,0
-72,101,83,1458,3131,-616,0,0
-85,124,58,1499,3246,-523,0,0
-130,176,-28,1580,3405,-491,0,0
-212,171,-103,1661,3497,-486,0,0
-302,62,-107,1703,3628,-509,0,0
-331,-74,-59,1687,3743,-524,0,0
-274,-87,18,1576,3737,-509,0,0
-150,104,118,1536,3650,-516,0,0
-35,236,170,1546,3625,-552,0,0
49,247,155,1476,3668,-646,0,0
152,339,93,1352,3713,-844,0,0
252,455,21,1516,3641,-875,0,0
166,159,12,1649,3402,-697,0,0
-19,-277,43,1560,3253,-492,0,0
-125,-427,8,1546,3309,-488,0,0
-140,-425,-124,1614,3436,-515,0,0
-95,-396,-241,1660,3588,-516,0,0
17,-250,-241,1639,3625,-501,0,0
132,-42,-92,1632,3605,-467,0,0
157,60,118,1623,3589,-484,0,0
106,61,266,1609,3561,-489,0,0
13,-25,303,1588,3567,-523,0,0
-68,-124,251,1535,3483,-570,0,0
-94,-122,202,1445,3312,-546,0,0
-68,-71,214,1379,3254,-539,0,0
-41,-30,221,1444,3401,-539,0,0
-41,-62,128,1498,3552,-539,0,0
-34,-56,-10,1508,3607,-518,0,0
-21,8,-80,1544,3598,-556,0,0
-28,12,-71,1541,3600,-593,0,0
-30,20,-33,1514,3578,-607,0,0
-29,45,-11,1508,3504,-634,0,0
-52,2,-29,1499,3424,-665,0,0
-81,-64,-80,1494,3394,-684,0,0
-87,-105,-148,1539,3458,-683,0,0
-79,-144,-210,1573,3491,-703,0,0
-44,-151,-239,1605,3555,-695,0,0
14,-111,-243,1628,3612,-664,0,0
64,-57,-203,1592,3529,-619,0,0
96,-13,-104,1555,3405,-567,0,0
122,15,2,1501,3326,-511,0,0
142,55,62,1482,3309,-459,0,0
126,87,68,1501,3388,-385,0,0
69,117,43,1541,3442,-329,0,0
-39,83,43,1557,3443,-333,0,0
-157,-4,87,1520,3470,-366,0,0
-198,1,147,1491,3532,-359,0,0
-202,63,186,1486,3577,-466,0,0
-193,99,194,1455,3530,-501,0,0
-157,161,177,1443,3588,-604,0,0
-37,313,129,1107,3683,-941,0,0
222,716,31,1284,3610,-1089,0,0
204,307,-62,1726,3471,-711,0,0
29,-211,-103,1644,3464,-474,0,0
-20,-297,-132,1589,3443,-430,0,0
-4,-207,-180,1590,3495,-446,0,0
32,-83,-190,1617,3503,-447,0,0
60,10,-129,1644,3526,-414,0,0
43,31,-32,1640,3512,-451,0,0
25,26,61,1602,3495,-431,0,0
34,71,121,1587,3455,-450,0,0
30,75,130,1572,3492,-481,0,0
7,61,110,1552,3548,-533,0,0
-25,11,98,1483,3578,-613,0,0
-30,-55,74,1275,3647,-754,0,0
10,-41,10,1274,3579,-757,0,0
28,-49,-30,1432,3522,-596,0,0
53,-4,-29,1591,3500,-552,0,0
66,-36,-33,1632,3504,-545,0,0
37,-80,-35,1611,3479,-557,0,0
-12,-115,-15,1611,3440,-575,0,0
-41,-174,-11,1629,3492,-581,0,0
-44,-210,-47,1625,3556,-590,0,0
-24,-162,-58,1612,3516,-580,0,0
-1,-120,-17,1605,3467,-586,0,0
17,-101,25,1547,3399,-587,0,0
44,-44,42,1556,3392,-556,0,0
40,-36,4,1538,3429,-560,0,0
3,-20,13,1521,3245,-605,0,0
-17,-100,2,1625,3591,-590,0,0
6,-127,-55,1581,3718,-627,0,0
100,28,-25,1579,3759,-586,0,0
148,141,49,1564,3709,-627,0,0
102,106,78,1505,3525,-614,0,0
5,9,50,1474,3429,-651,0,0
-74,-77,-45,1496,3402,-681,0,0
-109,-135,-177,1447,3355,-680,0,0
-88,-79,-269,1458,3307,-656,0,0
-54,-25,-319,1531,3342,-623,0,0
-33,-47,-344,1614,3702,-560,0,0
-84,-107,-348,1706,4095,-517,0,0
-170,-120,-325,1498,3720,-510,0,0
-166,40,-103,1366,3150,-536,0,0
-118,17,162,1346,3068,-555,0,0
-13,3,219,1362,3354,-453,0,0
115,219,77,1376,3502,-420,0,0
208,489,-29,1425,3532,-446,0,0
182,486,47,1436,3612,-608,0,0
145,255,180,711,4024,-1172,0,0
344,341,78,161,4326,-1594,0,0
306,123,-120,677,3799,-1067,0,0
55,61,-84,1157,3385,-754,0,0
-75,-154,6,1520,3302,-732,0,0
-137,-653,-53,1289,3390,-692,0,0
2,-330,-93,1228,3467,-725,0,0
128,115,-25,1390,3466,-769,0,0
115,42,93,1225,3501,-895,0,0
95,-99,176,1004,3622,-1080,0,0
107,-144,148,985,3680,-1063,0,0
119,-141,85,1127,3630,-855,0,0
130,-52,109,1291,3524,-762,0,0
86,-56,170,1312,3438,-749,0,0
20,-70,179,1237,3453,-748,0,0
-37,-26,126,1227,3589,-830,0,0
-85,-6,39,1286,3679,-940,0,0
-105,-42,7,1385,3615,-1010,0,0
-92,-136,55,1440,3510,-939,0,0
-83,-207,93,1457,3440,-830,0,0
-94,-234,53,1465,3423,-799,0,0
-124,-242,-33,1514,3467,-809,0,0
-166,-298,-88,1526,3478,-819,0,0
-173,-320,-62,1484,3489,-806,0,0
-136,-271,16,1479,3533,-788,0,0
-91,-224,89,1441,3541,-761,0,0
-45,-163,129,1387,3559,-738,0,0
-4,-66,146,1360,3542,-714,0,0
-1,-22,157,1368,3538,-698,0,0
-39,-50,146,1342,3541,-697,0,0
-75,-53,117,1310,3535,-711,0,0
-97,-47,73,1294,3517,-747,0,0
-105,-51,18,1277,3512,-775,0,0
-90,-24,-29,1307,3508,-803,0,0
-67,-14,-66,1357,3544,-818,0,0
-43,-16,-89,1363,3541,-802,0,0
-5,8,-75,1359,3482,-784,0,0
43,36,-52,1355,3448,-782,0,0
101,99,-33,1346,3404,-739,0,0
138,164,-19,1406,3455,-705,0,0
102,157,-31,1409,3477,-693,0,0
62,178,-34,1403,3407,-689,0,0
64,210,-11,1419,3496,-710,0,0
99,293,35,1393,3655,-713,0,0
104,412,114,1400,3650,-807,0,0
46,351,132,1333,3568,-961,0,0
37,278,49,1344,3501,-1066,0,0
36,137,-72,1469,3468,-974,0,0
-7,-70,-152,1507,3421,-818,0,0
-37,-190,-174,1467,3451,-740,0,0
-5,-117,-157,1446,3521,-733,0,0
45,5,-85,1464,3536,-742,0,0
55,37,6,1437,3581,-774,0,0
46,15,57,1318,3560,-828,0,0
52,7,56,1250,3506,-857,0,0
52,-13,21,1271,3493,-833,0,0
47,8,-16,1352,3496,-788,0,0
40,24,-23,1428,3514,-793,0,0
23,23,-10,1443,3519,-826,0,0
8,25,-1,1460,3507,-868,0,0
-20,-34,-5,1451,3479,-864,0,0
-58,-99,-6,1424,3492,-861,0,0
-81,-122,0,1434,3517,-832,0,0
-92,-154,23,1386,3530,-793,0,0
-93,-144,45,1316,3514,-793,0,0
-81,-85,41,1301,3496,-800,0,0
-60,-30,16,1354,3500,-830,0,0
-39,-14,9,1398,3491,-842,0,0
-27,-35,21,1418,3511,-838,0,0
-16,-45,21,1388,3516,-811,0,0
-8,-18,28,1378,3520,-797,0,0
-31,-19,26,1368,3517,-813,0,0
-56,-28,9,1374,3487,-862,0,0
-50,-34,1,1402,3484,-891,0,0
-34,-39,3,1465,3542,-866,0,0
-32,-70,19,1456,3531,-817,0,0
-41,-83,52,1401,3505,-799,0,0
-62,-95,69,1366,3489,-810,0,0
-73,-110,61,1354,3487,-815,0,0
-56,-113,56,1342,3475,-797,0,0
-22,-86,58,1358,3483,-779,0,0
9,-57,56,1360,3499,-760,0,0
38,-16,71,1351,3482,-716,0,0
43,19,78,1367,3534,-703,0,0
31,34,58,1330,3467,-700,0,0
62,109,47,1373,3500,-674,0,0
89,179,59,1412,3641,-677,0,0
51,248,70,1386,3581,-767,0,0
0,273,38,1420,3468,-915,0,0
-12,178,-34,1507,3398,-1012,0,0
-48,-82,-121,1508,3356,-913,0,0
-83,-208,-174,1502,3351,-778,0,0
-84,-204,-178,1566,3450,-753,0,0
-60,-184,-135,1560,3580,-766,0,0
12,-67,-32,1489,3589,-722,0,0
57,32,111,1442,3551,-697,0,0
12,-6,173,1319,3534,-792,0,0
-15,-22,102,1244,3523,-914,0,0
27,4,2,1345,3546,-917,0,0
52,-51,-17,1419,3508,-756,0,0
52,-8,24,1464,3489,-683,0,0
21,20,45,1484,3461,-709,0,0
-22,10,44,1398,3417,-705,0,0
-28,66,36,1427,3538,-759,0,0
-25,96,6,1404,3608,-865,0,0
6,159,10,1420,3543,-945,0,0
33,105,11,1459,3470,-896,0,0
34,12,-10,1456,3420,-804,0,0
31,23,-13,1513,3433,-766,0,0
17,14,1,1542,3472,-784,0,0
3,-28,26,1467,3496,-809,0,0
14,-26,38,1399,3520,-816,0,0
33,6,24,1366,3504,-804,0,0
41,61,9,1434,3491,-781,0,0
29,60,0,1489,3479,-795,0,0
7,26,-3,1473,3460,-819,0,0
-1,11,-5,1477,3475,-825,0,0
-6,-10,-11,1481,3509,-832,0,0
-5,-22,-15,1481,3509,-829,0,0
-12,-39,-10,1448,3497,-853,0,0
-13,-36,-7,1448,3482,-852,0,0
-10,-54,-7,1467,3505,-816,0,0
-7,-58,1,1426,3517,-810,0,0
8,-10,6,1419,3481,-829,0,0
9,-6,-4,1438,3476,-844,0,0
-8,-32,-13,1470,3483,-832,0,0
-32,-72,-11,1447,3479,-807,0,0
-51,-94,-8,1415,3480,-806,0,0
-61,-84,-12,1401,3489,-800,0,0
-58,-52,-15,1389,3509,-794,0,0
-46,-9,-11,1393,3511,-806,0,0
-30,16,-6,1378,3503,-826,0,0
-7,56,4,1394,3494,-834,0,0
-8,42,8,1419,3510,-828,0,0
-37,1,-5,1406,3481,-841,0,0
-51,-16,-13,1422,3454,-854,0,0
-56,-57,-22,1409,3441,-864,0,0
-37,-51,-21,1399,3425,-813,0,0
-6,-17,-13,1421,3441,-772,0,0
-3,-8,-7,1425,3483,-738,0,0
-19,16,11,1431,3503,-733,0,0
-38,22,30,1392,3503,-786,0,0
-31,34,29,1355,3516,-844,0,0
0,46,7,1360,3545,-899,0,0
17,41,5,1406,3544,-869,0,0
4,-19,12,1437,3510,-794,0,0
-14,-68,1,1425,3499,-765,0,0
-13,-42,0,1421,3448,-749,0,0
-6,-29,11,1429,3480,-728,0,0
-9,-17,17,1397,3531,-744,0,0
-15,18,19,1390,3532,-810,0,0
-5,10,12,1374,3505,-830,0,0
30,14,8,1377,3490,-769,0,0
47,59,16,1389,3474,-722,0,0
37,94,17,1419,3526,-734,0,0
34,117,9,1432,3539,-805,0,0
38,120,21,1428,3500,-840,0,0
35,67,22,1415,3501,-836,0,0
34,44,-3,1461,3505,-809,0,0
15,14,-19,1519,3497,-820,0,0
-10,-34,-13,1517,3445,-824,0,0
-19,-75,5,1517,3435,-819,0,0
-14,-96,11,1508,3448,-808,0,0
-11,-100,20,1504,3457,-788,0,0
-20,-137,27,1463,3518,-773,0,0
-9,-130,19,1372,3539,-790,0,0
28,-56,27,1334,3523,-793,0,0
31,-29,16,1380,3523,-792,0,0
16,-34,-16,1422,3490,-763,0,0
18,-28,-16,1439,3469,-742,0,0
19,-4,-11,1436,3473,-733,0,0
32,55,-20,1478,3482,-763,0,0
52,87,-12,1478,3508,-806,0,0
58,84,-2,1426,3529,-842,0,0
60,69,-29,1388,3541,-870,0,0
57,61,-57,1418,3557,-841,0,0
27,24,-68,1419,3527,-812,0,0
-1,-7,-76,1372,3483,-801,0,0
-9,10,-91,1364,3489,-798,0,0
-16,34,-114,1413,3510,-796,0,0
-37,11,-127,1420,3552,-798,0,0
-63,-33,-128,1359,3615,-822,0,0
-78,-47,-138,1254,3625,-832,0,0
-62,-15,-166,1185,3619,-802,0,0
-35,30,-209,1154,3684,-750,0,0
-21,107,-240,1145,3762,-711,0,0
-36,149,-256,1071,3775,-698,0,0
-69,149,-259,918,3737,-726,0,0
-115,125,-267,842,3714,-804,0,0
-152,67,-302,775,3707,-907,0,0
-124,111,-327,792,3602,-1029,0,0
-14,219,-277,915,3411,-1043,0,0
65,235,-148,1009,3409,-994,0,0
152,304,11,1079,3421,-1120,0,0
227,309,161,1038,3322,-1165,0,0
164,117,247,959,3358,-1153,0,0
54,-172,241,814,3491,-1191,0,0
6,-294,222,803,3518,-1026,0,0
-50,-328,262,993,3595,-837,0,0
-110,-440,313,1049,3777,-780,0,0
-77,-342,354,1026,3844,-823,0,0
3,-213,392,1017,3622,-787,0,0
75,-75,449,1094,3475,-677,0,0
103,-9,461,1171,3441,-610,0,0
87,22,401,1211,3540,-602,0,0
46,76,291,1258,3666,-645,0,0
6,150,201,1310,3605,-730,0,0
-6,168,167,1361,3551,-786,0,0
-19,97,123,1361,3526,-751,0,0
-21,121,55,1350,3473,-674,0,0
-12,226,-12,1436,3539,-616,0,0
-34,297,-80,1484,3621,-660,0,0
-58,388,-86,1516,3529,-762,0,0
-67,436,-44,1593,3465,-940,0,0
-66,285,-38,1672,3373,-960,0,0
-107,32,-68,1686,3312,-816,0,0
-168,-113,-94,1720,3292,-703,0,0
-217,-206,-114,1734,3271,-651,0,0
-244,-259,-110,1735,3284,-640,0,0
-244,-258,-73,1755,3352,-611,0,0
-228,-253,-32,1815,3496,-618,0,0
-183,-269,-30,1823,3634,-620,0,0
-100,-193,-27,1802,3662,-611,0,0
-18,-95,31,1755,3533,-635,0,0
32,-76,126,1709,3464,-635,0,0
63,-85,177,1580,3372,-612,0,0
74,-26,206,1575,3310,-594,0,0
36,-68,171,1609,3387,-584,0,0
12,-113,65,1679,3583,-568,0,0
18,-54,-28,1746,3670,-582,0,0
15,6,-12,1817,3533,-675,0,0
-55,-150,54,1747,3410,-633,0,0
-124,-245,70,1675,3307,-664,0,0
-116,-236,24,1654,3214,-705,0,0
-44,-227,-39,1659,3287,-696,0,0
60,-180,-120,1673,3519,-621,0,0
212,75,-181,1604,3727,-486,0,0
392,665,-128,1823,3838,-455,0,0
298,723,-1,1952,3753,-579,0,0
-4,178,173,1693,3381,-594,0,0
-244,-239,384,1473,3158,-549,0,0
-335,-412,447,1478,3248,-531,0,0
-345,-503,230,1389,3411,-508,0,0
-258,-294,-85,1306,3525,-493,0,0
-152,42,-263,1384,3551,-577,0,0
-130,87,-267,1368,3580,-737,0,0
-102,27,-204,1348,3666,-823,0,0
-42,-3,-203,1443,3670,-802,0,0
-15,-74,-249,1456,3544,-704,0,0
-15,-128,-277,1447,3461,-580,0,0
-10,-118,-272,1417,3432,-555,0,0
21,-59,-244,1416,3433,-558,0,0
67,35,-194,1398,3420,-562,0,0
119,98,-131,1378,3497,-622,0,0
158,89,-85,1233,3573,-676,0,0
214,151,-58,1116,3614,-741,0,0
281,215,-35,1056,3678,-837,0,0
333,228,-18,1026,3649,-892,0,0
335,243,-13,1131,3695,-901,0,0
283,192,-44,1206,3738,-936,0,0
215,117,-81,1151,3576,-930,0,0
158,57,-99,960,3421,-904,0,0
112,147,-106,1182,3313,-792,0,0
-2,99,-91,1417,3320,-812,0,0
-97,-79,-75,1343,3366,-842,0,0
-145,-176,-74,1148,3432,-895,0,0
-152,-162,-62,1033,3543,-947,0,0
-147,-173,-15,1021,3555,-958,0,0
-118,-182,70,1168,3684,-932,0,0
-82,-195,142,1233,3695,-832,0,0
-47,-167,200,1183,3619,-746,0,0
3,-111,175,1110,3771,-750,0,0
89,22,75,1007,3712,-815,0,0
125,114,13,956,3590,-807,0,0
96,177,-10,1108,3617,-816,0,0
45,168,-23,1401,3631,-803,0,0
0,126,18,1480,3582,-892,0,0
-29,24,58,1332,3531,-1001,0,0
-52,-68,20,1163,3498,-938,0,0
-61,-66,-31,1154,3518,-863,0,0
-69,-91,-44,1198,3593,-834,0,0
-78,-105,-31,1277,3613,-793,0,0
-84,-103,15,1319,3574,-794,0,0
-78,-127,44,1274,3559,-826,0,0
-42,-92,53,1247,3531,-825,0,0
-20,-81,63,1246,3530,-807,0,0
-26,-129,49,1201,3578,-783,0,0
-39,-143,20,1160,3611,-803,0,0
-34,-124,6,1173,3609,-827,0,0
-17,-104,12,1180,3593,-800,0,0
2,-60,24,1209,3570,-765,0,0
4,-36,31,1248,3570,-761,0,0
-3,-35,34,1249,3548,-781,0,0
-1,-23,31,1240,3554,-821,0,0
13,-5,21,1222,3550,-843,0,0
27,11,16,1220,3556,-837,0,0
27,1,7,1224,3604,-803,0,0
13,16,1,1227,3589,-815,0,0
2,25,7,1240,3548,-825,0,0
-8,22,12,1240,3509,-831,0,0
-8,34,13,1258,3477,-831,0,0
-5,36,1,1284,3503,-836,0,0
3,41,-7,1286,3556,-820,0,0
7,48,2,1235,3575,-805,0,0
16,65,9,1180,3561,-809,0,0
31,94,-1,1185,3560,-815,0,0
50,132,-6,1239,3555,-828,0,0
61,145,10,1262,3565,-838,0,0
62,134,21,1260,3575,-860,0,0
56,122,19,1271,3543,-896,0,0
62,112,18,1286,3518,-891,0,0
62,104,10,1332,3524,-864,0,0
39,74,2,1385,3517,-881,0,0
14,25,4,1378,3495,-917,0,0
8,-27,8,1315,3512,-916,0,0
19,-35,2,1282,3544,-880,0,0
26,-16,0,1278,3545,-832,0,0
23,-12,6,1270,3556,-838,0,0
29,8,7,1278,3554,-863,0,0
28,14,15,1301,3547,-867,0,0
19,-2,17,1282,3537,-874,0,0
13,-8,9,1259,3519,-867,0,0
6,-12,-3,1262,3542,-872,0,0
6,-2,-8,1281,3551,-877,0,0
11,6,-5,1272,3546,-866,0,0
12,16,-14,1262,3534,-871,0,0
10,24,-6,1287,3526,-887,0,0
4,7,-3,1286,3532,-902,0,0
3,-11,-1,1251,3531,-894,0,0
4,-4,-8,1242,3537,-892,0,0
8,8,-9,1303,3551,-896,0,0
-9,-30,-2,1293,3559,-878,0,0
-33,-57,8,1227,3516,-895,0,0
-42,-57,-1,1234,3509,-902,0,0
-33,-32,-21,1289,3530,-896,0,0
-28,-9,-14,1318,3532,-855,0,0
-51,-22,1,1291,3526,-854,0,0
-76,-39,-3,1257,3522,-910,0,0
-85,-50,-15,1253,3534,-933,0,0
-86,-60,-22,1241,3535,-900,0,0
-84,-74,-26,1222,3542,-867,0,0
-66,-60,-32,1216,3569,-859,0,0
-38,-16,-20,1258,3583,-825,0,0
-39,-26,-1,1234,3576,-797,0,0
-40,-5,7,1231,3563,-837,0,0
-35,3,12,1246,3556,-907,0,0
-24,-8,8,1251,3547,-923,0,0
-12,-21,9,1252,3535,-863,0,0
-16,-37,9,1242,3511,-805,0,0
-33,-41,5,1239,3512,-798,0,0
-51,-54,0,1239,3531,-838,0,0
-45,-59,0,1245,3555,-867,0,0
-12,-37,5,1234,3571,-847,0,0
20,8,25,1206,3551,-789,0,0
24,26,30,1201,3536,-759,0,0
23,37,15,1218,3562,-769,0,0
36,79,15,1217,3618,-814,0,0
38,87,25,1191,3645,-851,0,0
30,80,23,1186,3572,-883,0,0
24,72,10,1281,3522,-875,0,0
-6,19,-10,1365,3536,-887,0,0
-21,-52,-14,1346,3533,-911,0,0
-15,-102,4,1248,3551,-845,0,0
-13,-99,12,1190,3559,-778,0,0
-18,-86,12,1173,3571,-779,0,0
-15,-74,7,1184,3596,-823,0,0
1,-50,16,1211,3590,-834,0,0
11,-54,26,1212,3571,-804,0,0
16,-47,25,1205,3564,-782,0,0
15,-29,23,1207,3570,-802,0,0
21,-14,22,1202,3573,-839,0,0
32,1,24,1193,3554,-823,0,0
31,7,19,1194,3563,-803,0,0
21,7,9,1217,3586,-820,0,0
10,2,6,1237,3619,-872,0,0
9,0,12,1213,3577,-890,0,0
10,3,10,1206,3533,-855,0,0
13,18,-9,1264,3537,-862,0,0
12,9,-10,1286,3552,-871,0,0
-5,-28,-9,1205,3589,-907,0,0
-5,-16,-20,1207,3611,-943,0,0
3,-10,-22,1209,3588,-946,0,0
5,0,-21,1214,3545,-919,0,0
-14,-21,-24,1232,3525,-921,0,0
-36,-63,-26,1229,3540,-970,0,0
-32,-95,-23,1195,3576,-1029,0,0
1,-106,-20,1129,3611,-1017,0,0
43,-64,-13,1194,3667,-1015,0,0
67,-38,11,1177,3623,-1058,0,0
80,-17,43,1145,3432,-1070,0,0
100,5,80,1198,3316,-1011,0,0
99,25,121,1328,3301,-945,0,0
53,-22,157,1359,3387,-1032,0,0
18,-46,188,1340,3417,-1112,0,0
-18,-49,218,1288,3390,-3184,0,0
-71,-118,214,1164,3390,-1099,0,0
-100,-125,171,1134,3391,-1019,0,0
-113,-81,133,1172,3400,-945,0,0
-135,-43,117,1204,3463,-904,0,0
-153,-17,96,1201,3558,-902,0,0
-122,41,58,1320,3828,-951,0,0
-21,186,56,1287,3740,-1009,0,0
83,324,151,1264,3458,-1101,0,0
103,156,116,1140,3507,-902,0,0
80,215,11,1456,3578,-738,0,0
-6,227,-36,1648,3560,-769,0,0
-45,355,31,1631,3434,-956,0,0
-73,229,111,1636,3272,-1061,0,0
-129,-210,76,1533,3312,-947,0,0
-132,-329,7,1587,3377,-798,0,0
-137,-402,-22,1607,3431,-727,0,0
-128,-415,21,1484,3448,-645,0,0
-93,-200,109,1438,3504,-630,0,0
-70,17,156,1463,3488,-684,0,0
-88,59,150,1458,3420,-706,0,0
-142,29,117,1473,3391,-720,0,0
-210,-30,62,1511,3319,-738,0,0
-264,-128,9,1524,3253,-702,0,0
-292,-221,-32,1567,3278,-2720,0,0
-290,-276,-87,1620,3414,-652,0,0
-239,-240,-141,1687,3575,-626,0,0
-164,-154,-167,1741,3727,-622,0,0
-115,-89,-142,1742,3742,-676,0,0
-91,-85,-37,1691,3606,-727,0,0
-43,-84,100,1640,3467,-732,0,0
20,-86,163,1570,3350,-753,0,0
96,-28,156,1563,3304,-738,0,0
164,13,100,1669,3456,-698,0,0
191,11,17,1678,3591,-685,0,0
198,92,13,1673,3551,-687,0,0
157,105,73,1686,3478,-699,0,0
92,16,90,1631,3428,-701,0,0
68,-4,51,1581,3410,-701,0,0
81,43,10,1570,3421,-692,0,0
79,70,-18,1586,3425,-681,0,0
38,47,-60,1585,3422,-656,0,0
-19,34,-112,1604,3418,-645,0,0
-76,15,-162,1607,3396,-652,0,0
-122,18,-183,1618,3353,-668,0,0
-159,-2,-183,1649,3362,-677,0,0
-173,-33,-177,1623,3355,-690,0,0
-139,-3,-164,1689,3453,-675,0,0
-119,-22,-192,1727,3598,-664,0,0
-111,5,-187,1687,3500,-656,0,0
-90,29,-81,1652,3472,-671,0,0
-25,46,90,1541,3483,-675,0,0
112,178,250,1477,3419,-652,0,0
256,321,345,1481,3434,-652,0,0
360,456,392,1500,3594,-585,0,0
361,549,426,1572,3755,-596,0,0
240,441,420,1551,3642,-646,0,0
82,219,373,1465,3431,-647,0,0
-57,30,236,1419,3390,-740,0,0
-105,-30,-58,1334,3360,-948,0,0
51,222,-355,1423,3413,-1164,0,0
207,254,-483,1762,3477,-1096,0,0
149,-313,-485,1649,3526,-783,0,0
132,-350,-358,1407,3545,-602,0,0
185,74,-159,1496,3484,-644,0,0
126,79,-23,1498,3378,-685,0,0
39,12,27,1422,3340,-687,0,0
-13,53,24,1463,3317,-756,0,0
-62,27,-14,1449,3349,-881,0,0
-50,71,-30,1456,3437,-1073,0,0
-22,-47,-27,1462,3494,-1108,0,0
-28,-257,-17,1436,3539,-921,0,0
-44,-277,-10,1440,3512,-790,0,0
-60,-202,-4,1521,3479,-760,0,0
-112,-271,-14,1552,3494,-761,0,0
-147,-346,-63,1516,3479,-748,0,0
-144,-311,-111,1531,3480,-690,0,0
-158,-300,-137,1563,3545,-658,0,0
-173,-308,-147,1535,3591,-598,0,0
-146,-228,-125,1466,3630,-522,0,0
-108,-88,-75,1387,3665,-479,0,0
-116,-10,-9,1300,3641,-449,0,0
-163,-10,56,1202,3672,-471,0,0
-230,-18,118,1046,3703,-526,0,0
-329,-160,144,829,3675,-819,0,0
-370,-709,-28,275,3915,-1405,0,0
-33,-255,-235,319,3881,-1320,0,0
375,1081,-184,1279,3499,-1172,0,0
375,1010,-2,1737,3080,-1015,0,0
108,-23,112,1352,2834,-841,0,0
-64,-344,175,1163,2948,-854,0,0
-138,-370,236,1428,3398,-985,0,0
-183,-703,207,1624,4176,-1029,0,0
-54,-720,181,1406,4125,-933,0,0
154,-461,355,1147,3252,-813,0,0
297,-272,530,1186,3148,-741,0,0
347,-146,404,1393,3459,-709,0,0
321,-67,80,1455,3632,-661,0,0
252,144,-128,1462,3530,-670,0,0
93,121,-100,1537,3387,-710,0,0
-107,-190,-23,1493,3474,-681,0,0
-169,-192,2,1384,3502,-655,0,0
-105,100,7,1441,3434,-669,0,0
-87,200,2,1483,3439,-729,0,0
-107,208,-1,1472,3483,-763,0,0
-103,257,12,1492,3526,-781,0,0
-88,279,41,1466,3588,-822,0,0
-60,344,76,1410,3574,-907,0,0
-1,479,93,1348,3527,-1143,0,0
157,712,55,1379,3525,-1360,0,0
233,528,-38,1740,3420,-1191,0,0
62,-249,-142,1642,3368,-863,0,0
-66,-489,-200,1458,3379,-697,0,0
-61,-165,-232,1541,3408,-743,0,0
-65,-73,-262,1638,3416,-791,0,0
-72,-134,-275,1592,3421,-771,0,0
-29,-46,-225,1613,3432,-734,0,0
-1,0,-130,1611,3457,-725,0,0
15,54,-15,1595,3483,-692,0,0
5,111,85,1590,3466,-700,0,0
-35,93,149,1539,3428,-709,0,0
-70,72,187,1509,3467,-735,0,0
-85,51,196,1465,3515,-769,0,0
-66,77,189,1425,3544,-791,0,0
-33,92,164,1322,3542,-880,0,0
-4,65,91,1254,3541,-881,0,0
-3,56,-10,1333,3527,-804,0,0
-22,67,-81,1497,3497,-741,0,0
-48,12,-101,1577,3468,-719,0,0
-63,-52,-95,1552,3449,-718,0,0
-60,-21,-75,1551,3442,-721,0,0
-54,-3,-37,1568,3481,-733,0,0
-49,-20,1,1539,3523,-724,0,0
-44,-5,44,1518,3546,-727,0,0
-43,3,79,1491,3544,-724,0,0
-42,-5,97,1450,3529,-711,0,0
-42,-7,98,1432,3517,-709,0,0
-49,-30,76,1422,3518,-713,0,0
-41,-41,34,1400,3490,-711,0,0
-16,-31,-16,1420,3497,-699,0,0
6,-33,-59,1426,3521,-690,0,0
27,-26,-72,1452,3567,-690,0,0
48,-11,-60,1454,3566,-689,0,0
61,-2,-41,1436,3508,-696,0,0
55,-22,-34,1441,3479,-712,0,0
42,-58,-46,1412,3466,-719,0,0
50,-36,-56,1433,3437,-734,0,0
55,-38,-59,1409,3401,-718,0,0
58,30,-64,1457,3422,-702,0,0
18,18,-68,1485,3409,-731,0,0
-18,-23,-56,1488,3445,-709,0,0
-15,-12,-26,1504,3563,-699,0,0
-12,32,26,1459,3539,-688,0,0
-19,71,86,1444,3470,-664,0,0
-48,37,93,1404,3501,-659,0,0
-65,43,64,1376,3512,-662,0,0
-58,74,26,1391,3543,-689,0,0
-32,95,9,1349,3603,-709,0,0
9,153,17,1301,3604,-734,0,0
33,190,4,1263,3565,-715,0,0
24,217,-23,1321,3512,-673,0,0
-29,179,-63,1399,3480,-657,0,0
-85,103,-113,1440,3471,-646,0,0
-113,38,-136,1456,3501,-647,0,0
-99,37,-127,1448,3555,-643,0,0
-54,88,-85,1444,3554,-632,0,0
-23,104,-31,1411,3553,-633,0,0
-4,99,-3,1362,3579,-646,0,0
18,114,4,1347,3590,-669,0,0
27,95,10,1337,3557,-707,0,0
38,71,15,1342,3531,-727,0,0
52,33,10,1384,3500,-702,0,0
63,-14,10,1422,3502,-656,0,0
76,-22,22,1456,3517,-636,0,0
80,-30,50,1464,3543,-624,0,0
69,-57,78,1405,3545,-644,0,0
62,-70,94,1339,3553,-653,0,0
57,-60,83,1324,3581,-681,0,0
57,-53,58,1334,3587,-670,0,0
55,-46,49,1361,3572,-657,0,0
48,-60,40,1351,3562,-627,0,0
45,-21,20,1383,3553,-637,0,0
33,1,23,1448,3506,-647,0,0
-1,-36,26,1446,3448,-631,0,0
-39,-53,2,1458,3435,-641,0,0
-67,-64,-43,1506,3458,-653,0,0
-83,-71,-67,1533,3451,-655,0,0
-83,-64,-54,1535,3432,-664,0,0
-64,-41,-30,1530,3397,-648,0,0
-46,-11,-2,1551,3441,-623,0,0
-58,12,20,1556,3461,-576,0,0
-125,9,47,1586,3454,-565,0,0
-229,-86,58,1590,3470,-596,0,0
-283,-152,62,1536,3491,-594,0,0
-254,-113,83,1546,3570,-632,0,0
-193,-85,82,1521,3621,-642,0,0
-110,-8,90,1494,3581,-612,0,0
-69,8,113,1499,3593,-573,0,0
-77,-32,93,1480,3613,-544,0,0
-83,-43,46,1466,3614,-539,0,0
-75,-55,14,1430,3578,-537,0,0
-57,-55,-7,1414,3567,-533,0,0
-42,-57,-41,1415,3564,-522,0,0
-29,-60,-89,1419,3552,-516,0,0
-16,-61,-120,1410,3514,-503,0,0
-3,-49,-118,1431,3536,-473,0,0
-19,-66,-121,1476,3604,-497,0,0
-55,-127,-126,1443,3559,-530,0,0
-44,-138,-89,1410,3480,-552,0,0
26,-108,-34,1393,3491,-543,0,0
107,-28,21,1398,3551,-577,0,0
161,39,84,1414,3596,-600,0,0
175,43,133,1407,3580,-628,0,0
135,-29,149,1378,3533,-672,0,0
82,-127,128,1354,3474,-678,0,0
45,-197,80,1340,3495,-726,0,0
30,-212,5,1357,3549,-725,0,0
46,-200,-39,1392,3553,-716,0,0
92,-160,-8,1387,3578,-670,0,0
156,-53,54,1363,3543,-628,0,0
186,42,88,1343,3488,-562,0,0
144,84,79,1357,3462,-523,0,0
44,67,37,1356,3411,-517,0,0
-61,39,3,1356,3399,-510,0,0
-144,36,-19,1385,3461,-535,0,0
-205,51,-45,1425,3525,-575,0,0
-257,59,-2104,1470,3546,-661,0,0
-279,14,-57,1465,3556,-739,0,0
-213,30,-53,1453,3632,-853,0,0
-79,87,-34,1463,3613,-905,0,0
-2,12,-10,1449,3564,-767,0,0
14,-56,-4,1413,3541,-621,0,0
31,-34,-1,1435,3545,-565,0,0
30,-20,17,1426,3548,-559,0,0
9,-16,40,1398,3534,-557,0,0
-12,-20,35,1398,3556,-594,0,0
-24,-42,11,1401,3583,-655,0,0
-5,-44,14,1398,3560,-689,0,0
27,-64,25,1414,3561,-690,0,0
34,-94,11,1421,3553,-664,0,0
23,-114,7,1401,3503,-642,0,0
21,-121,14,1397,3493,-631,0,0
20,-112,7,1393,3515,-627,0,0
28,-62,-1,1426,3528,-599,0,0
25,-55,9,1439,3551,-588,0,0
6,-52,31,1390,3542,-594,0,0
-1,-6,44,1395,3503,-607,0,0
-15,-18,29,1382,3510,-639,0,0
-20,-15,3,1386,3530,-646,0,0
-17,0,-9,1402,3546,-658,0,0
-16,4,-8,1402,3541,-674,0,0
-18,5,-7,1402,3516,-684,0,0
-20,-9,-17,1406,3530,-685,0,0
-12,-4,-26,1406,3524,-693,0,0
9,22,-17,1413,3500,-698,0,0
20,21,-11,1440,3537,-670,0,0
7,-1,-18,1426,3534,-656,0,0
-7,5,-5,1417,3494,-672,0,0
-6,3,10,1399,3471,-681,0,0
5,8,-4,1402,3469,-663,0,0
0,10,-20,1444,3506,-647,0,0
-12,3,-9,1433,3524,-604,0,0
0,59,11,1433,3553,-562,0,0
-10,95,23,1403,3545,-564,0,0
-36,124,48,1383,3494,-573,0,0
-76,87,53,1369,3510,-651,0,0
-85,69,20,1348,3552,-730,0,0
-5,168,5,1417,3594,-883,0,0
54,124,-4,1480,3564,-905,0,0
32,-48,-21,1488,3503,-759,0,0
2,-156,-30,1470,3460,-646,0,0
-11,-187,-34,1436,3483,-594,0,0
3,-118,-20,1455,3523,-581,0,0
15,-61,20,1450,3524,-588,0,0
8,-37,60,1421,3509,-628,0,0
4,-25,66,1390,3537,-689,0,0
20,-27,50,1385,3590,-767,0,0
51,-40,40,1372,3562,-786,0,0
85,-48,41,1414,3535,-743,0,0
100,-79,31,1426,3528,-699,0,0
120,-56,34,1447,3511,-671,0,0
132,-24,56,1439,3492,-674,0,0
134,5,72,1423,3484,-675,0,0
128,26,70,1394,3466,-666,0,0
113,56,51,1443,3511,-684,0,0
67,30,25,1418,3532,-701,0,0
58,77,27,1396,3474,-713,0,0
56,110,28,1426,3492,-739,0,0
23,96,-11,1436,3517,-745,0,0
-11,97,-37,1457,3500,-763,0,0
-43,74,-46,1473,3477,-797,0,0
-59,40,-64,1475,3488,-814,0,0
-38,56,-69,1480,3459,-810,0,0
-5,66,-39,1487,3439,-769,0,0
4,74,-11,1483,3457,-730,0,0
-18,71,-11,1477,3494,-728,0,0
-36,72,-12,1474,3507,-787,0,0
-33,56,1,1463,3499,-831,0,0
-21,19,2,1479,3508,-841,0,0
-22,-47,-11,1501,3494,-787,0,0
-38,-102,-2,1481,3496,-751,0,0
-53,-109,19,1446,3482,-746,0,0
-62,-115,26,1433,3494,-736,0,0
-71,-124,16,1392,3504,-733,0,0
-68,-92,6,1393,3491,-736,0,0
-52,-52,4,1430,3533,-751,0,0
-35,-31,8,1436,3517,-753,0,0
-25,-27,19,1425,3510,-752,0,0
-21,-26,20,1424,3518,-753,0,0
-14,-21,16,1420,3489,-759,0,0
-6,-17,19,1418,3467,-749,0,0
-1,-29,11,1437,3481,-747,0,0
21,-24,1,1440,3515,-739,0,0
64,24,19,1473,3575,-727,0,0
87,36,57,1433,3597,-713,0,0
94,67,96,1355,3555,-728,0,0
95,107,112,1301,3519,-748,0,0
80,122,96,1280,3495,-782,0,0
43,104,60,1309,3461,-801,0,0
1,35,11,1348,3426,-811,0,0
-24,-18,-42,1363,3411,-803,0,0
-28,-18,-76,1421,3419,-784,0,0
-36,-32,-85,1459,3459,-786,0,0
-26,-17,-72,1483,3452,-771,0,0
14,18,-31,1511,3449,-750,0,0
53,77,34,1539,3493,-720,0,0
55,138,120,1536,3475,-769,0,0
33,133,180,1495,3448,-836,0,0
9,71,149,1464,3437,-896,0,0
-29,-29,64,1499,3414,-875,0,0
-74,-143,14,1549,3446,-773,0,0
-105,-207,-3,1536,3477,-721,0,0
-111,-134,10,1574,3447,-719,0,0
-125,-123,42,1608,3411,-724,0,0
-139,-155,54,1569,3394,-707,0,0
-145,-137,49,1584,3371,-700,0,0
-155,-142,46,1611,3426,-694,0,0
-154,-154,42,1630,3492,-670,0,0
-153,-155,26,1604,3434,-671,0,0
-141,-146,14,1614,3429,-668,0,0
-109,-143,-21,1674,3511,-660,0,0
-67,-104,-66,1694,3527,-654,0,0
-20,-41,-75,1721,3507,-638,0,0
9,-25,-56,1691,3447,-649,0,0
34,4,-26,1664,3406,-636,0,0
60,41,-14,1678,3440,-637,0,0
82,61,-22,1646,3448,-645,0,0
96,106,-22,1642,3442,-695,0,0
105,123,-21,1659,3434,-719,0,0
92,109,-28,1648,3375,-733,0,0
56,77,-38,1698,3401,-735,0,0
-7,0,-74,1730,3478,-757,0,0
-56,-57,-88,1671,3415,-779,0,0
-61,-66,-32,1646,3395,-789,0,0
-37,-94,24,1627,3507,-776,0,0
9,-53,28,1604,3569,-765,0,0
29,-5,27,1589,3477,-754,0,0
6,-37,61,1560,3410,-762,0,0
-16,-96,101,1521,3450,-778,0,0
13,-83,130,1475,3491,-783,0,0
68,-19,162,1468,3486,-771,0,0
77,-21,177,1473,3480,-760,0,0
45,-66,152,1439,3479,-760,0,0
22,-75,109,1420,3464,-768,0,0
13,-84,63,1371,3451,-776,0,0
17,-62,24,1368,3446,-760,0,0
8,-63,-15,1374,3466,-741,0,0
-3,-42,-48,1373,3466,-723,0,0
-22,-8,-57,1433,3449,-738,0,0
-52,-32,-66,1414,3391,-732,0,0
-37,8,-74,1442,3378,-756,0,0
-20,43,-59,1502,3463,-823,0,0
-23,31,-24,1545,3572,-832,0,0
-35,20,13,1527,3544,-885,0,0
-39,17,30,1494,3459,-962,0,0
-13,-5,9,1521,3408,-1021,0,0
-10,-149,-27,1523,3390,-931,0,0
-18,-227,-40,1527,3441,-789,0,0
-14,-226,-26,1493,3477,-764,0,0
3,-164,8,1469,3475,-768,0,0
32,-78,54,1483,3478,-776,0,0
52,-46,80,1450,3471,-746,0,0
43,-21,83,1426,3478,-746,0,0
11,-9,58,1395,3505,-747,0,0
-19,16,26,1391,3500,-792,0,0
-29,39,-1,1416,3484,-854,0,0
-15,50,-29,1455,3488,-894,0,0
-6,30,-49,1485,3445,-868,0,0
-16,6,-56,1494,3431,-815,0,0
-31,13,-58,1504,3453,-792,0,0
-50,35,-53,1505,3457,-773,0,0
-65,68,-36,1519,3452,-766,0,0
-81,66,-25,1502,3443,-767,0,0
-88,68,-26,1490,3428,-771,0,0
-84,71,-28,1507,3452,-817,0,0
-62,69,-30,1528,3508,-892,0,0
-10,87,-12,1553,3530,-966,0,0
17,-13,5,1513,3490,-949,0,0
16,-122,0,1461,3472,-820,0,0
17,-123,-9,1462,3485,-752,0,0
21,-92,-1,1459,3472,-735,0,0
26,-58,14,1445,3465,-737,0,0
29,-26,17,1444,3455,-758,0,0
15,-21,13,1447,3448,-756,0,0
-5,-19,7,1428,3447,-742,0,0
-25,-11,-7,1400,3450,-741,0,0
-27,33,-19,1391,3447,-702,0,0
-25,111,-24,1455,3474,-686,0,0
-74,111,-27,1455,3473,-695,0,0
-156,88,-27,1404,3535,-896,0,0
-164,123,-38,1342,3579,-1052,0,0
-122,169,-81,1498,3422,-1410,0,0
-212,-277,-153,1579,3297,-1715,0,0
-288,-913,-177,1503,3274,-1750,0,0
-179,-886,-149,1409,3192,-2044,0,0
65,-605,-79,1510,2599,-2234,0,0
252,-903,13,1196,1686,-2294,0,0
536,-1228,219,939,1237,-2241,0,0
906,-1462,358,1033,1604,-2053,0,0
1164,-1833,276,1105,1951,-2229,0,0
1604,-1880,5,1093,2556,-2287,0,0
2117,-1852,-385,1363,3200,-2805,0,0
2515,-1828,-769,1480,3798,-2494,0,0
2841,-1319,-1083,1405,4547,-3071,0,0
3167,-824,-904,1437,4395,-3116,0,0
3233,-479,-564,1126,4431,-3232,0,0
3256,220,38,731,3779,-2434,0,0
2756,340,676,71,2255,-2427,0,0
1913,-2192,1021,-448,1316,-3224,0,0
1276,-688,702,-1906,780,-3388,0,0
763,658,447,-2008,-194,-3668,0,0
-771,558,-129,-1121,177,-4648,0,0
-2301,638,-545,-849,2308,-5512,0,0
-2329,1909,-743,-100,4004,-3515,0,0
-2310,2764,-1144,1300,5651,-2200,0,0
-2948,2739,-1333,1833,6152,-1857,0,0
-3464,2273,-1735,1899,7377,-1014,0,0
-3745,3012,-2478,3905,9920,-1485,0,0
-3983,2171,-2781,3506,11213,-2220,0,0
-3254,3236,-2312,4888,10369,-1980,0,0
-2861,2224,-2005,3887,6847,-2904,0,0
-2050,2493,-1979,4831,1604,-2841,0,0
-1758,403,-2262,3825,-1672,-4662,0,0
-953,621,-695,827,-2702,-2984,0,0
-376,1886,245,2042,-993,-1948,0,0
-207,1015,155,2511,-284,-1208,0,0
-152,131,132,1409,-505,-1378,0,0
167,114,270,1263,-506,-1368,0,0
486,-25,748,1099,-459,-970,0,0
694,-254,1268,891,-335,-638,0,0
744,-237,1502,1245,-439,-1220,0,0
794,-852,1479,2457,-89,-2499,0,0
1103,-2959,1062,4236,3883,-2735,0,0
1584,-5459,284,5179,10683,-4049,0,0
2791,-4432,416,2688,8629,-3758,0,0
3911,-1974,1824,2417,8105,-4032,0,0
4105,-2560,1757,2798,8157,-2393,0,0
3458,-3330,758,1352,6510,-2593,0,0
3299,-2356,11,1360,6409,-2785,0,0
3272,-1353,61,1111,4865,-3144,0,0
3120,-1481,259,136,3412,-2378,0,0
2770,-506,402,-353,2275,-1935,0,0
2017,-248,335,-1045,1531,-1633,0,0
1203,874,451,-1042,212,-2456,0,0
-191,67,424,-923,-69,-4116,0,0
-1055,-734,241,-1350,521,-5022,0,0
-992,69,6,-1235,1021,-5162,0,0
-905,1368,-116,-1038,1394,-4289,0,0
-1376,1643,-451,-1059,2109,-3407,0,0
-1627,2301,-674,212,3542,-1944,0,0
-2082,2486,-962,826,4942,-1605,0,0
-2436,3592,-1056,2073,6704,-649,0,0
-3389,3062,-1723,2806,8110,-1866,0,0
-3362,3531,-2163,4512,9520,-382,0,0
-3884,2967,-1916,6330,8932,-3620,0,0
-2574,2407,-1461,4048,6595,-925,0,0
-1849,3856,-2768,5565,2253,-1018,0,0
-1916,2531,-3412,3834,37,-5016,0,0
-1061,1410,-2195,2362,-2076,-4416,0,0
-285,1701,-750,2684,-1353,-2612,0,0
210,1347,-201,3181,-797,-1253,0,0
153,-260,-203,2795,-729,-1112,0,0
172,-1183,3,1727,-672,-1036,0,0
350,-1416,519,1517,-690,-604,0,0
472,-1440,1006,1543,-377,-678,0,0
562,-1575,1348,2266,-188,-1364,0,0
658,-2443,1606,3014,637,-2669,0,0
1336,-3858,1632,3553,4330,-3039,0,0
2323,-4047,1117,3836,8975,-2057,0,0
2611,-2784,701,2782,7960,-2375,0,0
2685,-2253,960,2802,6943,-4449,0,0
3241,-3311,967,2128,8245,-3248,0,0
3647,-2003,836,1570,7065,-3736,0,0
3547,-1453,442,1764,5884,-3896,0,0
3097,-1921,72,906,5022,-3152,0,0
2859,-983,342,74,2946,-2732,0,0
2355,-465,533,-89,845,-2249,0,0
1556,-365,383,-696,563,-2385,0,0
753,507,409,-393,226,-3362,0,0
-63,196,402,-316,497,-4315,0,0
-673,-165,343,-1283,1113,-3992,0,0
-1117,274,276,-1293,1313,-4595,0,0
-1417,685,-52,-1411,1954,-4095,0,0
-1444,1800,-543,-704,2991,-3012,0,0
-1768,2435,-876,-18,3225,-2228,0,0
-1912,3103,-1228,1238,5197,-1910,0,0
-2282,3316,-1963,2325,6619,-1418,0,0
-2848,2929,-2261,3610,7399,-2164,0,0
-2889,2702,-2083,3627,8665,-217,0,0
-2895,4157,-1520,6478,8624,-843,0,0
-2889,2194,-1852,3726,4545,-1843,0,0
-2627,939,-3005,3843,-33,-2052,0,0
-2096,1171,-3334,2933,301,-3816,0,0
-927,2393,-1935,2266,-902,-3339,0,0
-630,1693,-745,3478,-714,-2380,0,0
-674,-69,-60,2902,-436,-2354,0,0
-157,-512,73,2172,-779,-2212,0,0
370,-797,182,1326,-854,-1759,0,0
776,-933,433,993,-573,-1313,0,0
1030,-988,660,1492,-370,-1405,0,0
966,-1861,835,1778,152,-2258,0,0
1273,-2481,923,2491,2666,-2493,0,0
1728,-2938,687,3408,6249,-2447,0,0
2062,-3579,329,2927,8199,-2309,0,0
2640,-3041,495,2470,6894,-3396,0,0
3450,-2564,917,1881,8576,-3212,0,0
3890,-1115,1146,1397,8087,-2392,0,0
3450,-957,1061,1452,6586,-3330,0,0
2981,-1773,775,860,5477,-3533,0,0
2812,-1473,787,-162,4614,-3430,0,0
2433,-700,875,-60,2721,-3419,0,0
1663,-982,553,-448,2234,-3458,0,0
1188,-130,361,-507,1615,-3174,0,0
563,266,499,-412,1061,-3211,0,0
-69,-311,544,-573,891,-3263,0,0
-273,-409,318,-851,995,-3640,0,0
-120,67,142,-517,806,-3505,0,0
-32,-73,-29,-489,720,-3236,0,0
149,50,-89,-330,688,-3127,0,0
320,288,-133,-200,401,-2916,0,0
402,324,-154,-101,283,-2672,0,0
203,173,-166,-84,212,-2821,0,0
-2152,264,-131,-172,264,-3938,0,0
-448,197,-188,-249,617,-6067,0,0
-526,416,-216,-725,935,-6305,0,0
-682,840,-359,-471,1747,-6382,0,0
-912,1271,-517,-592,2418,-4423,0,0
-1066,2467,-706,764,3033,-4091,0,0
-1594,1375,-1244,276,2963,-3129,0,0
-1645,2267,-1481,928,3923,-1333,0,0
-1980,2370,-1899,2114,5787,-929,0,0
-2231,2756,-2090,1864,7376,306,0,0
-2545,3913,-2464,3847,8962,-372,0,0
-3574,1870,-2654,3436,9090,-1051,0,0
-4147,1183,-2192,3751,7568,-1355,0,0
-3521,2456,-1399,4282,4923,-2042,0,0
-2690,2751,-1879,5164,789,-3823,0,0
-1579,2032,-2047,3223,-2255,-3963,0,0
-522,3123,-957,3375,-2715,-3624,0,0
-315,430,-328,4061,-1272,-2980,0,0
-67,-4000,-118,2790,-681,-2367,0,0
453,-2444,79,2435,-441,-1990,0,0
818,-2930,474,1611,269,-1721,0,0
1328,-2088,995,2087,436,-1947,0,0
1553,-2843,1402,3278,1148,-2483,0,0
1976,-4329,1677,3418,3247,-3506,0,0
3262,-4539,1446,3753,7306,-2865,0,0
4173,-3889,458,3688,9050,-1833,0,0
4208,-2460,-438,3249,8911,-3289,0,0
4273,-1402,44,2494,7730,-2511,0,0
4103,-1310,1043,983,6510,-1669,0,0
3502,-1359,1147,223,4921,-1950,0,0
2872,-1265,495,-354,3392,-1756,0,0
2244,140,596,-460,1789,-2511,0,0
1055,-637,685,-992,560,-3726,0,0
230,-798,701,-2425,49,-2843,0,0
-700,1016,510,-1313,1755,-2492,0,0
-2380,1068,142,-759,3344,-2637,0,0
-3289,1624,-172,-347,4990,-1703,0,0
-3328,3390,-774,903,7230,-818,0,0
-3530,4916,-1267,3041,8023,-2390,0,0
-3128,5343,-1697,2784,9228,-1742,0,0
-2438,5554,-2815,4736,9445,-1122,0,0
-2340,3067,-4088,4668,9730,-1283,0,0
-2598,1214,-3909,4309,9041,-1742,0,0
-2846,830,-2716,3930,8670,-1423,0,0
-2075,2957,-1357,4010,5754,-2067,0,0
-448,4646,-767,5557,-171,-2244,0,0
-340,-635,-1481,3763,-3383,-2085,0,0
-300,-1457,-969,1470,-3106,-2027,0,0
170,820,210,2437,-2047,-1314,0,0
412,-231,396,2642,-999,-817,0,0
726,-1056,400,1886,-133,-1025,0,0
915,-771,898,1758,92,-935,0,0
741,-1082,1617,1479,132,-597,0,0
551,-1450,2050,2142,331,-1259,0,0
618,-2681,2241,3255,1572,-2435,0,0
1497,-4810,1981,4160,5300,-2852,0,0
2666,-5910,919,4129,9639,-2453,0,0
3481,-4397,182,2297,8165,-2797,0,0
4140,-2323,699,2488,7663,-3249,0,0
4341,-2208,857,1795,7790,-1629,0,0
3838,-2481,373,702,6125,-1391,0,0
3478,-1618,-74,485,5206,-760,0,0
2879,89,205,-319,3549,-1409,0,0
1825,654,866,-518,1595,-2621,0,0
586,-134,915,-695,996,-3545,0,0
-598,-65,523,-784,1650,-5369,0,0
-1339,191,446,-199,1589,-6523,0,0
-1277,-547,416,73,1610,-5835,0,0
-814,-555,357,-496,1274,-4574,0,0
-270,278,291,-241,920,-3891,0,0
166,199,52,-38,696,-3292,0,0
415,-26,-148,-192,741,-2651,0,0
589,93,-179,9,657,-2229,0,0
647,-75,-180,74,555,-2139,0,0
741,-20,-227,-2088,541,-1768,0,0
635,571,-144,55,308,-1948,0,0
85,838,-69,222,748,-3954,0,0
-530,567,-197,5,1208,-6263,0,0
-844,1016,-547,867,2381,-7499,0,0
-1298,674,-711,788,2868,-8314,0,0
-848,1175,-495,161,3016,-4279,0,0
-756,1953,-660,1000,2996,-3023,0,0
-1127,1537,-1000,299,3417,-1833,0,0
-1133,2885,-1061,1246,4651,-219,0,0
-1948,2813,-1479,1797,5028,-711,0,0
-2105,2688,-2002,1394,7174,783,0,0
-2393,3829,-2705,3119,9589,404,0,0
-3111,2455,-3342,3227,9394,-654,0,0
-3681,742,-3356,2703,9148,-986,0,0
-3374,1864,-2540,2961,6957,-1469,0,0
-2301,3513,-2190,6461,1990,-5372,0,0
-500,3862,-1849,7733,-3904,-5830,0,0
-220,-482,-687,6650,-4494,-2628,0,0
288,-1819,1043,3969,-1253,-1603,0,0
1039,-1395,1553,4677,-37,-2365,0,0
1222,-3858,1753,3244,1264,-1964,0,0
1689,-4779,2120,2821,2319,-1855,0,0
2545,-4396,2474,3388,3448,-2732,0,0
3442,-4416,2494,3242,4614,-3064,0,0
4162,-5478,1535,3143,6696,-2903,0,0
5051,-4970,-26,1776,7939,-209,0,0
5273,-1451,-462,1935,6664,-24,0,0
4129,-710,-290,1107,4590,-631,0,0
2924,-598,393,415,3168,-1436,0,0
2670,-317,889,147,2555,-358,0,0
1535,-416,1045,-886,-374,-1550,0,0
526,-183,627,-1623,-629,-2800,0,0
-476,285,441,-1269,-29,-5353,0,0
-1221,222,339,-1554,-671,-8172,0,0
-1874,-74,309,264,128,-11067,0,0
-1824,-1984,108,-353,806,-9266,0,0
-420,-572,59,-1208,1129,-5982,0,0
632,1337,24,-8,553,-3903,0,0
649,732,28,-72,510,-2327,0,0
350,-243,29,-605,319,-1413,0,0
200,45,127,-766,168,-1270,0,0
130,227,149,-367,-83,-1760,0,0
153,-26,17,-677,-74,-1723,0,0
202,407,-8,-392,-105,-3768,0,0
-42,525,31,-195,-199,-2240,0,0
-747,207,119,-35,283,-5767,0,0
-739,127,125,-995,1028,-7950,0,0
-307,1293,-105,-652,1940,-8144,0,0
-676,1560,-428,-236,1760,-7816,0,0
-845,1081,-783,-387,1871,-4881,0,0
-736,1744,-1179,279,2324,-3964,0,0
-783,2345,-1453,831,3010,-3180,0,0
-903,2482,-1864,1197,3340,-1632,0,0
-1109,2582,-2111,1518,5020,-553,0,0
-1637,2372,-2397,2038,5884,-373,0,0
-2728,1012,-2642,2139,7111,-249,0,0
-3384,1033,-2652,1987,9194,636,0,0
-3936,1496,-2689,2923,8991,21,0,0
-4216,1229,-2699,2769,6647,-1139,0,0
-3232,3553,-2075,3926,3581,-2831,0,0
-1668,4357,-2148,9193,-608,-5991,0,0
-645,2060,-1218,7588,-2926,-4757,0,0
-218,1893,1302,6713,-2180,-3515,0,0
46,-2433,2084,5757,-411,-3121,0,0
780,-7092,1455,3237,1281,-2910,0,0
2301,-5574,1577,3310,2967,-3226,0,0
3833,-3562,2265,4347,4635,-2602,0,0
4459,-3867,2478,3537,5854,-1919,0,0
4900,-4850,1846,2747,7568,-808,0,0
5332,-3851,840,1241,6507,1178,0,0
4839,-1548,296,1839,5902,928,0,0
3358,-1473,41,479,4099,1308,0,0
2011,-198,579,-311,1558,-118,0,0
1028,73,1037,-1091,1433,-1933,0,0
439,244,1107,-1704,-47,-2810,0,0
-313,357,834,-1225,-449,-4732,0,0
-1368,-703,311,-1839,-122,-6997,0,0
-1585,651,243,-351,427,-8466,0,0
-1940,233,-154,977,2018,-9679,0,0
-1832,-688,-196,-90,2329,-7529,0,0
-929,169,143,325,1644,-5490,0,0
-175,258,162,39,1181,-4271,0,0
165,404,133,41,939,-3269,0,0
303,379,176,135,854,-2313,0,0
288,118,140,61,808,-2116,0,0
260,-233,-22,-38,950,-2231,0,0
404,-67,-72,171,966,-2629,0,0
499,91,-84,189,754,-2942,0,0
471,20,-52,414,461,-3692,0,0
379,-529,-76,80,451,-4664,0,0
329,-379,-63,-52,847,-5481,0,0
136,-10,0,-136,611,-5693,0,0
-283,210,27,-26,476,-5697,0,0
-643,142,-18,107,979,-5269,0,0
-437,64,-9,287,924,-4414,0,0
-193,-32,83,330,443,-3854,0,0
-2,-147,89,130,543,-3187,0,0
283,129,83,222,541,-2715,0,0
469,119,165,234,461,-2362,0,0
527,52,189,141,166,-2108,0,0
481,191,202,66,90,-1973,0,0
255,349,255,-111,161,-2764,0,0
-19,730,209,-372,624,-4218,0,0
-378,979,-85,-203,1024,-5621,0,0
-914,1166,-587,172,2015,-5897,0,0
-1604,1050,-802,664,2483,-6303,0,0
-1670,782,-713,9,3177,-3650,0,0
-1841,863,-1220,1243,3903,-3466,0,0
-1999,627,-1794,207,4413,-1224,0,0
-1905,2864,-1703,1392,5666,-408,0,0
-2345,2830,-1770,2057,5645,-1282,0,0
-2509,2146,-1758,1915,5745,-1064,0,0
-2459,2193,-1705,2457,6694,-1269,0,0
-2362,2131,-1748,2635,5611,-935,0,0
-1964,2636,-1592,2095,4123,-1497,0,0
-1314,2795,-1777,2666,3808,-959,0,0
-1282,2013,-2174,2503,4193,-628,0,0
-1269,1894,-2186,2199,2521,-755,0,0
-1148,1959,-1707,1788,992,-1314,0,0
-453,2334,-954,1435,382,-1265,0,0
67,2325,-433,1604,-304,-1267,0,0
255,435,-382,358,122,-97,0,0
751,45,-283,480,4963,1722,0,0
-264,-2840,-64,-483,10910,-18,0,0
-639,-125,804,-1005,13272,985,0,0
-789,972,1221,2945,8234,-1914,0,0
-365,-1516,859,4749,829,-3379,0,0
622,-4007,1165,5771,-1032,-3301,0,0
1983,-5066,1998,3652,1454,-3488,0,0
3633,-2632,2734,4821,5372,-2402,0,0
3941,-3838,3299,4054,6359,-862,0,0
4328,-4869,3331,1798,5832,803,0,0
4904,-3347,3182,504,5349,1709,0,0
4633,-2190,2528,1062,4844,2216,0,0
3489,-3685,1245,596,4139,2367,0,0
3105,-2909,582,184,2488,2609,0,0
2186,-1084,679,-1016,-316,1797,0,0
1050,-67,342,-1336,112,-187,0,0
-276,512,285,-275,-72,-4108,0,0
-348,-841,162,-672,1327,-4194,0,0
109,-418,379,-1624,630,-2907,0,0
18,716,597,-916,204,-4251,0,0
-214,692,219,-519,837,-4609,0,0
-474,295,-191,-442,495,-5918,0,0
-533,-40,-270,-420,-247,-6977,0,0
-380,-328,-441,-80,-618,-6626,0,0
-148,-29,-594,384,-197,-6322,0,0
-272,811,-465,815,169,-5929,0,0
-855,636,-145,804,615,-5452,0,0
-1322,-506,88,411,877,-5599,0,0
-1102,-641,307,-317,957,-4872,0,0
-605,197,212,99,900,-4516,0,0
-379,16,105,3,744,-3902,0,0
-167,-157,112,69,1049,-3618,0,0
33,-440,133,-227,848,-3597,0,0
281,-347,122,-370,971,-3349,0,0
467,-17,116,-414,749,-2973,0,0
518,201,57,-337,535,-3065,0,0
259,282,-13,-399,526,-3504,0,0
-123,300,1,-132,582,-4552,0,0
-415,-54,-59,-279,734,-5959,0,0
-382,6,-72,-5,1160,-6753,0,0
-219,-42,-128,85,1349,-6365,0,0
7,120,-129,317,1057,-5301,0,0
68,250,-87,570,601,-4233,0,0
41,83,4,453,331,-3409,0,0
78,-267,43,398,471,-2858,0,0
236,-300,202,174,565,-2629,0,0
410,-140,336,-19,357,-2081,0,0
454,-234,306,-105,469,-1799,0,0
507,-245,225,-348,367,-1574,0,0
607,348,289,-418,46,-1316,0,0
498,494,160,-509,-7,-1904,0,0
309,1011,-45,-904,49,-2957,0,0
-304,1351,-393,-907,786,-4100,0,0
-1248,1844,-810,-501,1855,-4925,0,0
-2503,2014,-1252,-413,3733,-4762,0,0
-2815,2874,-1620,1449,6317,-1943,0,0
-2910,2752,-1962,2634,8765,-1728,0,0
-2423,3683,-2135,2729,7799,201,0,0
-2847,3970,-2875,4211,9119,-414,0,0
-3606,1557,-3739,3007,9827,-553,0,0
-3522,1650,-3888,3949,10422,-1179,0,0
-3040,2158,-3423,2801,11056,-1876,0,0
-1523,4317,-2460,4444,9397,-328,0,0
-1349,3829,-1684,6445,5648,-1049,0,0
-1383,1442,-1009,6585,-1723,-3247,0,0
-369,-1391,-663,7255,-6324,-3811,0,0
1044,-2799,571,6548,-2510,-3385,0,0
1155,-5366,1458,3364,1057,-3489,0,0
2173,-4343,1570,1962,3336,-2422,0,0
3168,-2692,2164,3445,4226,-2106,0,0
3714,-3785,2669,2286,5085,-1628,0,0
4472,-3372,2647,1718,5700,-452,0,0
4979,-2319,2488,898,5052,364,0,0
4968,-1621,2000,673,4050,322,0,0
4536,-1795,1239,998,4117,289,0,0
4137,-2147,546,775,3753,1097,0,0
3415,-1763,144,431,3758,1993,0,0
723,166,852,391,-880,-2312,0,0
26,-2326,469,-1963,398,-2837,0,0
233,-106,673,-1991,-443,-3543,0,0
-451,868,375,-1185,-971,-3714,0,0
-2426,821,-292,58,573,-8547,0,0
-3913,410,-656,1314,1404,-12531,0,0
-3279,-1594,-793,1398,2419,-11563,0,0
-1351,-1393,-307,-357,1680,-7286,0,0
66,824,27,485,847,-4342,0,0
514,835,92,444,802,-2858,0,0
535,166,298,231,712,-2005,0,0
367,-274,372,56,786,-1678,0,0
343,-130,321,-166,974,-2049,0,0
461,296,305,1,883,-2816,0,0
507,266,267,-21,733,-3505,0,0
425,-11,209,150,890,-4327,0,0
230,-281,-1,-21,1042,-5011,0,0
93,317,-21,166,973,-5399,0,0
-322,395,-18,364,950,-5496,0,0
-653,80,9,398,1225,-5308,0,0
-495,-89,86,264,970,-4550,0,0
-205,-24,146,315,759,-3891,0,0
-16,-177,63,222,785,-3212,0,0
184,-37,130,272,792,-2984,0,0
298,-252,207,111,627,-2877,0,0
399,-171,182,20,434,-2849,0,0
478,92,83,11,455,-3299,0,0
539,423,65,-269,125,-3665,0,0
376,848,-10,-9,-20,-5010,0,0
27,849,-389,-35,467,-5834,0,0
-298,1009,-630,396,1133,-6493,0,0
-726,248,-1010,-180,1732,-5608,0,0
-900,493,-1176,110,2308,-4832,0,0
-945,-146,-1447,-196,2365,-3028,0,0
-904,781,-1363,452,2955,-1989,0,0
-1342,527,-1497,542,3689,-1021,0,0
-1828,1304,-1278,533,4646,453,0,0
-2343,3072,-776,1121,6805,300,0,0
-3300,3261,-611,1550,8753,-7,0,0
-4565,1658,-1433,2145,10995,39,0,0
-5171,2073,-2328,3811,12922,525,0,0
-5067,4475,-2162,4252,9767,-2851,0,0
-2813,5090,-2821,8993,2875,-2760,0,0
-979,3611,-3617,10081,-1373,-6858,0,0
696,2875,-1207,6567,-4118,-6843,0,0
756,-257,814,5712,-2631,-3237,0,0
796,-3198,1531,3014,420,-1057,0,0
893,-4373,1358,2298,864,-1478,0,0
1258,-4197,1451,2215,1147,-968,0,0
1686,-3392,1897,2262,1558,-689,0,0
2071,-3455,1988,2401,2329,-1406,0,0
2670,-4540,1495,2095,3489,-2060,0,0
3534,-4527,731,1382,5395,-1591,0,0
4177,-3058,24,2137,8093,-1153,0,0
4060,-1504,-193,1464,7116,-1514,0,0
3699,-116,470,1294,5464,-2965,0,0
3413,-620,959,685,5181,-2349,0,0
2662,-1551,1034,-516,3776,-3121,0,0
2003,-1880,478,-991,2346,-2427,0,0
973,-219,48,-1540,1808,-3236,0,0
-440,1421,470,-1358,1022,-4864,0,0
-2221,260,474,-547,2032,-6603,0,0
-2849,-1154,-132,-489,2660,-6172,0,0
-2166,-896,-273,-457,1855,-5321,0,0
-1098,-6,-223,-137,1037,-4570,0,0
-400,360,-269,-99,753,-3874,0,0
27,230,-345,177,684,-2946,0,0
360,119,-335,163,1067,-2537,0,0
656,194,-183,174,1310,-2599,0,0
762,163,-62,35,1417,-2546,0,0
814,403,30,2,1640,-2597,0,0
654,506,133,-27,1446,-3241,0,0
345,230,177,-219,1221,-4353,0,0
22,-23,62,-330,1381,-5197,0,0
-76,116,-15,-34,1718,-5433,0,0
-199,162,-34,-203,1826,-5328,0,0
-362,145,65,-209,1763,-4862,0,0
-416,-314,51,-411,1649,-4399,0,0
-225,-561,-16,-671,1441,-4021,0,0
78,-181,-58,-660,1218,-3424,0,0
344,134,-152,-326,1094,-3212,0,0
450,-80,-310,-160,1043,-3058,0,0
543,75,-295,-108,1012,-3028,0,0
635,507,-127,125,932,-3345,0,0
515,344,-33,-77,896,-3680,0,0
308,203,22,-90,954,-3973,0,0
-5,65,58,-113,860,-4280,0,0
-240,3,135,-2216,970,-4330,0,0
-335,-99,149,-86,1090,-4217,0,0
-275,-90,180,-211,1037,-3948,0,0
-195,-116,87,-198,1012,-3641,0,0
-106,-28,57,-218,1052,-3410,0,0
-10,-26,60,1,1015,-3488,0,0
52,50,99,-158,927,-3438,0,0
176,478,180,156,685,-3461,0,0
187,442,154,151,589,-3132,0,0
112,836,263,-175,411,-3549,0,0
-112,925,259,-151,510,-5098,0,0
-251,245,-281,52,1748,-6266,0,0
-270,139,-614,-106,2922,-5505,0,0
-487,193,-540,-81,2504,-4668,0,0
-1042,-403,-487,-932,2846,-3407,0,0
-1269,447,-637,-372,3024,-2835,0,0
-1507,507,-839,-178,3612,-3384,0,0
-1432,869,-1044,-471,3994,-1285,0,0
-1663,2079,-1152,1382,4856,-1435,0,0
-2428,984,-1061,301,6609,-589,0,0
-2658,2670,-685,1259,7733,-2152,0,0
-3280,2870,-1561,2275,9665,-792,0,0
-4469,951,-2005,2184,10220,-1459,0,0
-3942,2022,-723,2580,7394,-709,0,0
-2769,4050,-432,5346,899,-3226,0,0
-1152,2685,-1270,3007,-3080,-2984,0,0
649,4914,-633,3450,-1024,-1684,0,0
650,4848,653,3723,-1127,-2120,0,0
-292,1549,661,3090,-1824,-1764,0,0
-738,-732,311,2472,-530,-1318,0,0
-694,-1543,693,1464,21,-1122,0,0
-225,-1529,1354,583,195,-921,0,0
815,-848,1367,510,4160,518,0,0
1792,-192,637,2438,13160,2664,0,0
185,-406,-396,3044,10665,1310,0,0
-1262,-680,1035,-3541,2745,-2915,0,0
762,136,692,-1474,3310,-1152,0,0
1468,134,-129,2205,2926,2150,0,0
508,1008,251,2384,3354,1553,0,0
-98,535,669,2638,4356,835,0,0
-593,-617,752,1293,4303,-728,0,0
-244,-446,365,-640,4718,-2035,0,0
280,-129,-220,1359,3945,50,0,0
58,53,52,1871,2895,885,0,0
-217,689,230,1535,2279,660,0,0
-316,429,2,1345,2443,385,0,0
-406,-588,-278,941,3767,297,0,0
-439,-372,-318,919,4676,379,0,0
-517,253,-215,765,4295,155,0,0
-457,253,-183,960,3771,-71,0,0
-226,122,-255,1263,3523,165,0,0
-26,389,-291,1699,3467,372,0,0
37,342,-236,1496,3563,250,0,0
-86,22,-390,472,3797,392,0,0
-149,478,-597,-22,3710,453,0,0
-111,1245,-640,281,3812,507,0,0
-168,1664,-523,655,3752,617,0,0
-91,2035,-500,1201,3875,502,0,0
154,1999,-650,1791,3469,435,0,0
181,751,-950,1812,3340,400,0,0
113,-204,-987,1253,3254,453,0,0
21,-756,-773,703,3669,468,0,0
-31,-1174,-651,148,4252,701,0,0
0,-1005,-477,-39,4211,795,0,0
-3,-786,-109,-357,3942,921,0,0
-93,-921,-56,-795,4065,704,0,0
4,-889,-315,-757,4224,674,0,0
168,-411,-331,-333,3856,814,0,0
153,-156,-157,-26,3707,738,0,0
136,-149,-87,25,3900,518,0,0
146,-338,-95,-87,3902,592,0,0
123,-366,9,-176,3926,570,0,0
94,-472,74,-281,4025,588,0,0
52,-639,20,-162,3953,507,0,0
9,-1003,-149,-171,3993,438,0,0
74,-1079,-242,-228,4000,564,0,0
140,-878,-248,-231,3963,582,0,0
293,-196,-77,-526,3819,976,0,0
333,262,245,-741,3638,402,0,0
303,39,177,-1167,4005,290,0,0
431,1075,207,173,3759,190,0,0
392,1093,428,955,3877,-22,0,0
251,340,523,609,3772,-23,0,0
205,-17,530,431,3745,-93,0,0
205,-149,503,492,3730,-189,0,0
187,-284,476,673,3596,19,0,0
58,-516,502,560,3811,-33,0,0
-9,-457,449,464,3839,-16,0,0
-105,-2584,349,459,3743,245,0,0
-203,-867,228,-68,3795,343,0,0
-191,-753,43,-645,3953,127,0,0
-122,-369,-219,-750,4301,275,0,0
-148,-108,-354,-481,4226,280,0,0
-145,153,-354,-210,4059,233,0,0
-93,399,-396,191,4094,-42,0,0
4,516,-510,635,3908,159,0,0
-13,285,-541,929,3608,66,0,0
-136,-434,-519,678,3613,-30,0,0
-228,-967,-449,66,3872,169,0,0
-213,-928,-307,-439,3982,302,0,0
-106,-437,-132,-694,3940,272,0,0
-11,99,-4,-541,3872,235,0,0
32,490,94,32,3777,158,0,0
4,305,112,364,3807,120,0,0
-35,-141,47,265,3853,218,0,0
-78,-466,47,-106,3898,320,0,0
-110,-519,121,-380,3897,308,0,0
-83,-268,170,-353,3908,290,0,0
-21,-73,174,9,3981,253,0,0
32,-163,165,34,3782,427,0,0
15,-127,257,-127,3740,370,0,0
55,42,186,329,4118,119,0,0
81,-2224,128,755,3991,79,0,0
28,-685,352,181,3784,311,0,0
79,-634,514,44,3949,144,0,0
207,-404,431,308,3833,132,0,0
245,-281,401,594,3917,43,0,0
286,-220,465,694,3728,-87,0,0
378,108,611,1083,3429,-169,0,0
305,-119,679,1218,3619,-223,0,0
161,-620,667,1090,3599,-175,0,0
23,-846,680,914,3685,-172,0,0
-62,-1008,577,668,4003,-41,0,0
-95,-931,396,741,4028,77,0,0
-162,-939,176,811,4089,51,0,0
-94,-573,94,505,3857,-301,0,0
126,317,264,1059,3441,-242,0,0
1,-34,209,1006,3785,-169,0,0
-86,-585,-160,478,4218,-374,0,0
39,-395,-406,773,4194,-706,0,0
108,-333,-304,860,3754,-362,0,0
88,-361,-154,564,3612,139,0,0
124,54,-213,506,3557,265,0,0
167,604,-304,823,3557,193,0,0
90,939,-202,947,3683,-255,0,0
-22,894,3,821,3669,-715,0,0
-176,398,20,500,3624,-533,0,0
-249,247,-100,769,3689,-284,0,0
-301,121,-171,1057,3959,-277,0,0
-300,-13,-143,1167,3881,-262,0,0
-196,190,93,1152,3510,-381,0,0
90,505,314,1012,3621,-772,0,0
279,348,272,1175,3883,-419,0,0
387,464,329,1318,4000,-432,0,0
347,231,378,1373,3657,-325,0,0
142,-403,325,1215,3512,-368,0,0
18,-893,266,903,3578,-282,0,0
-6,-1004,227,885,3788,-106,0,0
-2,-796,203,954,3933,-129,0,0
46,-467,180,877,3801,-211,0,0
105,-20,161,961,3600,-158,0,0
75,314,163,1295,3365,-208,0,0
-21,284,174,1452,3264,-316,0,0
-70,251,154,1537,3302,-469,0,0
-83,81,131,1520,3485,-534,0,0
-40,-94,75,1505,3653,-565,0,0
-11,-194,22,1506,3639,-509,0,0
39,-191,27,1474,3707,-454,0,0
126,51,65,1626,3587,-337,0,0
72,144,90,1819,3486,-231,0,0
-67,37,90,1805,3460,-284,0,0
-113,48,112,1753,3432,-494,0,0
-86,-103,133,1596,3490,-571,0,0
-1,-179,134,1422,3492,-455,0,0
93,18,85,1520,3689,-381,0,0
48,66,46,1527,3422,-568,0,0
6,-279,-1,1443,3730,-232,0,0
-35,-241,-145,1558,4013,32,0,0
-146,-187,-180,1372,3841,-177,0,0
-92,175,-107,1343,3535,-338,0,0
-30,459,-85,1628,3344,-463,0,0
-124,197,-172,1625,3233,-353,0,0
-275,-96,-264,1671,3287,-284,0,0
-377,-360,-296,1584,3454,-179,0,0
-390,-413,-303,1482,3620,-32,0,0
-330,-272,-293,1406,3611,115,0,0
-243,-80,-236,1468,3771,187,0,0
-199,-30,-223,1455,4041,281,0,0
-175,-182,-259,1117,3674,0,0,0
-266,-486,-207,729,3326,-545,0,0
-196,-406,-168,484,3723,-629,0,0
55,69,-176,897,4021,-177,0,0
198,430,-204,948,3905,-157,0,0
317,769,-184,1121,3722,-230,0,0
306,689,-74,1364,3671,-287,0,0
239,127,40,940,3818,-557,0,0
338,-33,52,527,3836,-663,0,0
450,257,11,683,3730,-728,0,0
461,111,-23,809,3685,-765,0,0
456,-86,3,853,3634,-572,0,0
470,34,99,967,3515,-357,0,0
392,95,168,1059,3390,-164,0,0
220,34,166,1002,3486,-73,0,0
55,-125,46,980,3777,-206,0,0
-77,-354,-120,876,3891,-581,0,0
