4207,-1779,1886,-554,6863,514,0,0
3324,-2992,1208,-614,5287,1436,0,0
2604,-3221,556,-812,2869,1343,0,0
2303,-1553,471,-1092,1315,677,0,0
1634,-70,402,-307,343,685,0,0
462,-96,-24,-576,-217,-455,0,0
-178,406,-162,-609,-307,-1272,0,0
-502,664,41,-129,-348,-1640,0,0
-998,-492,183,-322,-604,-3179,0,0
-1030,-1666,-110,-610,-631,-5026,0,0
-699,-3640,-410,-1426,-493,-5464,0,0
-403,637,-698,-861,-454,-5273,0,0
-220,1470,-738,159,-209,-5318,0,0
-44,169,-505,130,-28,-4817,0,0
183,-412,-282,-269,4,-4486,0,0
396,301,-119,-186,-292,-3932,0,0
371,628,-101,-189,-599,-4108,0,0
284,450,-135,-45,-761,-3900,0,0
132,146,-134,-16,-707,-3619,0,0
23,50,-174,4,-425,-3446,0,0
-59,506,-69,238,-364,-3396,0,0
-222,160,69,58,-531,-3405,0,0
-328,-543,158,-175,-379,-3640,0,0
-332,-817,242,-380,-226,-3318,0,0
-202,-367,275,-441,-323,-2769,0,0
-240,55,266,-177,-132,-2930,0,0
-339,-210,255,-202,59,-2575,0,0
-426,-73,290,-264,-65,-3013,0,0
-484,-194,331,-361,-157,-3326,0,0
-501,-340,277,-635,-193,-3532,0,0
-345,-100,198,-664,122,-4281,0,0
-77,49,187,-634,67,-4260,0,0
160,-112,128,-599,332,-4619,0,0
367,-88,80,-492,491,-4622,0,0
482,72,85,-488,464,-4494,0,0
499,621,99,-190,450,-4402,0,0
314,592,81,-70,462,-3983,0,0
-45,400,8,268,427,-3451,0,0
-563,230,-29,80,755,-2884,0,0
-1200,138,-52,640,2073,-1255,0,0
-2442,326,-81,1111,3984,540,0,0
-3967,1215,-37,-206,6160,-954,0,0
-5068,1215,-357,110,9728,243,0,0
-6514,835,-746,-1092,14327,-740,0,0
-7215,1222,-1222,-915,18458,-1013,0,0
-6956,1961,-2029,-12,19508,-1621,0,0
-6126,2509,-2638,536,15990,-2007,0,0
-5021,2198,-2832,2624,10091,-1827,0,0
-4502,493,-2428,1295,5187,-2027,0,0
-4042,1393,-1978,-331,4042,-2398,0,0
-3232,3332,-2648,786,5273,-2183,0,0
-2804,3526,-3972,3460,4577,-3696,0,0
-2109,917,-4148,5437,1092,-4992,0,0
-1279,-771,-2126,4217,373,-3676,0,0
-592,-24,-832,4603,1133,-3695,0,0
149,433,-351,5487,859,-3544,0,0
545,-506,555,4361,1058,-3484,0,0
876,-556,1485,3276,1425,-3141,0,0
1494,-542,2204,3338,2464,-3503,0,0
2738,-425,3242,603,8887,-3951,0,0
4997,2904,5398,2661,18566,-3286,0,0
6596,1118,8879,3804,32767,-1751,0,0
8416,-2535,10445,1377,32121,-44,0,0
8040,-4317,8202,102,23892,2965,0,0
6475,-5324,3585,-2313,16336,1846,0,0
5281,-3042,1174,-685,10335,1743,0,0
3694,-3197,811,-833,8079,1768,0,0
2549,-4657,59,-1810,3455,3950,0,0
1476,-2769,-1078,-3043,1443,2175,0,0
1461,1466,-729,189,17,618,0,0
803,-591,-53,-189,-414,-445,0,0
467,-888,294,-506,-361,-2570,0,0
204,352,392,-711,-678,-3040,0,0
-190,1149,232,-463,-615,-3477,0,0
-666,1043,-37,-952,277,-3342,0,0
-1397,1368,-124,467,1785,-1886,0,0
-2905,494,-301,-151,3453,-2377,0,0
-4325,-168,-245,-341,6594,-2919,0,0
-5297,218,194,147,11581,-1252,0,0
-6007,1584,290,104,13495,172,0,0
-7000,-73,-164,-513,10851,-1809,0,0
-6988,-243,-661,-2000,8100,-1335,0,0
-6368,3045,-1165,-697,7900,55,0,0
-6156,2849,-1535,379,9314,-719,0,0
-5942,754,-2053,866,10457,-1287,0,0
-5496,-42,-2374,-109,7286,-2102,0,0
-4717,1655,-1998,-577,4540,-2447,0,0
-3252,4203,-2058,819,3956,-2864,0,0
-1855,5196,-2882,4831,3767,-4039,0,0
-1025,3201,-2467,7292,2256,-4524,0,0
-810,638,-1156,7449,294,-4279,0,0
-582,-1750,268,6158,304,-4382,0,0
305,-3151,1733,4387,2398,-4862,0,0
2685,-2586,2933,5447,9682,-5396,0,0
6138,-3676,4645,340,20596,-672,0,0
9069,167,5782,-1131,27564,969,0,0
10337,1609,6681,-892,31274,841,0,0
9402,729,6486,843,23346,3147,0,0
6340,-4533,4102,-1874,18135,1709,0,0
5384,-5088,1778,-2382,11102,2312,0,0
4383,-3264,951,-1046,6866,2318,0,0
3082,-2763,127,-680,3850,2552,0,0
2001,-2136,-387,-1188,1875,2044,0,0
1432,-537,-430,-169,791,845,0,0
760,-888,-198,-343,384,-110,0,0
-19,-413,-86,-669,164,-796,0,0
-616,924,-208,-703,172,-1253,0,0
-1261,1677,-382,-941,935,-252,0,0
-2058,1949,-478,-62,2459,347,0,0
-3005,1755,-510,-42,4294,219,0,0
-4078,1471,-610,-1056,6341,-129,0,0
-4967,975,-898,-776,10316,686,0,0
-6315,195,-1036,-2068,16305,609,0,0
-7407,491,-1562,-2041,20909,-765,0,0
-7295,954,-2560,59,20218,-1723,0,0
-6540,38,-2377,-38,13352,-1992,0,0
-5718,414,-2214,640,7042,-1374,0,0
-5603,943,-2138,-481,6329,-2144,0,0
-4882,2559,-2562,92,7842,-2814,0,0
-3842,1999,-3266,3050,5360,-5180,0,0
-2504,614,-2631,1829,2143,-4336,0,0
-1277,2638,-1995,3316,2039,-3631,0,0
-529,2559,-1856,6562,1462,-5235,0,0
-209,-550,-995,7058,-80,-4886,0,0
161,-2364,444,3902,332,-3425,0,0
1047,-589,1402,2924,1254,-2703,0,0
1901,228,2422,3099,2991,-2928,0,0
2923,-1991,3404,2825,9465,-3843,0,0
5520,-2821,3936,195,17579,-1573,0,0
8507,-1110,4681,-1774,25098,2008,0,0
9299,2386,5781,649,24376,665,0,0
7832,-636,5464,-830,25309,269,0,0
7306,-2253,3337,-1964,19024,1797,0,0
6183,-2551,2441,-2585,13024,1106,0,0
5169,-2286,1647,-1997,8235,1469,0,0
3801,-3241,423,-1474,4973,2590,0,0
2303,-2760,-374,-1211,3055,2125,0,0
1211,-1408,-577,-633,963,1703,0,0
329,-212,-547,101,24,-452,0,0
69,-318,-376,-111,-27,-2029,0,0
109,-21,-76,-522,-385,-1203,0,0
-34,985,-7,-305,-224,-971,0,0
-489,1279,-66,-113,439,-489,0,0
-1349,1323,-33,-277,1189,786,0,0
-2256,1514,-133,-164,2560,358,0,0
-3088,1477,-246,-1092,4227,929,0,0
-4181,1616,-597,-447,8353,1184,0,0
-5524,1114,-1295,-1205,12776,764,0,0
-6995,417,-2215,-117,17407,798,0,0
-8225,-1951,-2769,-2117,21372,580,0,0
-8222,-1410,-1836,-2787,22185,-459,0,0
-6873,2526,-1271,-141,17911,-1205,0,0
-5055,2914,-1960,1540,9381,-2481,0,0
-3897,842,-1883,492,2933,-2618,0,0
-3188,1554,-1527,-1076,2230,-1563,0,0
-2523,3493,-2382,1030,3998,-2006,0,0
-1876,2386,-2896,3418,2756,-3483,0,0
-1636,382,-2554,3523,1241,-4036,0,0
-1103,-670,-2020,5416,578,-5203,0,0
-197,-1354,-740,4138,605,-4035,0,0
579,235,233,3254,408,-3221,0,0
1116,1138,872,3424,451,-2769,0,0
1536,405,1552,2714,1161,-1800,0,0
1835,41,2326,2655,3850,-1425,0,0
2582,-1644,3358,2255,8826,-2805,0,0
5031,-4023,4537,1307,19136,-530,0,0
7795,-3335,4678,-2378,23733,2908,0,0
8928,152,4522,-2043,22302,-24,0,0
8537,1566,4541,343,21729,-683,0,0
7382,-576,3257,-1001,18530,1425,0,0
6300,-1310,2281,-1701,12085,1296,0,0
5158,-2629,1839,-1218,8322,790,0,0
3945,-3123,829,-1064,5805,1394,0,0
2802,-2936,68,-795,3540,1675,0,0
2042,-1185,-251,-311,1226,797,0,0
1434,-128,-326,325,252,-51,0,0
694,-777,-133,77,-741,-563,0,0
278,-717,56,-188,-969,-1385,0,0
26,37,-134,-861,-935,-701,0,0
-515,1012,-383,-55,-851,-489,0,0
-1178,653,-468,-121,-92,277,0,0
-1967,713,-467,-117,1284,1058,0,0
-3051,1107,-156,98,3327,972,0,0
-4215,986,-160,-272,6625,466,0,0
-5602,292,-525,-1375,10029,-401,0,0
-6727,747,-857,-1986,15508,-336,0,0
-7191,749,-1242,-812,19935,-574,0,0
-7357,142,-1268,-937,21772,-1157,0,0
-6547,2235,-1736,212,18341,-1368,0,0
-5277,3312,-2771,1447,11377,-2571,0,0
-4455,1539,-3376,1790,6448,-2530,0,0
-4250,476,-2999,-157,4530,-2846,0,0
-3177,2171,-2970,1464,4722,-3818,0,0
-2035,1860,-2947,2628,3485,-4416,0,0
-1203,1247,-2486,3106,658,-4090,0,0
-608,535,-2105,6463,505,-4833,0,0
-206,-1940,-1033,5775,585,-4559,0,0
394,-1326,263,3670,577,-4104,0,0
1224,697,1111,4132,1061,-3585,0,0
1793,366,1844,3850,1794,-2804,0,0
2330,-804,2814,3755,5407,-2620,0,0
3362,-3538,3534,2330,13545,-3019,0,0
5826,-4646,3173,-659,20974,-460,0,0
8850,-1367,2814,-3851,22100,1340,0,0
9599,3264,4108,-852,24598,-251,0,0
8800,1088,3489,-2217,21944,1242,0,0
6860,-513,2193,-2649,14738,1619,0,0
4880,-692,1832,-1286,9256,1678,0,0
3316,-1784,1351,-1516,5312,1465,0,0
2253,-2713,398,-2255,2945,1108,0,0
1579,-1253,-441,-2760,1470,10,0,0
776,-1394,-717,-265,303,-429,0,0
398,-1353,-419,-4,-191,-1396,0,0
363,-821,-147,-526,-290,-1454,0,0
186,370,-147,-396,-126,-1030,0,0
-371,462,-80,-255,83,-964,0,0
-1143,599,-60,-130,1254,229,0,0
-2296,612,-197,-31,3053,430,0,0
-3376,900,-354,-672,4345,711,0,0
-4084,1421,-295,-1068,6709,1166,0,0
-5210,1068,-580,-1735,11459,1078,0,0
-6601,1486,-1238,-2806,16445,2,0,0
-7185,1794,-2230,-2912,21349,-1350,0,0
-6794,563,-3183,-201,20376,-3038,0,0
-5161,1860,-2488,346,11465,-2786,0,0
-3433,2485,-2110,530,4553,-1821,0,0
-2893,1383,-2355,181,3228,-1001,0,0
-2969,1108,-3373,-61,5346,-639,0,0
-3181,391,-4292,1954,5523,-1847,0,0
-3216,-603,-3782,3698,3155,-3823,0,0
-2288,-283,-2234,3038,1508,-4298,0,0
-1012,1825,-1360,5300,1008,-6640,0,0
208,574,-955,8190,256,-6780,0,0
847,-1864,223,5453,560,-4062,0,0
1454,159,1665,4266,2049,-2702,0,0
2033,333,3031,5363,4836,-2291,0,0
2561,-2252,4510,2008,12574,-2309,0,0
4539,-1105,4797,317,19824,-1801,0,0
7110,-2664,5797,-3421,21843,2646,0,0
7908,-997,5383,-1764,24137,-975,0,0
8448,-1825,4199,-2049,22596,-585,0,0
7256,-2022,3259,-1145,16135,2565,0,0
5473,-3438,1767,-1860,11811,2388,0,0
4577,-1423,686,-494,7485,2467,0,0
3234,-1316,587,-1736,4513,2509,0,0
2002,-1126,164,-1797,2166,1491,0,0
1059,-1737,-247,183,418,436,0,0
129,-1495,-319,-272,-499,-1211,0,0
-44,101,-108,-56,-436,-2599,0,0
117,9,97,-292,-469,-2717,0,0
43,172,140,-739,-411,-2028,0,0
-231,840,10,-473,165,-2018,0,0
-844,583,-186,-1169,751,-1379,0,0
-1630,803,-351,-499,2087,-699,0,0
-2404,771,-589,56,4087,-330,0,0
-3392,674,-386,197,6214,132,0,0
-4395,20,-120,109,9790,-1297,0,0
-4960,-354,200,-414,14135,-427,0,0
-6338,70,300,-1202,16516,-2811,0,0
-6194,869,-759,-430,15313,-3144,0,0
-5609,1715,-1177,-1412,11385,-2253,0,0
-4932,3244,-1515,473,5318,-1089,0,0
-4464,1524,-2113,2505,2729,-761,0,0
-4951,-592,-1975,546,7248,-202,0,0
-5837,-342,-2123,759,8505,-2780,0,0
-5207,-417,-2165,3019,3476,-5156,0,0
-3716,-1286,-626,-367,1636,-3750,0,0
-2667,2011,-235,1768,2252,-7543,0,0
-3104,2452,-367,4631,409,-8358,0,0
175,-360,34,2620,-150,-5295,0,0
1261,138,579,1244,811,-3417,0,0
2166,1573,1382,2069,3563,-3221,0,0
3377,1560,2365,1218,7706,-3088,0,0
5260,1379,3790,3459,15257,-3024,0,0
7275,-2165,5655,456,24304,1768,0,0
8774,-3329,5049,-2051,23982,2486,0,0
9150,-1500,3445,-1014,21382,69,0,0
7561,-1093,2740,473,16590,664,0,0
5351,-1784,1672,-1999,12445,3020,0,0
4088,-1186,1152,-809,7313,1271,0,0
2866,-2435,613,-1602,5506,1549,0,0
2077,-1691,117,-142,3539,1072,0,0
1545,-1067,-20,-2216,1227,372,0,0
646,-878,-157,-520,218,-380,0,0
184,-139,-179,-260,-97,-1408,0,0
100,92,-48,-568,7,-1482,0,0
-153,251,6,-347,260,-708,0,0
-689,267,62,-611,649,-864,0,0
-1225,408,-49,-519,1737,-480,0,0
-1955,535,-49,-429,3210,837,0,0
-2869,1035,101,-383,5012,1222,0,0
-3974,1461,210,-751,9666,1873,0,0
-5918,2258,-441,-589,15961,1215,0,0
-7809,122,-1576,189,21782,-927,0,0
-8219,-2017,-1901,-293,22409,-1334,0,0
-7333,-1949,-1200,-876,16639,-3876,0,0
-5845,279,-619,-404,7506,-2640,0,0
-5082,2521,-799,-179,3458,168,0,0
-5248,3858,-1458,1654,6326,-1770,0,0
-4560,3074,-2161,4181,6850,-5937,0,0
-2998,623,-1565,2884,2920,-5040,0,0
-1912,1917,-643,2423,723,-5930,0,0
-967,2697,-316,4802,569,-7624,0,0
-148,-769,-128,5311,309,-6937,0,0
934,-2318,494,2147,821,-4098,0,0
2049,108,1061,1434,1281,-2578,0,0
2711,1803,1811,2074,2422,-1532,0,0
2959,961,2804,2038,6400,-2615,0,0
3895,-593,3535,2657,14444,-3489,0,0
5973,-2828,4460,1609,24207,-90,0,0
8024,-3114,4422,-1168,24246,1593,0,0
8921,-2357,3388,-1937,21574,345,0,0
8055,-1519,2224,-278,16397,1132,0,0
5767,-919,947,-1607,12339,2267,0,0
4309,149,745,-430,7944,2144,0,0
2915,-1955,789,-802,5104,1587,0,0
1845,-3139,18,-815,3311,1775,0,0
1472,-1812,-341,-597,1600,735,0,0
1045,-614,-287,132,311,-434,0,0
225,-1151,-221,-560,-417,-1042,0,0
-68,-29,-139,-424,-220,-1477,0,0
-87,656,-64,-263,104,-1530,0,0
-254,526,47,-263,369,-674,0,0
-802,658,99,-304,798,150,0,0
-1654,1342,93,-520,1563,40,0,0
-2566,1464,-25,-376,2639,-119,0,0
-3264,1274,-164,-309,4909,1876,0,0
-4170,1407,-420,-1083,8668,1748,0,0
-5164,1251,-892,-1264,12809,1511,0,0
-6454,1291,-1515,-833,17632,1743,0,0
-7453,508,-2083,-583,20967,234,0,0
-7426,-761,-1827,-196,20925,-1008,0,0
-6081,-260,-1575,-197,14945,-2204,0,0
-4191,1011,-1430,148,7338,-1946,0,0
-3328,1622,-1305,-163,4516,382,0,0
-3397,2273,-1754,1063,3024,-350,0,0
-3405,1645,-1968,1042,3367,-2184,0,0
-2620,1940,-1708,1365,2827,-4065,0,0
-1705,1733,-1527,2281,1419,-7720,0,0
-796,745,-1428,4118,776,-6852,0,0
221,-867,-932,5018,1084,-6358,0,0
1099,-1864,-168,3659,1149,-4750,0,0
1963,-944,461,2563,1137,-3326,0,0
2673,223,1015,2603,1865,-2663,0,0
3349,270,1816,2362,3612,-2278,0,0
4194,-640,2696,833,10085,-1962,0,0
5873,-997,3207,-467,17411,-101,0,0
7450,-1081,3483,-837,23494,1337,0,0
7969,-2749,3227,-1807,25448,-228,0,0
8170,-1974,1566,-2879,20400,2563,0,0
7104,509,1216,-1803,12789,1645,0,0
5428,314,935,-2313,9668,1999,0,0
3997,-223,727,-973,5574,2745,0,0
2775,-1782,322,-1529,3182,2124,0,0
1999,-1505,-200,-1711,1879,1748,0,0
1407,-1277,-333,-582,712,594,0,0
764,-1141,-290,-144,-290,-1078,0,0
444,-702,-156,-441,-469,-2082,0,0
271,-441,-91,-989,-727,-1892,0,0
211,95,-224,-356,-526,-1801,0,0
-84,49,-217,-716,-400,-1125,0,0
-453,544,-98,-276,-190,-169,0,0
-1063,672,-79,-198,451,606,0,0
-1767,1628,106,-20,1681,1796,0,0
-2711,1555,244,37,4119,1691,0,0
-3948,1016,181,-1271,7129,1504,0,0
-5318,793,-372,-1197,11605,2281,0,0
-6889,590,-960,-2328,17010,2404,0,0
-7639,1137,-1600,-1480,20889,1598,0,0
-7878,206,-1724,-2853,23868,2421,0,0
-7574,1477,-1709,-513,22870,1938,0,0
-6610,1984,-2472,1441,18011,676,0,0
-5850,795,-2495,1787,10010,-3411,0,0
-4176,1021,-1339,911,2897,-3828,0,0
-2418,3263,-931,348,550,-2751,0,0
-1880,3165,-1782,4244,2924,-5118,0,0
-1690,-789,-1483,4903,1638,-6420,0,0
-985,-2507,-373,290,-33,-4936,0,0
437,72,-255,416,-257,-4425,0,0
1611,1190,-123,1493,439,-3233,0,0
2196,1247,236,1623,694,-1867,0,0
2375,1283,575,2624,1065,-1488,0,0
2434,-20,1221,3488,1840,-1734,0,0
2709,-1275,1856,2113,2623,-1651,0,0
3186,-843,2372,2700,6190,-1121,0,0
3882,-997,3126,-847,12682,-1596,0,0
5314,1890,3880,287,16924,-2886,0,0
6140,-1012,4738,-191,25733,-387,0,0
7164,-3352,3528,-3579,21143,-1197,0,0
7354,-1802,2546,-3083,15532,-1071,0,0
5846,-796,1449,-2131,12281,1421,0,0
4582,390,585,-914,8592,2508,0,0
3467,-1011,1002,-1187,4521,1619,0,0
2789,-2191,687,-1868,2737,1424,0,0
2297,-1658,48,-1648,1692,1773,0,0
1180,-1176,-394,-277,138,273,0,0
395,-329,-229,229,-683,-1304,0,0
312,-581,-16,-368,-582,-2063,0,0
528,-578,134,-568,-429,-2018,0,0
542,268,237,-511,-359,-1368,0,0
55,408,148,-704,-207,-896,0,0
-655,710,95,-1067,-43,-215,0,0
-1383,1154,-122,-495,994,268,0,0
-2172,1522,-215,-66,2855,1663,0,0
-3428,1470,-294,-371,5240,1862,0,0
-4824,1861,-938,-505,9587,2437,0,0
-6580,1054,-1377,-779,15225,2430,0,0
-7894,-149,-1846,-926,20251,1434,0,0
-8424,-871,-1628,-1072,23988,1660,0,0
-8220,65,-977,-829,24639,-37,0,0
-6895,2334,-1015,588,17936,-2572,0,0
-4980,1979,-1598,1594,8563,-2981,0,0
-3850,693,-1408,-110,2405,-3041,0,0
-2999,2345,-1462,-131,1489,-2994,0,0
-2086,3536,-2129,3069,3259,-3611,0,0
-1530,1413,-1945,3906,2504,-5615,0,0
-851,-221,-1208,3428,263,-4978,0,0
-145,-983,-567,2452,-178,-3716,0,0
598,-738,-238,2427,8,-3372,0,0
1223,-207,159,3500,474,-2878,0,0
1580,-767,843,3226,1052,-2963,0,0
2222,-259,1449,2780,1751,-2393,0,0
2854,658,2244,2377,4092,-1809,0,0
3611,189,3168,1797,11457,-3261,0,0
5427,70,4316,1516,17214,-2862,0,0
6734,-1946,4995,-361,26151,787,0,0
8212,-4387,2669,-1201,24432,-402,0,0
8996,-3710,909,-420,20184,1127,0,0
6995,-1048,1338,-923,13806,2569,0,0
4997,526,1315,-521,9640,1569,0,0
4043,-291,607,-178,5837,1979,0,0
2973,-2108,170,-915,3284,2140,0,0
2277,-2022,23,-1615,1677,2119,0,0
1663,-1384,-213,-377,573,940,0,0
656,-2449,-292,-1054,-396,232,0,0
343,-209,105,-876,-583,-1466,0,0
430,694,299,-708,-537,-2177,0,0
141,162,162,-1057,-510,-1350,0,0
-504,470,-11,-831,-189,-757,0,0
-1201,968,-180,-653,429,140,0,0
-2004,1242,-278,114,1408,423,0,0
-2950,319,-101,-201,2745,1029,0,0
-3964,1411,53,-649,6025,2027,0,0
-5068,1418,-361,-277,10093,895,0,0
-6419,171,-614,-1823,14971,2158,0,0
-7350,1319,-835,-674,19732,1487,0,0
-7655,1922,-1309,-505,22045,796,0,0
-7384,2713,-1599,-212,21576,-261,0,0
-5967,4203,-2144,2347,15450,-2592,0,0
-3842,2572,-2229,2846,6652,-2980,0,0
-2754,986,-1631,-477,2165,-1833,0,0
-2125,1240,-1923,92,1549,-1572,0,0
-2328,264,-2911,888,2668,-1280,0,0
-2919,-679,-3126,2821,3062,-3137,0,0
-2962,-1614,-2181,3389,2147,-5953,0,0
-1533,-1291,-1053,2540,567,-5595,0,0
83,1062,-421,3673,711,-5562,0,0
1007,1902,334,6084,886,-5686,0,0
1649,73,1256,5798,1458,-4111,0,0
2468,-1277,2234,3086,3669,-2560,0,0
3592,-621,3119,2477,8879,-2619,0,0
5055,315,4306,728,16690,-2610,0,0
6924,282,5656,1210,29295,154,0,0
9062,-2707,6298,-786,31624,2478,0,0
9731,-4324,4289,-2252,27324,730,0,0
8721,-1598,2658,-2140,17070,2975,0,0
5801,-1234,1580,-1766,10457,2673,0,0
4008,-1130,498,-1413,6990,2740,0,0
2994,-1195,170,-872,3712,2432,0,0
2501,-1356,-112,-218,1751,1932,0,0
-2041,505,512,-1536,-10241,-1017,0,0
-118,-569,61,-230,-686,-1430,0,0
42,-609,243,-917,-642,-2421,0,0
249,296,405,-797,-674,-1904,0,0
-67,323,409,-812,-669,-1901,0,0
-589,316,298,-1395,-509,-1151,0,0
-1233,684,27,-645,733,-343,0,0
-2108,1296,-106,-160,2436,893,0,0
-3293,1553,-130,326,4627,1214,0,0
-4824,817,-306,-1484,8373,1954,0,0
-7946,-1284,-1331,-2439,19004,1715,0,0
-8714,-919,-486,-3044,23880,1704,0,0
-7826,1783,-388,-2171,23994,734,0,0
-6378,3406,-1325,302,17774,-542,0,0
-5327,2635,-1923,2434,11088,-1214,0,0
-4728,1520,-2061,864,5891,-2174,0,0
-4302,1376,-2251,459,3997,-2196,0,0
-4392,1327,-2905,2734,5886,-3843,0,0
-3765,-955,-2688,5167,3770,-8058,0,0
-2072,-1784,-950,1100,612,-6191,0,0
-185,2119,-329,2167,-71,-5792,0,0
910,2329,-178,4463,249,-6010,0,0
1518,-362,343,4274,942,-4728,0,0
2150,-1442,1052,2931,1930,-3324,0,0
2860,-888,1746,2623,3424,-3747,0,0
3847,-1369,2234,2068,9026,-4032,0,0
5871,-1257,2704,-475,15910,-3145,0,0
8178,-27,3620,-1358,25176,-340,0,0
9837,1043,3898,-3042,27308,593,0,0
9102,2827,4322,-1226,23740,790,0,0
6808,363,3708,-1505,17168,979,0,0
5048,-641,2744,-3599,11234,554,0,0
4214,-89,2292,-1912,7528,1467,0,0
3167,-2308,1536,-1478,5243,2042,0,0
2450,-3279,685,-1837,3634,1789,0,0
1991,-2081,333,-231,1159,1720,0,0
614,-2443,7,-643,-633,-129,0,0
-284,-1319,-130,-1124,-650,-1101,0,0
-478,-456,-200,-447,-377,-2149,0,0
-321,-431,-136,-1052,-414,-2826,0,0
-69,786,128,-606,-135,-2463,0,0
-272,861,141,-401,79,-2181,0,0
-711,1027,-36,-737,319,-1553,0,0
-1158,1027,-146,-519,748,-843,0,0
-1729,631,-254,-420,1330,-391,0,0
-2360,721,-283,-411,2704,1063,0,0
-3188,1193,-312,-287,5196,2053,0,0
-4530,1133,-719,-1077,9511,2777,0,0
-6062,40,-1444,-1335,15502,2396,0,0
-7391,-749,-1396,-1155,20020,2614,0,0
-7962,-301,-1210,-31,23767,1525,0,0
-7540,-529,-769,-979,22638,85,0,0
-6358,791,-509,568,16029,-1251,0,0
-5024,1225,-811,778,7956,-2095,0,0
-4265,1059,-1270,-101,1512,-2018,0,0
-4046,2415,-1463,-684,2613,-1361,0,0
-3292,4661,-1880,3149,5517,-4591,0,0
-2197,2388,-1714,5031,2699,-6444,0,0
-1535,-955,-1018,4100,648,-6222,0,0
-653,-1482,-248,2171,645,-5096,0,0
410,274,128,2037,305,-4019,0,0
1158,948,488,2588,859,-3370,0,0
1727,549,1046,1749,1063,-2681,0,0
2149,721,1520,1617,1528,-1697,0,0
2423,131,2091,1724,2614,-1557,0,0
3086,-466,2760,-705,7923,-2696,0,0
4584,1169,3014,2427,16270,-3238,0,0
6939,-2657,4628,3274,30647,354,0,0
10096,-3752,4809,-3400,31271,1639,0,0
9800,-507,4846,-1857,22696,940,0,0
7157,-943,2866,-1991,15372,2957,0,0
5029,-676,1388,-1519,8631,3171,0,0
3529,-2234,1218,-2013,5641,1556,0,0
2844,-2771,491,-1473,3315,1869,0,0
2324,-1435,-316,-1094,1738,1994,0,0
1841,-657,-173,-356,214,1653,0,0
1050,-1321,-69,-417,-591,880,0,0
491,-1050,-213,-296,-952,-168,0,0
204,41,-18,-619,-999,-28,0,0
-179,1003,213,34,-934,-655,0,0
-674,904,187,3,-756,-831,0,0
-1352,546,70,-231,52,-724,0,0
-1933,475,-26,-368,1097,-725,0,0
-2290,607,-54,-387,2333,523,0,0
-2938,500,-62,-842,4206,1410,0,0
-3961,902,-218,-3256,7610,2321,0,0
-5461,1328,-807,-1159,12266,2373,0,0
-6916,1471,-1544,-917,18240,2662,0,0
-7836,1461,-2006,-923,21939,2430,0,0
-7768,1336,-2204,-36,24004,1911,0,0
-7063,563,-2050,-8,21638,1329,0,0
-6001,1638,-2126,509,14734,594,0,0
-5065,1322,-2330,742,9115,-2126,0,0
-3931,404,-1899,1014,3900,-3738,0,0
-2404,1056,-907,-1230,577,-2820,0,0
-1503,3216,-1219,-496,1487,-2008,0,0
-1082,3174,-1969,4587,2475,-5056,0,0
-555,-561,-1736,4841,858,-7074,0,0
478,-1831,-964,2341,367,-3989,0,0
1448,-464,-566,3437,815,-2746,0,0
2101,186,24,4502,1055,-1951,0,0
2353,85,1224,3158,1175,-1952,0,0
2321,-64,2055,1789,1856,-2676,0,0
2677,15,2050,2844,3619,-3433,0,0
3565,-1577,2513,2712,7535,-2478,0,0
4692,-2961,3004,-1750,14748,-1892,0,0
6327,-313,2858,440,18260,-1258,0,0
7596,-1352,2756,26,24674,525,0,0
8152,-287,2433,-2536,19702,176,0,0
6884,84,2695,-1250,15158,232,0,0
5444,-531,1601,-2110,12098,1163,0,0
4231,-308,706,-1279,8135,1660,0,0
2792,-1195,680,-1805,4468,1241,0,0
1861,-1430,80,-1903,2668,701,0,0
1534,-1427,-371,-255,1212,-50,0,0
1055,-1615,-277,-228,309,-894,0,0
578,-658,-184,-384,-126,-1461,0,0
286,-274,-198,-389,-387,-2067,0,0
200,-28,-97,-189,-249,-1651,0,0
28,385,26,-244,-75,-913,0,0
-326,543,60,-399,520,163,0,0
-1086,879,34,-2424,1178,1111,0,0
-2080,1153,-12,-434,2215,668,0,0
-3055,1263,-172,-1784,4275,1169,0,0
-4222,1108,-598,-1252,8724,512,0,0
-5443,487,-1235,-1446,12314,1105,0,0
-6456,371,-1595,-1251,16078,1203,0,0
-7174,1,-1647,-1400,20628,1226,0,0
-7285,-209,-1501,-284,21937,1156,0,0
-6635,-2498,-1043,1432,16589,-487,0,0
-6290,-5134,173,277,10438,-452,0,0
-6092,-3075,942,-1807,7035,-319,0,0
-5107,1523,937,-2997,3914,-1165,0,0
-4067,5936,255,833,6758,-3728,0,0
-3145,4222,-477,3444,4420,-8004,0,0
-2386,556,-462,233,329,-5594,0,0
-1777,-66,-208,1074,1080,-8373,0,0
-136,176,-213,1479,1012,-7314,0,0
1383,726,80,2529,749,-5254,0,0
2339,383,591,2935,1735,-4610,0,0
3165,52,1239,2932,2345,-3625,0,0
3909,-1591,1996,2802,5381,-3527,0,0
5382,-3664,1851,-836,13454,-2280,0,0
7435,-1186,1116,-408,21563,48,0,0
8830,-1041,610,-451,30273,2019,0,0
10553,2287,1,-275,28196,2107,0,0
9321,1372,2089,-204,20091,2721,0,0
6282,-1582,1696,-1033,13968,2760,0,0
4813,-1881,692,-1201,7808,3559,0,0
3615,-2115,-198,-1844,4849,2428,0,0
3048,-1340,-412,-569,2282,2697,0,0
2246,-931,-173,-965,996,2037,0,0
1472,-1161,-194,542,348,51,0,0
724,-2006,-435,-829,-211,-606,0,0
612,-108,-268,-202,-424,-1584,0,0
505,501,29,-976,-706,-1642,0,0
306,828,34,-650,-519,-1453,0,0
-66,656,138,-853,-261,-714,0,0
-703,1028,97,-825,10,406,0,0
-1598,1449,-90,-568,791,870,0,0
-2406,1555,-226,-1064,1972,1226,0,0
-3126,1516,-347,-1050,4592,2320,0,0
-4730,1379,-761,-2139,8490,1984,0,0
-6502,208,-1531,-932,14594,1863,0,0
-8163,-474,-1730,-1973,21477,2229,0,0
-8796,-698,-1318,-834,25434,1390,0,0
-8565,-252,-854,-1091,24890,1026,0,0
-7435,1048,-827,-529,18352,-1306,0,0
-6011,1680,-1187,667,10856,-2367,0,0
-4714,954,-1541,1032,4326,-3170,0,0
-3954,814,-1258,-323,2493,-2627,0,0
-3300,2624,-1396,1477,4871,-3623,0,0
-2339,1965,-1419,4639,2035,-6250,0,0
-1728,-804,-706,3436,-251,-7307,0,0
-799,-1178,8,2911,484,-7674,0,0
806,-161,453,2990,1239,-6541,0,0
2022,181,924,3450,1793,-5585,0,0
2800,-15,1592,3631,4036,-5462,0,0
3792,-981,2178,2588,6034,-4434,0,0
5080,-1170,2618,1521,11871,-2364,0,0
6594,5,2996,-502,17670,-1539,0,0
8129,2196,4383,1628,21720,-1661,0,0
8685,-569,5261,1923,26157,-759,0,0
8313,-2814,3421,185,21745,2344,0,0
5735,-1231,2174,548,15854,2882,0,0
3981,-2098,1901,24,9246,2259,0,0
2800,-4742,1087,-1213,7057,2475,0,0
2119,-3416,65,-1761,2741,1536,0,0
1376,-665,79,-1257,1155,-223,0,0
444,-881,55,-219,567,-1382,0,0
-225,-949,-180,-1792,226,-1540,0,0
64,1241,62,-877,736,-1375,0,0
-309,429,92,-623,1393,509,0,0
-1409,731,-97,-130,2425,1458,0,0
-2545,1232,-141,-320,4004,1731,0,0
-3741,1421,-61,-373,6398,2976,0,0
-4998,757,-351,-1008,9981,2848,0,0
-6524,-369,-906,-2080,15967,4535,0,0
-8013,-28,-1072,-1406,21728,4541,0,0
-8304,476,-546,-1438,23040,1944,0,0
-7100,2387,-564,629,19891,-856,0,0
-5966,2170,-1677,2562,12615,-2203,0,0
-5996,738,-2251,-549,6742,-2188,0,0
-5614,4049,-2627,515,7133,-3178,0,0
-3742,3609,-3219,7365,5674,-7852,0,0
-2608,-1561,-2519,5638,2158,-8734,0,0
-1302,-367,-961,4094,636,-8096,0,0
270,1078,-22,5689,757,-7607,0,0
1647,80,669,4328,1410,-4905,0,0
2380,118,1350,3861,1680,-2847,0,0
2744,421,2355,3663,3322,-2297,0,0
3157,-443,3590,1688,6526,-2706,0,0
4135,-116,4121,-493,10594,-2935,0,0
4997,40,4265,1379,18417,-3276,0,0
7186,-2783,3849,-112,23636,-2623,0,0
9568,-2398,3850,1103,26119,257,0,0
9171,-2491,3469,712,22414,2844,0,0
6945,-2761,1878,-1006,17552,1731,0,0
5068,-1605,464,109,12153,3036,0,0
3340,-2683,223,-1881,7758,2676,0,0
2730,-1008,233,-1164,2847,576,0,0
1905,-3272,46,-1160,359,-298,0,0
719,-726,-227,-1397,71,-1982,0,0
247,14,17,-1156,-416,-1727,0,0
-65,744,88,-1175,-87,-808,0,0
-611,479,-131,-962,896,-66,0,0
-1642,309,-111,-98,2514,1185,0,0
-2911,959,76,228,4730,1655,0,0
-4249,897,43,-1427,7089,2474,0,0
-5542,1020,-309,-406,11827,2291,0,0
-6833,-79,-537,-1287,16936,2684,0,0
-8116,554,-538,-699,20511,1534,0,0
-7859,1138,-882,67,18259,-595,0,0
-7170,1066,-911,-402,13253,-946,0,0
-6210,2290,-1289,784,8676,-1245,0,0
-5481,2002,-1741,561,7987,-1138,0,0
-5290,1619,-2477,1284,9550,-2136,0,0
-4951,1173,-2939,4519,6669,-7413,0,0
-3145,795,-1902,5103,1130,-8123,0,0
-3320,2977,-502,5820,1095,-8351,0,0
1,2141,287,8681,996,-10155,0,0
1004,-2162,1169,4917,1656,-6213,0,0
2261,-1740,2045,2039,3054,-3567,0,0
3350,254,2816,3317,5756,-3222,0,0
4344,-1470,3877,1348,12222,-2829,0,0
5769,-517,3847,393,19101,-2165,0,0
7770,985,4580,1400,27828,-833,0,0
10011,-134,5833,530,29310,1656,0,0
8776,-3398,5531,857,24825,2225,0,0
6549,-5604,2764,-1108,15426,3237,0,0
4843,-3458,834,-648,10929,3204,0,0
3671,-2233,108,-657,7503,2846,0,0
2664,-1164,14,-1214,2804,2553,0,0
1947,-239,45,-281,42,145,0,0
1040,-1973,-135,-160,29,103,0,0
71,-1351,-183,-1630,136,-18,0,0
-199,1319,70,-532,317,-180,0,0
-951,657,62,-455,857,477,0,0
-1844,193,-59,-592,1634,941,0,0
-2734,590,32,-114,2829,1440,0,0
-3720,1240,141,-223,5427,2476,0,0
-4814,1543,14,-597,9183,2749,0,0
-5911,1227,-626,-750,12611,2046,0,0
-6953,223,-1113,-832,16470,2540,0,0
-7723,154,-936,-1368,20279,2404,0,0
-7448,1366,-1088,-1313,21346,1109,0,0
-6342,2200,-1556,603,18052,2468,0,0
-5860,2132,-1619,990,12995,-80,0,0
-5170,2060,-1774,956,7295,-3632,0,0
-3709,2010,-1736,1851,2239,-2938,0,0
-2619,1610,-1439,1041,2050,-3437,0,0
-1757,3203,-1641,3584,2292,-5719,0,0
-934,1809,-1351,6798,420,-7095,0,0
-283,-2340,-350,3895,-294,-5963,0,0
959,-1296,253,2556,545,-4044,0,0
1889,244,745,3592,1194,-3466,0,0
2336,77,1524,3182,2236,-3481,0,0
2828,272,2170,3298,4073,-3309,0,0
3484,-101,3011,3032,7779,-2856,0,0
4570,-718,3965,267,14014,-2718,0,0
6198,355,4774,236,17412,-1307,0,0
6762,-1575,5117,2021,22468,703,0,0
7151,-4924,3759,483,20755,520,0,0
6994,-3991,2099,-1442,16767,661,0,0
5730,-994,1325,-1448,11783,854,0,0
4635,566,754,14,8715,1388,0,0
3490,-745,577,-715,5964,1804,0,0
2344,-1698,518,-1410,3020,1189,0,0
1426,-1486,37,-1012,1533,-525,0,0
755,-1172,-511,-2872,351,-1427,0,0
463,-450,-278,-551,-122,-1668,0,0
297,2,9,-345,-364,-1216,0,0
-43,111,41,-437,112,-212,0,0
-837,503,-122,-337,877,669,0,0
-1780,1025,-107,-63,2094,1552,0,0
-2849,1147,20,-443,4183,2261,0,0
-4073,1014,-110,-854,6952,2263,0,0
-5476,971,-719,-1583,11140,2641,0,0
-6660,1715,-1560,-598,15495,954,0,0
-7381,837,-2484,-899,17239,96,0,0
-7042,922,-2401,-1732,18691,911,0,0
-6020,1552,-1728,-1164,20770,2339,0,0
-5553,2143,-2197,1239,15599,955,0,0
-5306,654,-2547,1498,8845,-1497,0,0
-4839,-467,-1740,-311,4854,-2661,0,0
-3567,1886,-1523,335,2602,-2975,0,0
-2400,2488,-1914,657,2512,-3307,0,0
-1561,2496,-2285,3456,2377,-4311,0,0
-1048,1056,-1923,5338,852,-5926,0,0
-451,-1413,-869,4534,-62,-5372,0,0
583,-1386,-229,3811,659,-4025,0,0
1535,346,298,5489,1661,-3624,0,0
1846,716,1658,4021,2315,-3139,0,0
2032,603,2750,3589,3254,-4448,0,0
3061,-1059,3403,3774,8488,-4694,0,0
5369,-4229,3779,-278,17064,-1717,0,0
7607,-2015,3829,-425,27341,614,0,0
9703,381,4218,514,31613,1940,0,0
9815,610,5569,424,23606,1303,0,0
7218,-3016,3842,-697,18137,2343,0,0
5303,-2509,1246,-219,12241,3480,0,0
3928,-3058,927,-1601,7255,2815,0,0
3374,-2418,549,-1296,4362,2368,0,0
2427,-3149,-365,-2582,2072,3546,0,0
1570,-2023,-766,-25,763,1415,0,0
1066,-2192,-402,-109,-678,-1319,0,0
775,-1333,47,-899,-633,-1417,0,0
520,37,174,-776,-704,-1512,0,0
173,491,202,-1238,-331,-1037,0,0
-446,1623,179,-1097,275,475,0,0
-1455,2479,185,-372,1271,616,0,0
-2628,1809,115,-609,2856,1720,0,0
-3903,2476,-212,-189,5439,1082,0,0
-4732,3107,-751,-856,8013,514,0,0
-5193,3367,-1551,-610,10825,1228,0,0
-5853,1835,-2064,-1712,15500,1737,0,0
-6884,1976,-3460,-1429,21636,1142,0,0
-7497,716,-4428,-1857,24497,1456,0,0
-6948,1685,-4330,1061,21493,1202,0,0
-5896,1269,-4230,3950,16592,-1411,0,0
-5352,-1294,-3268,2156,7854,-4441,0,0
-3799,254,-1677,299,2065,-3700,0,0
-2298,3799,-1531,299,2330,-3585,0,0
-1344,3642,-2463,6023,2536,-5383,0,0
-993,-1154,-1967,6028,709,-6656,0,0
-169,-2487,-819,2713,215,-3697,0,0
850,-254,-255,3624,-154,-2402,0,0
1174,219,775,3536,260,-2655,0,0
1318,523,1399,3392,1142,-3245,0,0
1813,52,1743,5193,2463,-2719,0,0
2422,-2103,2932,3995,7065,-2206,0,0
3801,-2109,3843,-639,12140,-3257,0,0
5847,-285,4274,95,18655,-2161,0,0
7537,-2098,4442,1542,28536,-1236,0,0
9661,-3441,3983,-367,27692,2034,0,0
8848,-2202,3360,-143,20484,2841,0,0
6794,-1832,1666,-680,15204,2024,0,0
3221,-3387,-224,-1295,3656,2728,0,0
2613,-975,-286,-723,1053,2590,0,0
1158,-1089,-257,-1682,-663,1450,0,0
148,-1000,-375,-1243,-950,-890,0,0
-189,400,-184,-1170,-924,-867,0,0
-315,1132,-153,-103,-412,-1854,0,0
-561,616,17,-1000,-457,-1705,0,0
-951,1176,99,-273,413,-1370,0,0
-1340,1667,85,-425,1261,-364,0,0
-1821,1945,142,128,2573,752,0,0
-3071,900,103,-181,4814,2529,0,0
-4706,1137,-257,-794,8290,1995,0,0
-6226,1310,-913,-1413,13287,2177,0,0
-7365,2910,-1573,-1805,17910,1840,0,0
-7163,6209,-2746,-668,21249,540,0,0
-5612,6744,-4027,1548,22430,48,0,0
-4275,1658,-4485,2665,18667,790,0,0
-4530,-921,-4553,1882,13313,-657,0,0
-4529,306,-4769,2455,7409,-1847,0,0
-3952,-1607,-3799,2066,2939,-4529,0,0
-3016,-1079,-2465,-434,2990,-3291,0,0
-2069,1892,-2929,4346,4099,-4454,0,0
-1053,1105,-2291,6656,1020,-6697,0,0
-401,-1366,-1100,7493,238,-6811,0,0
373,-2593,83,5144,1017,-5075,0,0
1438,-916,960,3944,1655,-3966,0,0
2162,687,1935,3133,2662,-3226,0,0
2728,1462,2917,2598,3934,-2801,0,0
3448,1608,3866,2015,7817,-2473,0,0
4186,1131,5017,1627,14872,-2259,0,0
5171,-3323,5376,805,25690,-356,0,0
7980,-5422,3658,-1352,29428,-1481,0,0
10417,-2515,3395,-653,26468,3345,0,0
8486,-560,3745,-396,18964,2220,0,0
6152,-655,2141,-583,12155,1861,0,0
4261,-815,1152,-308,8231,2627,0,0
2846,-3646,942,-800,4522,2646,0,0
2373,-2604,164,-1938,1321,2543,0,0
2133,-90,153,271,-71,-32,0,0
1270,-1917,246,-929,-596,391,0,0
481,-930,-15,-1496,-965,141,0,0
112,698,-171,-1002,-868,-113,0,0
-148,508,-25,-492,-455,-582,0,0
-519,321,110,-905,127,910,0,0
-1329,1269,-77,-340,960,1026,0,0
-2253,1530,-229,-651,2502,1828,0,0
-4725,1219,-786,-952,8582,2843,0,0
-6319,1159,-1520,-888,13844,1561,0,0
-7609,161,-2157,-933,19087,2214,0,0
-8536,400,-2290,-1145,23382,2256,0,0
-8499,1684,-2183,-351,25899,1268,0,0
-7398,1929,-2246,1370,21348,20,0,0
-6059,888,-2235,1752,14122,-1560,0,0
-5327,344,-2215,913,8133,-3190,0,0
-3799,1113,-1675,1127,1225,-4480,0,0
-2328,2034,-1021,262,749,-2346,0,0
-1935,3530,-1633,3181,2691,-2508,0,0
-1506,2761,-1421,5268,1915,-5844,0,0
-648,-834,-613,5500,194,-6963,0,0
134,-4152,195,3700,938,-4838,0,0
1127,-3825,633,2530,1643,-4308,0,0
2124,-2618,790,1433,2212,-4366,0,0
3124,-1629,814,1088,3147,-4363,0,0
4192,-135,987,90,5778,-2631,0,0
5264,2290,1703,-323,11713,-930,0,0
6289,4436,3088,1287,16766,-592,0,0
7213,4579,5953,4879,29213,-1237,0,0
8558,-1043,7076,690,30815,2870,0,0
7187,-2834,6405,-1162,18355,1624,0,0
4641,-4630,4376,-1126,13675,1359,0,0
3997,-4310,1348,-1278,9103,2734,0,0
3414,-2790,462,-2298,5908,2092,0,0
2886,-2208,-279,-4195,2712,3428,0,0
2447,-667,-149,-145,1083,662,0,0
1735,-2825,-163,869,-392,-102,0,0
1006,-2737,-122,-530,-818,-1173,0,0
708,-288,-58,-403,-845,-557,0,0
182,879,-13,72,-822,-814,0,0
-268,680,131,-399,-325,-37,0,0
-982,1152,226,-681,237,596,0,0
-1785,1536,113,-172,1195,780,0,0
-2838,1979,-5,-313,3497,2029,0,0
-4341,1132,-331,-955,6843,1194,0,0
-5695,322,-965,-2288,9978,734,0,0
-6525,440,-1407,-1324,13748,1918,0,0
-7624,-213,-1229,-1322,18439,3369,0,0
-8785,-417,-949,1278,23891,2997,0,0
-8814,122,-526,692,23511,1848,0,0
-8037,2364,-727,1742,20461,1336,0,0
-6961,2126,-1137,1362,15013,-2568,0,0
-5122,1291,-1304,1461,5836,-6736,0,0
-2480,1938,-309,-1237,-178,-3309,0,0
-1611,4523,-808,-314,637,-2159,0,0
-1226,4450,-1772,4807,1627,-3847,0,0
-824,325,-1426,7201,1489,-6912,0,0
-81,-4090,-71,3848,97,-5396,0,0
761,-3613,542,403,697,-2735,0,0
1825,-418,680,601,1596,-2142,0,0
2503,1670,1236,584,2048,-2117,0,0
2715,2679,1670,2238,1884,-3205,0,0
2956,-269,2110,3529,5326,-3042,0,0
3908,-3275,2375,400,11080,-2361,0,0
5593,-1360,2291,-997,18711,-966,0,0
7907,683,3502,1331,27565,636,0,0
10224,-287,5133,866,25485,1564,0,0
8827,-1934,4379,-343,19523,1283,0,0
6363,-1546,2610,-406,13561,1179,0,0
4573,-1325,1385,-1363,8780,2152,0,0
3300,-790,1218,-951,5707,1228,0,0
2674,-1689,1139,-1110,2525,1548,0,0
1961,-1867,362,-3342,983,1559,0,0
1117,-1663,-268,-1047,144,-545,0,0
586,-1832,-196,46,-762,-1187,0,0
135,-718,-131,-73,-1062,-411,0,0
-136,-298,-105,94,-655,-1374,0,0
-168,-174,255,-283,-415,-334,0,0
-611,55,511,-313,179,445,0,0
-1311,565,431,-575,1328,724,0,0
-2068,1247,329,-719,2467,1705,0,0
-3215,1624,115,-871,4434,1569,0,0
-4437,1665,-451,-1427,6714,1275,0,0
-5535,1895,-1196,-1475,10398,1542,0,0
-6341,2257,-1838,-49,14896,1559,0,0
-6964,1827,-2170,-190,18370,2625,0,0
-7594,960,-2624,1298,21464,3185,0,0
-7692,-557,-2364,390,22055,4108,0,0
-7807,-454,-1752,-612,19680,3173,0,0
-7124,1314,-1548,867,15624,256,0,0
-5700,1559,-1743,734,7986,-5048,0,0
-3305,703,-932,857,1618,-5628,0,0
-1572,1895,-384,-1714,1124,-3419,0,0
-420,4054,-1106,2206,221,-3446,0,0
-102,2977,-1099,4786,756,-5004,0,0
360,138,-354,4869,642,-5287,0,0
910,-2391,301,2629,223,-2825,0,0
1621,-2591,599,1258,723,-2246,0,0
2329,-1204,686,1669,1514,-2284,0,0
2825,96,1184,2004,2539,-2286,0,0
3253,1148,1939,2064,3549,-1794,0,0
3687,1779,2890,2353,7025,-1743,0,0
4289,1120,3792,1719,12412,-2113,0,0
5101,-1621,4461,862,19817,-2920,0,0
6567,-3838,3864,156,28041,-514,0,0
9092,-3255,3449,631,26037,857,0,0
8361,-2073,3079,-1503,15038,3977,0,0
5561,-422,1749,-1301,10238,-237,0,0
4383,-199,443,-103,6937,2055,0,0
3040,-1675,809,-1448,3972,2778,0,0
2647,-1168,878,-773,1842,562,0,0
2684,-1388,664,420,1472,-1126,0,0
2061,-1776,386,-831,107,1409,0,0
643,-1396,-215,-1735,-1112,726,0,0
-35,794,-281,-371,-829,-461,0,0
-87,948,-112,379,-547,-1068,0,0
-252,-84,117,-598,-582,-398,0,0
-669,437,223,-687,-194,-530,0,0
-1166,530,90,-459,696,207,0,0
-1897,1205,-157,-196,2025,1352,0,0
-2712,1570,-221,86,3482,1066,0,0
-3640,2113,-420,-1103,6317,1394,0,0
-4746,2628,-1479,623,10727,505,0,0
-5914,1151,-2360,-1077,13683,1106,0,0
-6855,1950,-3145,-241,18427,1202,0,0
-7237,1922,-4014,-22,21846,1604,0,0
-7070,2789,-4432,720,23151,1561,0,0
-6057,2795,-4376,2125,19170,477,0,0
-4710,1950,-4041,2675,13917,-756,0,0
-3681,934,-3481,3235,6621,-2930,0,0
-2688,-1068,-1733,1550,1389,-4178,0,0
-1513,-82,-640,-750,-324,-2738,0,0
-709,2672,-1323,1625,-552,-2293,0,0
-214,2793,-1809,5698,658,-2566,0,0
-13,-747,-910,7007,668,-4300,0,0
391,-2514,594,4816,607,-3692,0,0
1036,-1287,1757,3401,1151,-2065,0,0
1714,454,2483,3885,2080,-2517,0,0
2189,349,3344,4247,3383,-3049,0,0
2707,-181,4307,2062,5916,-3681,0,0
3503,1499,4528,1363,10603,-4294,0,0
4272,940,5325,4927,16358,-2992,0,0
5175,-5211,5428,2190,22998,-182,0,0
6961,-6352,3273,2570,22948,-59,0,0
7381,-2874,3011,730,18110,3280,0,0
5264,-516,3486,945,13126,644,0,0
4017,-3270,2171,422,8264,1395,0,0
2625,-4510,548,-1814,4100,1409,0,0
1714,-2076,162,-1214,2867,-185,0,0
1504,53,320,-1090,733,-1226,0,0
1127,270,223,-948,-288,-2034,0,0
864,-25,340,-644,86,-1313,0,0
404,-116,374,-1289,300,-219,0,0
-355,408,-4,-665,516,334,0,0
-1219,603,-224,-706,873,1800,0,0
-2295,1125,-531,138,2316,2548,0,0
-3439,1400,-666,-208,5084,3204,0,0
-4257,2810,-694,-329,8009,2601,0,0
-5295,2699,-1688,-1055,11952,2006,0,0
-6386,2330,-3061,-517,16023,1013,0,0
-6874,2921,-3741,-559,20591,682,0,0
-6247,3252,-4020,1300,22208,340,0,0
-5319,-436,-3757,1716,18213,1055,0,0
-4584,-178,-3258,2375,13276,1867,0,0
-5343,1579,-3529,981,9254,-833,0,0
-5221,3043,-3980,2354,5292,-5179,0,0
-2622,1238,-2892,4353,-27,-4072,0,0
-2057,-1150,-1988,2347,2398,-2601,0,0
-1570,-265,-2003,5174,2481,-6263,0,0
-522,-256,-734,5503,584,-7103,0,0
190,-1004,547,3365,634,-4204,0,0
1229,603,1089,3758,977,-3608,0,0
1861,1099,1663,4385,1778,-3977,0,0
2205,-203,2395,3721,3167,-3821,0,0
2982,-605,3234,2380,7213,-3585,0,0
4482,-1438,3956,2053,14913,-2471,0,0
6380,-1760,4606,921,22223,-1316,0,0
8704,-2433,5582,2114,31618,-49,0,0
10421,-3695,4791,1052,29399,3479,0,0
8468,-2688,3228,-610,19157,2485,0,0
5877,-1066,2073,269,13819,2052,0,0
4416,-1066,1410,-197,8967,2338,0,0
3370,-2133,1124,-710,5406,1868,0,0
2715,-1186,989,-2659,2097,1462,0,0
1682,-1245,90,-2939,691,740,0,0
999,-2112,-82,-353,-365,-1079,0,0
602,-1146,-29,-268,-1013,-84,0,0
82,179,-123,-231,-1087,397,0,0
-727,-410,-351,-558,-724,382,0,0
-1162,63,-246,464,395,943,0,0
-1534,1061,140,19,1445,2075,0,0
-2310,1666,289,-429,2799,2116,0,0
-3573,2312,-57,-1178,6179,3228,0,0
-5198,2059,-1167,-896,9971,1251,0,0
-6466,880,-2089,-1966,14714,2058,0,0
-7782,1121,-2358,-1388,20019,2814,0,0
-8359,2728,-2810,354,24207,2136,0,0
-7709,1872,-3266,225,24080,2364,0,0
-6826,1769,-2932,289,19875,2533,0,0
-5938,2844,-3149,640,14456,-451,0,0
-4832,2698,-3616,2558,8856,-3622,0,0
-3106,-123,-2778,3842,1939,-5913,0,0
-1935,-1335,-1036,-465,-40,-3210,0,0
-950,2581,-1455,2878,627,-3964,0,0
-84,2835,-1600,7022,1742,-5234,0,0
244,-1018,-417,6117,333,-5446,0,0
711,-2944,868,2588,466,-3558,0,0
1752,-3016,1259,1875,1564,-2271,0,0
2563,738,1554,2320,1986,-1929,0,0
2773,1300,2275,2668,2813,-2151,0,0
2848,173,3161,3198,4416,-2278,0,0
3367,-2161,3847,2786,9995,-1838,0,0
4523,-3098,3792,770,14292,-590,0,0
5760,-2424,3472,-63,19965,-140,0,0
7246,-1423,3110,962,22311,-522,0,0
8119,-1496,3218,922,20267,693,0,0
6820,-939,2768,-93,15047,1460,0,0
5040,-540,2192,93,10582,316,0,0
3852,-1195,1621,-577,6946,1636,0,0
2621,-1841,1099,-1191,4378,455,0,0
2113,-2375,167,-2253,2032,595,0,0
1462,-921,112,-1491,488,514,0,0
1027,1935,171,1220,-257,-1463,0,0
664,-661,-6,-109,-516,-2109,0,0
311,-996,218,-416,-95,-1078,0,0
5,-280,232,657,70,-35,0,0
-682,-511,27,-324,303,228,0,0
-1288,-79,22,-473,823,820,0,0
-2053,608,-33,-587,1979,1516,0,0
-2960,1572,-206,-602,4343,1597,0,0
-4086,1796,-730,-1778,6492,1639,0,0
-5088,1785,-1563,-1946,9886,1954,0,0
-5850,3126,-2405,-1779,14526,2396,0,0
-6272,3057,-3592,-529,18393,2215,0,0
-6600,589,-4317,-1268,21373,2664,0,0
-6653,734,-4050,-504,21816,3085,0,0
-5909,1619,-3682,872,18750,2269,0,0
-5155,1889,-3476,1581,13483,-310,0,0
-4531,1209,-3567,1697,6611,-3632,0,0
-3339,207,-3252,4385,1997,-4770,0,0
-1956,-2170,-1242,1072,-8,-3502,0,0
-1347,395,-865,814,830,-2758,0,0
-660,2021,-1198,5341,948,-4402,0,0
-203,-518,-292,4959,574,-5394,0,0
405,-1611,648,2653,587,-4040,0,0
1323,-159,1101,2605,1089,-3372,0,0
2009,481,1604,3333,2229,-4577,0,0
2764,-9,2192,3862,4105,-5372,0,0
3927,-865,3196,4196,9225,-3414,0,0
5498,-976,4236,239,16353,-2472,0,0
6909,1451,5821,1857,25600,-1586,0,0
8341,-1263,6472,2437,32767,724,0,0
9665,-3015,5268,337,27306,1924,0,0
7350,-2603,3968,-750,16651,2589,0,0
4841,-2013,2630,-1056,10313,1868,0,0
3851,-1079,1554,-1304,6744,1603,0,0
3527,-2024,1160,-113,5037,1356,0,0
2818,-5982,233,-3333,2846,3632,0,0
1978,-2500,-599,-1180,-240,2551,0,0
1224,-362,-16,1116,-862,985,0,0
558,-659,528,-984,-726,254,0,0
354,1111,438,-526,-886,293,0,0
-438,924,139,-447,-686,-60,0,0
-1286,898,77,-732,161,986,0,0
-2156,1156,-103,167,1507,1213,0,0
-3079,1243,-62,21,3181,786,0,0
-4017,1968,-399,-510,5445,1207,0,0
-5089,2626,-1058,-349,9937,1843,0,0
-6222,4148,-2037,-1108,14730,947,0,0
-6654,3935,-3372,846,18687,679,0,0
-6940,899,-4354,1205,21235,1390,0,0
-7173,-621,-3868,1321,23023,1588,0,0
-6689,-278,-2853,1788,20236,1220,0,0
-5894,1912,-2456,1292,14444,673,0,0
-5379,3668,-3319,892,9061,-2671,0,0
-3790,3049,-4229,6838,3862,-6287,0,0
-1706,-3349,-1406,1358,-222,-3830,0,0
-1134,-901,-229,-2279,742,-1824,0,0
-318,4524,-1134,3290,421,-2802,0,0
-64,2841,-1008,6642,667,-4715,0,0
169,-2587,-4,4690,281,-4427,0,0
833,-3313,731,2220,1076,-3139,0,0
1729,-943,1168,2546,1642,-3749,0,0
2483,-96,1665,2926,3228,-6544,0,0
3498,-364,2082,4316,5391,-5031,0,0
4752,78,3270,1530,11313,-4362,0,0
6161,1335,4736,2021,16721,-558,0,0
6868,-2705,5097,1887,24109,-562,0,0
9004,-4332,3791,759,28546,-300,0,0
8573,-2373,2638,480,21203,4308,0,0
6022,-1326,2138,819,14455,762,0,0
4629,-3481,1358,-1207,8962,2281,0,0
3484,-2885,365,-816,6379,1651,0,0
2783,-1230,249,-1510,3170,875,0,0
1718,1130,193,-3475,183,499,0,0
784,2841,-457,-561,-274,-1297,0,0
64,-690,-655,-363,-288,-2373,0,0
286,-855,-223,43,-419,-2067,0,0
481,-586,400,-236,-96,-1082,0,0
3,-635,391,-1177,35,-108,0,0
-632,734,33,-670,662,783,0,0
-1579,743,-296,-167,2258,1877,0,0
-2980,1021,-502,-928,4979,3482,0,0
-4388,1288,-662,-172,8052,1568,0,0
-5429,681,-861,-408,12252,1780,0,0
-6726,1609,-1127,15,17338,2414,0,0
-7790,3699,-1993,1257,22075,1494,0,0
-7627,5310,-3509,2506,23499,-487,0,0
-6156,5238,-4775,2832,18031,-1547,0,0
-4878,2294,-4973,2730,11878,-1677,0,0
-3828,132,-4160,1775,5969,-2541,0,0
-3068,1057,-3513,997,3292,-2734,0,0
-2105,2197,-3807,4454,4201,-3548,0,0
-1171,383,-3470,7251,3115,-4080,0,0
-975,-1006,-1956,6687,1296,-4496,0,0
-513,-3184,-515,8061,255,-5427,0,0
178,-2082,793,6199,614,-4637,0,0
1038,-1657,2031,3673,2135,-4098,0,0
2446,-380,2623,3103,4190,-3868,0,0
3851,570,3686,2308,8943,-2937,0,0
4688,2016,5584,1638,18074,-1185,0,0
5126,1012,7102,3166,29925,-1584,0,0
8149,-2927,8495,1613,32767,1686,0,0
8482,-5476,7913,-394,23382,4583,0,0
5785,-6148,3509,-510,17838,1692,0,0
4769,-3215,294,167,11894,3487,0,0
4097,-1141,874,-48,7806,2699,0,0
4257,-2055,1508,334,4888,2257,0,0
3702,-3063,1246,-2585,2498,3211,0,0
1924,-1551,-243,-2600,-223,2948,0,0
391,-205,-305,-465,-864,470,0,0
71,-794,-96,1252,-700,-1249,0,0
-118,-1401,139,-590,-544,-1444,0,0
21,412,343,-691,-629,-1725,0,0
-80,533,469,-821,-729,-1563,0,0
-539,520,256,-3544,-276,-762,0,0
-1175,918,-72,-696,859,-403,0,0
-2120,1141,-254,-1234,1620,641,0,0
-3175,1216,-505,90,4111,841,0,0
-4627,722,-567,-2536,7155,394,0,0
-5630,2687,-1243,-803,11853,441,0,0
-6641,74,-1745,195,17282,813,0,0
-7923,-1939,-1098,-917,21144,1167,0,0
-7746,7,-442,1231,21448,890,0,0
-7102,1341,-171,-104,16564,636,0,0
-6615,4873,-973,922,11084,-1533,0,0
-5134,5639,-2604,2954,6977,-2129,0,0
-4374,2335,-3062,1545,6613,-1837,0,0
-3844,2265,-3101,2488,7494,-2570,0,0
-2998,2139,-3640,6009,5047,-5128,0,0
-2068,-214,-2853,8218,-194,-6187,0,0
-1290,-971,-359,6801,1288,-5976,0,0
-87,285,1109,6172,1263,-7570,0,0
1170,-355,1904,5002,2169,-5638,0,0
2400,-2114,2616,3029,4148,-4088,0,0
4041,-1337,3389,246,7999,-3060,0,0
5401,1949,4734,655,17068,-1870,0,0
6255,1302,6709,5411,29512,-1909,0,0
9449,-5339,7338,-681,32767,4901,0,0
10167,-2895,6486,-1313,23030,2800,0,0
6902,-2008,4485,1108,18343,-682,0,0
5199,-1698,1904,-45,13066,1446,0,0
4215,-2042,1341,331,9145,2275,0,0
3617,-3359,1590,-853,4953,2712,0,0
3069,-2122,1101,-1456,1957,1164,0,0
2729,-748,721,185,310,874,0,0
1138,-2528,456,-1387,-757,1525,0,0
-70,-1858,49,-1373,-778,354,0,0
-266,129,-67,-664,-1083,-8,0,0
-734,-332,-28,-782,-912,172,0,0
-1122,333,41,-786,-393,742,0,0
-1282,1256,259,478,301,601,0,0
-1845,710,461,-398,1711,1787,0,0
-2707,1228,416,-145,3839,2141,0,0
-3659,2504,168,-430,6475,2483,0,0
-5008,3422,-873,46,10085,1154,0,0
-6353,1825,-2032,-671,14507,1391,0,0
-7571,2017,-2871,-1248,20404,2749,0,0
-8284,1309,-3676,-63,23420,2461,0,0
-8406,-31,-3519,-648,25644,3131,0,0
-7333,649,-2499,516,22420,2636,0,0
-6160,1585,-2119,1747,16442,401,0,0
-5436,2886,-2441,855,8920,-1920,0,0
-4573,3630,-3087,4348,3600,-5783,0,0
-2271,-1352,-1501,3154,-184,-4901,0,0
-1541,-777,-560,-819,1143,-2526,0,0
-658,3118,-1210,3705,1134,-4432,0,0
-145,1763,-735,6197,1015,-6670,0,0
497,-2438,230,4025,223,-4843,0,0
1360,-3114,775,1400,779,-2408,0,0
2265,-559,953,1406,1367,-2307,0,0
2869,1111,1368,2077,2310,-2521,0,0
3114,1316,2119,2784,3566,-2021,0,0
3311,95,3155,2299,8083,-1655,0,0
4155,-818,3788,236,12719,-1617,0,0
5619,-1107,3865,1213,19523,-2084,0,0
7790,-3578,3907,912,26972,141,0,0
9419,-3877,3027,-19,24212,2943,0,0
8086,-1470,2368,753,17733,1203,0,0
5999,245,2060,-1136,12457,1353,0,0
4719,-178,1565,777,8739,1238,0,0
3856,-1970,1220,-1991,6327,1475,0,0
3385,759,361,-3455,2984,684,0,0
2420,-2017,542,431,1664,-116,0,0
1835,-3315,517,1476,252,410,0,0
1110,-1535,293,-209,-955,-194,0,0
630,104,190,-830,-1137,-794,0,0
109,104,195,-1431,-823,-772,0,0
-129,187,129,-500,-482,-819,0,0
-491,187,193,-374,-102,-817,0,0
-1111,430,166,-1534,174,-202,0,0
-1793,1218,-157,-556,1632,212,0,0
-2669,1452,-431,-37,3170,1614,0,0
-4030,1941,-924,-182,5880,1795,0,0
-5269,2825,-1391,-1011,8878,915,0,0
-5951,3589,-2162,-657,13016,688,0,0
-6301,1769,-3365,67,16953,1301,0,0
-6874,-385,-3786,-186,19994,1330,0,0
-7199,-1123,-3065,269,22617,3326,0,0
-6853,512,-1867,866,20178,2882,0,0
-6329,2888,-1924,1926,16715,1057,0,0
-5762,3974,-3050,1503,10780,-2361,0,0
-4762,3363,-4159,2239,5066,-4483,0,0
-3013,661,-3537,5169,1680,-5545,0,0
-2175,-1754,-1456,20,1473,-3013,0,0
-1276,2546,-1713,5771,2142,-6098,0,0
-216,-8,-1246,8147,527,-7698,0,0
497,-3343,282,3739,761,-4538,0,0
1571,-832,1099,2704,1360,-3993,0,0
2523,1165,1641,3872,2333,-5036,0,0
3214,527,2580,4927,4674,-4013,0,0
4012,-1701,3576,3182,9746,-2047,0,0
5331,-1789,4215,-153,16142,-1011,0,0
6839,861,4757,155,21727,-706,0,0
8011,950,5921,2734,26483,-584,0,0
8340,-2189,5740,419,25999,2066,0,0
6858,-3244,3889,826,18724,1603,0,0
5117,-3416,2318,-719,13493,2550,0,0
4270,-2645,1558,-624,8863,2201,0,0
3792,-2088,1285,-1016,5694,1202,0,0
3628,-7,1451,-1457,2892,285,0,0
2793,-2995,1203,-671,1603,1049,0,0
1485,-3072,190,-2002,-855,661,0,0
604,683,114,869,-1419,-939,0,0
-488,-1361,124,-882,-851,-460,0,0
-940,-894,-223,-971,-117,-1113,0,0
-1054,927,-171,-785,578,-495,0,0
-1803,970,-175,-514,1787,281,0,0
-2835,679,-270,-1073,2885,688,0,0
-3659,1108,-2560,-1707,4166,80,0,0
-4240,2075,-711,-1027,6549,2177,0,0
-5387,2220,-1059,-580,10773,1956,0,0
-6185,1330,-1598,-578,14383,991,0,0
-6629,2732,-2262,-2031,17180,3547,0,0
-7099,2795,-3098,1107,20990,3429,0,0
-6931,-482,-2608,-421,21000,2465,0,0
-6589,952,-1957,1161,17616,1453,0,0
-6164,1972,-2665,1574,13208,-1872,0,0
-5310,1648,-3552,1440,6741,-3538,0,0
-3783,2299,-3014,3612,2029,-4929,0,0
-2343,1020,-1542,1015,1186,-4547,0,0
-1307,2664,-1762,6504,2545,-5364,0,0
-495,-321,-1097,7443,951,-7453,0,0
91,-2368,362,2880,277,-5310,0,0
1231,260,1018,3189,1345,-3903,0,0
2253,867,1604,4289,2029,-4091,0,0
2701,-133,2296,4120,3551,-3600,0,0
3417,-1818,3319,3997,7432,-2871,0,0
4820,-2807,4375,887,12689,-1724,0,0
6129,184,4551,1338,17361,-607,0,0
6741,-1051,4496,2073,23534,-1012,0,0
8211,-3314,3527,1794,26887,-84,0,0
8353,-2018,3002,172,20333,3640,0,0
6141,-1245,3215,374,15681,635,0,0
5091,-3179,2357,-31,10880,2141,0,0
3823,-3712,584,-1922,7829,2408,0,0
3333,-39,321,-274,3372,773,0,0
2413,-1740,816,-2384,858,1449,0,0
760,-742,-159,-2839,-137,166,0,0
78,423,-262,508,44,-2244,0,0
-229,-484,-323,-594,-500,-2090,0,0
-114,500,-73,195,194,-1423,0,0
-424,-119,136,-320,760,-416,0,0
-976,888,228,-761,1161,1100,0,0
-1960,1185,-25,274,2441,1076,0,0
-3238,565,-284,-1000,4107,2263,0,0
-4416,1279,-720,-877,6950,2037,0,0
-6845,1854,-2308,-441,16759,2337,0,0
-7287,1754,-2912,-465,20918,3055,0,0
-7001,623,-3101,-2264,21224,3983,0,0
-6805,1021,-2540,1154,18371,2147,0,0
-6258,1832,-2645,1115,14760,70,0,0
-5364,3017,-3139,547,8028,-3129,0,0
-3783,3422,-3210,5566,3241,-6864,0,0
-1898,-1111,-1257,2015,724,-4457,0,0
-970,1113,-705,1274,446,-3769,0,0
-110,2108,-1140,5593,358,-5861,0,0
442,-1439,-245,5037,380,-5070,0,0
1090,-3062,524,2570,544,-2777,0,0
2018,-1190,857,2678,1277,-2848,0,0
2518,381,1552,3158,2510,-3532,0,0
2921,556,2214,3776,4321,-3640,0,0
3701,-543,3031,3065,8183,-2135,0,0
4776,-838,3871,452,14902,-818,0,0
6427,669,4836,890,18449,-2095,0,0
7744,-1334,6029,2622,27072,-745,0,0
8321,-3852,4889,1568,23511,3222,0,0
6792,-3554,2850,-429,16520,1473,0,0
5499,-1198,2046,-630,12457,1062,0,0
4565,-551,1632,-191,8788,1951,0,0
3643,-1281,1262,-1580,6350,474,0,0
2912,-4399,8,-3419,3471,2109,0,0
1887,-941,210,-662,615,1329,0,0
680,-389,596,1250,-513,-881,0,0
-184,-1853,-38,-903,-873,-1901,0,0
-214,-209,-343,-102,-414,-4294,0,0
73,332,113,-818,-139,-2777,0,0
122,1057,222,35,389,-1600,0,0
-424,-120,110,-1484,528,-779,0,0
-1155,637,-2312,-1110,951,973,0,0
-2118,492,-467,393,1919,1837,0,0
-5067,2045,-578,-614,9412,1774,0,0
-6115,2324,-1312,-946,13478,3171,0,0
-7517,1344,-1991,304,19014,3875,0,0
-8172,328,-1978,127,20375,2136,0,0
-8026,133,-1663,-316,22725,4398,0,0
-7621,682,-1334,353,19741,2972,0,0
-7302,1582,-1762,462,15819,1392,0,0
-6444,2565,-2452,-237,9040,-1627,0,0
-4581,3596,-2415,3545,2917,-6897,0,0
-1849,99,-775,3485,471,-6844,0,0
-233,494,73,1010,951,-3788,0,0
774,3173,-103,3155,-326,-3912,0,0
882,2223,251,3859,471,-3915,0,0
1093,-333,906,3597,691,-3224,0,0
1515,-1884,1521,2287,1169,-2352,0,0
2125,-960,1923,1441,2253,-2076,0,0
2718,225,2071,2757,3410,-3194,0,0
3291,-620,2514,2997,5093,-2963,0,0
3939,-235,3541,2020,9965,-2231,0,0
4848,-114,4365,2537,15506,-1141,0,0
5916,-1684,4638,1502,19065,-153,0,0
7150,-3463,4316,1482,23742,467,0,0
7792,-3665,2915,1042,19634,2687,0,0
5996,-1330,2000,-805,12695,2135,0,0
4193,1106,2153,211,9374,206,0,0
3554,-952,1906,529,6667,440,0,0
3212,-3786,1125,-2358,5152,-686,0,0
3002,-4087,-34,-2504,2761,473,0,0
2355,-643,421,1496,1100,-757,0,0
1507,-2245,1078,993,42,-977,0,0
763,-1988,801,-680,-752,-1682,0,0
652,-562,177,-1474,-859,-2800,0,0
489,484,30,-1461,-454,-2589,0,0
351,1654,-49,-1012,-242,-904,0,0
-245,1206,-224,-111,291,-889,0,0
-1087,131,-272,-943,578,-692,0,0
-1654,715,-310,-851,910,-286,0,0
-2098,821,-378,-5,2015,536,0,0
-3112,1667,-414,-2528,3681,2637,0,0
-4403,966,-712,745,6681,1173,0,0
-5313,956,-683,-1036,9226,1804,0,0
-5933,3183,-1387,97,12667,1472,0,0
-6684,1317,-2317,-116,15826,1696,0,0
-7224,1251,-2372,389,19344,3028,0,0
-7084,1450,-2137,1594,19365,1287,0,0
-6525,1267,-1901,1198,18958,2969,0,0
-6325,1213,-2166,984,15113,3373,0,0
-6183,1865,-2525,1142,10895,-1041,0,0
-4918,1958,-2542,-619,4192,-3625,0,0
-3513,1603,-2108,1311,2440,-3795,0,0
-1596,-618,-1128,3377,244,-5973,0,0
-225,417,-165,-291,398,-2492,0,0
346,2473,-513,2663,222,-3080,0,0
561,1332,-84,3668,199,-3730,0,0
932,-319,573,3361,563,-3046,0,0
1462,-1260,1029,2632,880,-2393,0,0
1835,-1267,1327,2002,1775,-2638,0,0
2428,-836,1746,2667,2938,-3461,0,0
3114,-861,2406,1524,5789,-2489,0,0
4071,-16,3002,1385,10203,-1348,0,0
5108,439,3664,527,14504,-1364,0,0
6552,372,4722,1555,22830,-1777,0,0
8394,-1702,4995,1927,26151,931,0,0
8322,-2867,4015,6,20126,2530,0,0
6105,-878,3440,477,14658,915,0,0
4725,-1643,2754,526,10697,1352,0,0
3683,-3481,1753,-1147,7020,1649,0,0
3191,-1703,933,-2495,4315,482,0,0
3058,1591,602,-1053,2516,-524,0,0
2430,-1440,508,68,1267,388,0,0
1562,-3033,348,-707,-199,536,0,0
787,-933,536,126,144,-1806,0,0
449,-724,209,-455,-738,-2557,0,0
219,-355,34,-718,-870,-2485,0,0
96,-627,-166,141,-924,-2123,0,0
-340,-142,-316,-830,-902,-569,0,0
-1077,1229,-400,-222,449,-769,0,0
-1818,125,-524,107,1394,182,0,0
-2603,1226,-219,-572,2157,1372,0,0
-3409,2192,-293,522,4319,674,0,0
-4387,1643,-586,-1798,6059,318,0,0
-5206,2616,-1539,-1683,8987,-154,0,0
-5515,2545,-2699,-288,12836,521,0,0
-5915,1315,-2998,684,15160,164,0,0
-6287,-369,-2465,1924,16357,494,0,0
-6647,-2870,-1994,2083,17570,959,0,0
-6432,-2486,-1203,1122,16444,1400,0,0
-5913,1483,-830,2044,12791,3003,0,0
-6087,1116,-419,-754,10195,-871,0,0
-4753,2236,-1041,-757,5839,-2124,0,0
-3580,3403,-2005,-1252,3304,-2404,0,0
-2798,3349,-2273,2418,1532,-6230,0,0
-894,-758,-1087,4179,-17,-5535,0,0
-51,-2019,-324,1896,385,-3855,0,0
749,200,0,2360,386,-4212,0,0
1438,1517,749,1317,657,-2932,0,0
1918,2366,1300,1867,739,-2114,0,0
2118,2080,1797,2462,1878,-2090,0,0
2228,1520,2121,2549,2409,-2618,0,0
2749,1117,3208,3672,6342,-2509,0,0
4671,2010,3842,2717,11035,778,0,0
1804,-1383,3121,7138,17789,4472,0,0
625,-351,12784,1235,30524,3886,0,0
6389,-3928,10037,-12913,23350,1435,0,0
4977,6537,11143,-4659,3723,835,0,0
784,-3193,6568,-1215,2338,-1393,0,0
-696,-4030,2745,567,365,-2929,0,0
-574,-540,1210,8407,5343,-6330,0,0
693,-3934,1380,-956,3259,-4276,0,0
575,-3964,-417,703,3441,-4557,0,0
772,-3016,-338,2603,3277,-3456,0,0
1244,-2038,263,1689,1681,-2824,0,0
1283,-2772,34,817,1156,-3391,0,0
1357,-1293,-308,1139,440,-1133,0,0
696,-3016,-658,560,488,-21,0,0
207,-699,-502,242,580,1005,0,0
-234,-4,-342,159,765,591,0,0
-847,428,-436,-428,1149,1624,0,0
-1740,965,-703,-737,1845,1831,0,0
-2588,1459,-975,-879,3331,1598,0,0
-3449,2147,-1374,-1174,5768,1455,0,0
-4233,971,-2029,-1325,7744,676,0,0
-5040,2141,-2858,-2249,11284,702,0,0
-5278,2979,-3980,-380,14072,-1095,0,0
-5638,2440,-4538,-1030,16827,313,0,0
-5436,2921,-4651,958,18663,865,0,0
-4392,448,-4941,-505,17374,2386,0,0
-4195,-410,-5436,25,14870,3929,0,0
-4469,-1999,-5546,-944,12335,1408,0,0
-4443,-2479,-4482,-1345,7989,-1087,0,0
-3233,1146,-2967,481,2169,-3770,0,0
-1672,2042,-2030,1534,535,-3009,0,0
-727,2422,-1680,3718,159,-3749,0,0
208,2009,-627,3259,-20,-2599,0,0
333,1750,-83,3481,546,-1508,0,0
426,1080,240,5278,811,-1419,0,0
837,-349,1345,3683,708,-732,0,0
842,-172,2103,2679,1149,-497,0,0
812,275,2758,2252,2360,-1159,0,0
967,546,3515,1926,3805,-783,0,0
1186,648,4597,702,8510,-1226,0,0
1444,1333,5454,-3352,11679,-1752,0,0
1618,1959,5846,-2515,18007,-1099,0,0
2250,490,6840,-6077,18804,829,0,0
2885,-1398,6293,645,17965,681,0,0
3563,-8351,5117,-1513,14236,4586,0,0
3844,-6871,4155,-2561,8284,3784,0,0
3371,-1809,2812,-1182,5602,437,0,0
2987,327,1297,-351,4374,-538,0,0
2137,1736,1001,55,3849,-345,0,0
2175,829,1760,243,3272,-413,0,0
2258,-498,2349,1119,3176,-1071,0,0
2488,-2732,2609,1366,2453,-964,0,0
1967,-3585,2532,-1278,1680,-812,0,0
1642,-1379,1604,-1999,832,-1469,0,0
1206,-630,1227,-359,132,-1086,0,0
538,275,1212,602,69,-1310,0,0
139,-584,1329,963,-222,-511,0,0
-898,-362,754,-25,-215,-522,0,0
-1773,1231,-20,-481,142,-1367,0,0
-2368,1781,-824,-765,1029,-1628,0,0
-2946,3068,-1909,789,2987,-1715,0,0
-3326,3700,-2627,2161,3909,-2327,0,0
-3569,3537,-3293,3166,5697,-3469,0,0
-3029,4069,-3578,4154,6071,-3818,0,0
-2082,3474,-3338,3963,5916,-2255,0,0
-1459,2684,-2700,4701,4927,-2658,0,0
-779,2549,-1594,4739,4023,-1996,0,0
104,3686,-414,5600,3421,-2073,0,0
907,1227,701,3657,2946,-525,0,0
640,-557,423,1947,2522,1012,0,0
64,-646,170,1755,2728,436,0,0
134,-1227,271,3284,3339,-983,0,0
736,-2922,813,3239,4081,-923,0,0
1082,-3268,1385,2436,3868,-1189,0,0
1535,-3674,1883,2837,3771,-2294,0,0
2174,-4174,2338,2584,3863,-2602,0,0
2593,-4130,2642,2406,3342,-3046,0,0
2690,-3713,2698,1387,2661,-3185,0,0
2586,-2659,2423,431,1767,-3357,0,0
2260,-1481,2032,528,1223,-3079,0,0
2006,-982,1821,771,853,-3346,0,0
1816,-885,1712,492,471,-3317,0,0
1531,-1101,1620,96,49,-2887,0,0
1196,-722,1436,140,-65,-3320,0,0
963,-950,1353,352,-268,-3190,0,0
725,-1205,1393,-589,-521,-3199,0,0
441,-158,1050,-308,-690,-3800,0,0
276,-150,875,-364,-642,-3475,0,0
188,338,629,-574,-783,-3636,0,0
160,977,291,18,-893,-4083,0,0
77,534,229,-123,-760,-3845,0,0
-62,575,44,-232,-622,-3792,0,0
-206,368,200,486,-724,-4065,0,0
-355,-313,728,232,-935,-4143,0,0
-342,-424,685,-88,-638,-4023,0,0
-524,-224,509,-420,-943,-4061,0,0
-544,270,709,-135,-684,-4132,0,0
-293,432,726,-274,-648,-4333,0,0
-372,315,661,113,-570,-4470,0,0
-235,238,301,-254,-601,-3651,0,0
13,733,307,286,-360,-4147,0,0
-264,627,437,377,-857,-3833,0,0
-385,825,153,445,-59,-3761,0,0
-490,1244,-117,771,-94,-3970,0,0
-641,1449,-178,1425,61,-4077,0,0
-574,329,-3,1242,-557,-3996,0,0
-228,-336,-293,616,-636,-4110,0,0
-69,-561,-866,787,-470,-4224,0,0
451,-704,-1356,423,-696,-4413,0,0
1024,-759,274,810,-743,-4111,0,0
839,-480,66,1084,504,-3984,0,0
253,-536,-294,408,-442,-4007,0,0
75,-449,168,175,-272,-3945,0,0
-91,-166,78,91,-650,-4311,0,0
-166,-318,-197,98,-676,-4386,0,0
70,179,-235,517,-362,-3976,0,0
75,-184,-268,355,-192,-3965,0,0
-158,-754,-124,207,-530,-3905,0,0
-554,-478,171,16,-359,-3806,0,0
-848,-4,103,318,-100,-3573,0,0
-810,17,333,133,413,-3360,0,0
4,394,228,-281,127,-3543,0,0
167,935,111,69,768,-3845,0,0
687,1437,-714,-21,1255,-3638,0,0
701,2405,-95,353,-1873,-3068,0,0
-241,1845,-1413,813,328,-2990,0,0
-384,1458,-1655,1014,422,-3105,0,0
-650,1245,-1881,846,357,-2957,0,0
-1067,1181,-2157,1823,801,-3318,0,0
-1398,1144,-2215,1694,1230,-3477,0,0
-1500,776,-2302,2423,1916,-4013,0,0
-1349,309,-2068,1924,2247,-3507,0,0
-1218,580,-2069,1776,2630,-3103,0,0
-989,1387,-1980,1882,2839,-2869,0,0
-763,1848,-1872,1844,2925,-2333,0,0
-754,2335,-1789,2123,3034,-2151,0,0
-716,2441,-1639,1880,3295,-2301,0,0
-436,1808,-1619,2029,3410,-2277,0,0
-185,982,-1542,1849,3332,-1835,0,0
-184,439,-1370,1254,3347,-1611,0,0
-359,486,-1327,998,3590,-1752,0,0
-365,947,-1377,974,3551,-1761,0,0
-305,1136,-1350,1063,3637,-1435,0,0
-288,948,-1210,1202,3281,-1453,0,0
-324,626,-932,1037,3583,-1210,0,0
-320,577,-651,985,3905,-1035,0,0
-374,467,-469,1051,3781,-1204,0,0
-360,292,-368,1260,3496,-1208,0,0
-347,-78,-72,1089,3540,-818,0,0
-326,-214,366,711,3387,-713,0,0
-346,93,438,438,3624,-728,0,0
-306,983,161,500,3681,-609,0,0
-359,1686,-80,593,3534,-720,0,0
-468,1467,-273,782,3478,-959,0,0
-486,550,-310,748,3749,-867,0,0
-358,-116,-294,523,4448,-599,0,0
-196,117,-237,259,4493,-175,0,0
-151,802,-130,334,4147,-398,0,0
-186,1108,20,278,3963,-552,0,0
-181,963,67,267,3886,-513,0,0
-132,702,13,333,3589,-460,0,0
-100,393,-75,449,3825,-450,0,0
-44,125,-170,441,3999,-159,0,0
-26,121,-193,487,3894,-77,0,0
-30,205,-161,393,3925,23,0,0
-76,336,-57,517,3722,16,0,0
-154,268,20,453,3815,-135,0,0
-168,229,-63,460,3876,-53,0,0
-165,101,-207,641,3724,-119,0,0
-138,-175,-270,346,3880,-118,0,0
-105,-121,-228,243,3937,24,0,0
-112,92,-151,159,3853,-118,0,0
-106,-164,-130,132,3779,-412,0,0
24,-397,-161,88,3751,-328,0,0
157,-182,-152,296,3839,-202,0,0
195,-56,-57,383,4273,-212,0,0
220,-159,129,227,4077,-207,0,0
241,-677,239,218,3777,-317,0,0
290,-1015,218,311,3800,-285,0,0
297,-1105,106,283,3944,-268,0,0
269,-787,27,76,3939,-225,0,0
248,-133,43,198,3841,-356,0,0
274,505,93,171,3830,-495,0,0
331,1357,214,441,3767,-449,0,0
335,1404,420,574,3733,-505,0,0
263,651,534,509,3763,-531,0,0
185,-251,491,449,3744,-382,0,0
131,-546,371,197,3761,-352,0,0
112,-637,235,255,3782,-494,0,0
90,-535,178,379,3735,-538,0,0
26,-602,141,474,3630,-585,0,0
-8,-912,115,510,3674,-583,0,0
-20,-910,93,520,3714,-600,0,0
-17,-574,118,469,3804,-562,0,0
-25,-267,179,528,3798,-596,0,0
-16,-206,243,544,3723,-838,0,0
34,-182,297,397,3645,-1002,0,0
53,-142,261,353,3646,-1034,0,0
9,-191,140,429,3747,-961,0,0
-33,-222,36,542,3813,-878,0,0
-27,-206,8,600,3809,-836,0,0
-26,-113,36,499,3867,-725,0,0
-46,-47,124,431,3758,-612,0,0
-28,-91,167,399,3714,-610,0,0
-49,-102,127,288,3704,-484,0,0
-85,-146,123,319,3570,-546,0,0
-25,81,82,335,3744,-723,0,0
39,529,87,516,3822,-627,0,0
-14,632,63,560,3732,-478,0,0
-187,879,-29,908,3571,-356,0,0
-363,793,9,1055,3383,-493,0,0
-332,591,23,1032,3337,-641,0,0
-288,709,-7,1277,3288,-514,0,0
-308,655,24,1445,3574,-259,0,0
-283,203,173,1381,3905,-84,0,0
-293,22,191,1159,4129,-174,0,0
-301,423,73,1252,4080,-389,0,0
-234,429,4,1495,3991,-638,0,0
-114,248,13,1473,4099,-439,0,0
-12,302,105,1798,4022,-269,0,0
65,-330,121,1704,3517,-146,0,0
95,-763,143,1389,3294,-32,0,0
112,-737,179,1251,3415,-114,0,0
168,-658,120,1181,3587,-136,0,0
179,-460,49,1162,3604,-42,0,0
161,-214,34,1196,3631,-108,0,0
138,-1,71,1206,3667,-147,0,0
104,30,63,1149,3623,-168,0,0
77,-65,-18,1124,3632,-268,0,0
41,-64,-147,1082,3742,-293,0,0
-2,5,-242,1249,3801,-307,0,0
-26,-179,-237,1268,3706,-368,0,0
-18,-391,-174,1049,3682,-540,0,0
50,-239,-148,1046,4082,-619,0,0
82,-254,-208,975,4084,-534,0,0
42,-495,-303,680,3408,-660,0,0
-4,-260,-242,680,3121,-845,0,0
41,135,-141,1003,3349,-991,0,0
100,287,-100,1219,3670,-740,0,0
119,323,-36,1270,3768,-710,0,0
141,530,39,1300,3571,-918,0,0
135,420,133,1391,3612,-1095,0,0
183,-186,198,1279,3629,-1192,0,0
198,-719,182,979,3611,-1115,0,0
177,-829,203,961,3532,-978,0,0
130,-1048,251,954,3664,-882,0,0
140,-1187,226,743,3839,-918,0,0
114,-940,164,650,3798,-847,0,0
51,-403,116,654,3732,-874,0,0
67,-43,91,756,3568,-1041,0,0
53,28,98,889,3412,-911,0,0
-16,-161,124,813,3433,-811,0,0
-31,-224,106,770,3253,-828,0,0
-51,-189,34,834,3241,-763,0,0
-105,-232,-34,904,3464,-667,0,0
-147,-344,-73,993,3661,-789,0,0
-108,-493,-64,866,3665,-876,0,0
-63,-202,-19,751,3550,-853,0,0
-82,194,27,911,3596,-1031,0,0
-81,151,54,942,3714,-951,0,0
-92,91,70,819,3854,-861,0,0
-120,56,69,742,3692,-1063,0,0
-112,169,32,763,3741,-1014,0,0
-63,288,-15,878,3655,-871,0,0
11,281,-29,873,3496,-719,0,0
43,468,-38,908,3648,-588,0,0
6,648,-71,993,3622,-614,0,0
-63,756,-89,1052,3645,-629,0,0
-127,754,-91,1082,3624,-688,0,0
-167,673,-59,1098,3434,-741,0,0
-182,500,-34,1162,3395,-618,0,0
-186,205,-101,1245,3664,-568,0,0
-168,-114,-254,1273,4038,-482,0,0
-139,-269,-392,1217,4096,-412,0,0
-130,-243,-410,1192,3982,-431,0,0
-143,-259,-286,1107,3785,-527,0,0
-132,-257,-89,1029,3798,-587,0,0
-82,-288,94,967,3819,-550,0,0
-36,-403,225,823,3754,-516,0,0
-17,-417,278,691,3757,-558,0,0
-7,-333,233,685,3754,-575,0,0
-6,-413,86,793,3929,-588,0,0
36,-642,-44,779,3768,-574,0,0
66,-670,-50,638,3804,-521,0,0
74,-427,12,582,3724,-565,0,0
62,-216,78,597,3681,-603,0,0
65,-194,112,552,3661,-610,0,0
78,-129,103,462,3650,-576,0,0
80,148,46,453,3642,-591,0,0
80,482,-6,567,3603,-639,0,0
69,683,-21,623,3656,-578,0,0
19,808,-40,699,3830,-587,0,0
-35,884,-108,765,3836,-650,0,0
-77,905,-220,916,3809,-719,0,0
-91,736,-335,1083,3749,-766,0,0
-76,365,-382,1163,3647,-751,0,0
-56,-9,-313,1105,3519,-665,0,0
-47,-172,-193,1014,3569,-635,0,0
-22,-181,-93,1036,3757,-646,0,0
36,-197,7,1041,3836,-607,0,0
75,-304,119,885,3743,-570,0,0
66,-378,202,717,3663,-540,0,0
36,-348,212,660,3679,-591,0,0
26,-392,131,664,3735,-640,0,0
41,-480,44,608,3731,-584,0,0
30,-398,15,549,3718,-505,0,0
-9,-147,38,590,3700,-546,0,0
-43,-23,58,672,3692,-604,0,0
-48,-113,46,617,3679,-665,0,0
-18,-68,48,527,3641,-646,0,0
20,87,78,592,3677,-600,0,0
26,154,70,620,3914,-533,0,0
2,166,11,637,3952,-615,0,0
-9,181,-71,666,3798,-629,0,0
-15,216,-130,703,3627,-596,0,0
-45,273,-153,778,3763,-600,0,0
-54,292,-184,906,3843,-703,0,0
4,193,-161,944,3600,-673,0,0
40,115,-18,884,3726,-587,0,0
39,21,133,784,3891,-607,0,0
25,-49,173,698,3955,-638,0,0
26,-152,83,637,3785,-750,0,0
76,-211,-2,593,3589,-655,0,0
110,-196,16,570,3583,-552,0,0
94,-134,63,510,3733,-464,0,0
44,3,32,536,3898,-501,0,0
3,74,-57,555,3729,-565,0,0
-29,119,-125,540,3758,-599,0,0
-40,213,-188,633,3675,-591,0,0
-68,256,-224,722,3565,-640,0,0
-90,277,-213,720,3512,-735,0,0
-79,357,-154,833,3655,-726,0,0
-55,220,-43,943,3940,-662,0,0
-37,-130,97,824,4062,-715,0,0
-12,-323,189,688,3822,-766,0,0
36,-428,200,664,3704,-698,0,0
85,-572,188,694,3904,-586,0,0
131,-588,181,619,3802,-436,0,0
127,-194,224,627,3767,-341,0,0
71,160,301,788,3830,-436,0,0
-4,56,348,822,3800,-569,0,0
-30,-294,303,598,3781,-691,0,0
12,-461,186,323,3685,-778,0,0
49,-188,61,247,3753,-792,0,0
58,230,-42,463,3733,-772,0,0
33,398,-105,716,3762,-696,0,0
-3,404,-151,839,3718,-667,0,0
-31,362,-169,935,3757,-701,0,0
-26,271,-178,1016,3742,-759,0,0
6,105,-139,990,3640,-739,0,0
30,41,-60,959,3683,-748,0,0
62,15,5,940,3749,-757,0,0
100,16,57,862,3702,-701,0,0
107,89,89,835,3659,-688,0,0
97,106,90,850,3707,-704,0,0
88,70,58,828,3695,-709,0,0
78,72,35,812,3681,-754,0,0
79,105,29,799,3633,-759,0,0
79,147,29,802,3586,-771,0,0
73,121,15,847,3613,-822,0,0
78,77,-7,851,3523,-789,0,0
68,73,14,860,3490,-759,0,0
41,83,52,879,3604,-750,0,0
9,89,44,918,3762,-736,0,0
-16,83,9,926,3683,-773,0,0
-31,108,15,907,3526,-790,0,0
-38,177,41,915,3577,-779,0,0
-32,176,52,941,3437,-834,0,0
-18,37,67,965,3262,-875,0,0
-7,-238,76,1023,3298,-932,0,0
-4,-518,28,1023,3557,-850,0,0
-8,-646,-44,1038,4053,-845,0,0
41,-693,-100,1020,4236,-821,0,0
86,-544,-6,854,3838,-620,0,0
36,-226,215,750,3679,-689,0,0
-24,-28,355,785,3638,-688,0,0
-72,10,327,778,3610,-660,0,0
-128,-4,172,716,3655,-780,0,0
-150,150,-35,725,3663,-853,0,0
-133,439,-192,850,3742,-848,0,0
-104,584,-236,1023,3735,-852,0,0
-93,458,-173,1111,3698,-795,0,0
-107,170,-78,1118,3714,-767,0,0
-110,-77,-23,984,3650,-727,0,0
-94,-54,-19,941,3694,-698,0,0
-82,-26,-51,944,3702,-689,0,0
-83,-33,-71,923,3652,-659,0,0
-84,-41,-57,920,3646,-686,0,0
-77,-72,-27,908,3683,-674,0,0
-66,-128,-6,887,3760,-659,0,0
-48,-163,7,852,3766,-640,0,0
-41,-138,33,829,3743,-627,0,0
-33,-84,62,801,3732,-611,0,0
-34,-24,73,785,3704,-643,0,0
-46,23,47,807,3734,-648,0,0
-41,43,8,875,3716,-682,0,0
-14,25,-10,896,3648,-685,0,0
9,42,8,946,3684,-616,0,0
20,16,37,920,3631,-610,0,0
27,26,68,890,3580,-630,0,0
38,15,64,917,3692,-629,0,0
66,-39,30,878,3748,-616,0,0
90,54,16,888,3844,-566,0,0
95,152,18,919,3846,-565,0,0
87,172,39,855,3627,-583,0,0
61,201,66,863,3526,-610,0,0
37,183,37,902,3613,-632,0,0
38,186,-39,959,3699,-618,0,0
39,200,-103,1025,3702,-646,0,0
35,177,-102,1067,3690,-640,0,0
35,138,-59,1051,3731,-598,0,0
28,127,-20,1037,3715,-636,0,0
19,140,-1,1031,3640,-646,0,0
28,113,11,1027,3561,-623,0,0
24,85,26,1004,3547,-608,0,0
2,148,34,1011,3610,-607,0,0
-17,217,30,1070,3630,-610,0,0
-23,195,32,1082,3665,-635,0,0
3,288,37,1087,3705,-662,0,0
11,334,53,1151,3664,-604,0,0
5,185,68,1148,3692,-591,0,0
16,81,45,1115,3722,-604,0,0
31,9,26,1136,3638,-598,0,0
35,-31,21,1041,3625,-577,0,0
37,101,28,1089,3606,-577,0,0
37,111,44,1173,3674,-582,0,0
31,-30,24,1196,3691,-565,0,0
27,-156,6,1103,3623,-569,0,0
36,-189,27,1113,3626,-531,0,0
17,-247,45,1061,3668,-556,0,0
19,-201,37,1060,3695,-572,0,0
27,-133,25,1041,3624,-526,0,0
29,20,53,1075,3661,-577,0,0
6,43,91,1023,3694,-594,0,0
-8,51,67,1035,3661,-670,0,0
8,63,36,1078,3618,-769,0,0
20,0,36,1085,3628,-717,0,0
1,-143,18,1001,3716,-622,0,0
-3,-104,-1,1046,3732,-637,0,0
-8,-105,-16,1054,3659,-663,0,0
-11,-232,-34,1038,3634,-708,0,0
-7,-364,-57,937,3697,-737,0,0
-15,-386,-84,916,3717,-664,0,0
-57,-416,-91,846,3693,-561,0,0
-118,-429,-116,801,3674,-604,0,0
-161,-423,-157,757,3681,-613,0,0
-192,-294,-191,680,3720,-641,0,0
-180,26,-223,689,3804,-831,0,0
-135,311,-236,817,3754,-915,0,0
-103,207,-200,926,3660,-968,0,0
-71,-139,-157,802,3645,-877,0,0
-36,-168,-128,735,3627,-706,0,0
-24,-66,-91,810,3645,-626,0,0
-48,-88,-55,764,3687,-546,0,0
-107,-61,-41,709,3631,-556,0,0
-164,32,-66,765,3579,-695,0,0
-155,97,-101,925,3784,-913,0,0
-44,63,-64,1003,3966,-863,0,0
61,-95,102,913,3848,-651,0,0
80,-314,283,740,3665,-608,0,0
66,-441,308,661,3682,-567,0,0
46,-343,188,695,3774,-603,0,0
51,-261,81,768,3778,-721,0,0
76,-353,82,748,3725,-660,0,0
100,-406,143,652,3706,-593,0,0
132,-328,188,556,3684,-668,0,0
171,-163,168,466,3535,-631,0,0
132,142,112,522,3607,-568,0,0
103,149,8,558,3756,-696,0,0
61,339,-150,653,3696,-800,0,0
47,526,-212,599,3671,-899,0,0
98,763,-243,609,3799,-942,0,0
159,1069,-193,952,3748,-784,0,0
148,720,-38,1124,3689,-639,0,0
145,397,15,972,3670,-590,0,0
63,434,-6,1014,3538,-467,0,0
21,98,-14,1020,3630,-565,0,0
3,-129,-33,772,3600,-666,0,0
-34,-63,-50,697,3614,-722,0,0
-62,-189,-15,704,3890,-737,0,0
-102,-333,-11,599,3914,-850,0,0
-104,-39,-60,649,3863,-750,0,0
-172,104,-121,831,3758,-732,0,0
-203,-9,-172,927,3749,-695,0,0
-210,-87,-192,885,3667,-586,0,0
-230,-87,-188,828,3597,-601,0,0
-202,-117,-138,666,3691,-550,0,0
-195,-111,-114,483,3756,-512,0,0
-166,46,-120,423,3728,-491,0,0
-104,332,-96,681,3721,-384,0,0
-137,155,-50,817,3831,-432,0,0
-181,-359,-41,457,3823,-533,0,0
-206,-381,-98,283,3841,-579,0,0
-186,-35,-112,554,3839,-590,0,0
-137,-7,-58,737,3848,-526,0,0
-116,-226,-19,687,3925,-413,0,0
-119,-439,8,528,3838,-280,0,0
-105,-398,-7,333,3923,-297,0,0
-64,-88,-63,368,3793,-298,0,0
-85,18,-112,429,3667,-322,0,0
-82,83,-122,467,3798,-367,0,0
65,316,-119,408,3997,-298,0,0
151,663,-125,659,3818,-161,0,0
24,202,-58,691,3832,-419,0,0
-60,-490,16,255,3889,-652,0,0
-20,-436,19,250,3866,-503,0,0
21,-200,30,389,3911,-380,0,0
80,-83,74,383,3820,-353,0,0
97,7,85,385,3850,-260,0,0
107,44,86,345,3926,-317,0,0
95,111,77,396,3832,-384,0,0
74,219,35,392,3739,-519,0,0
108,198,7,386,3882,-512,0,0
114,335,-54,495,3935,-595,0,0
140,270,-13,565,3689,-660,0,0
185,209,58,484,3524,-685,0,0
246,327,46,493,3574,-708,0,0
335,454,-6,411,3496,-670,0,0
386,817,-64,564,3579,-621,0,0
343,686,2,834,3749,-537,0,0
315,-141,211,919,3780,-437,0,0
169,-564,382,782,3899,-219,0,0
82,-393,450,635,3877,-545,0,0
15,225,302,1034,3655,-538,0,0
-301,-638,345,1281,3722,-622,0,0
-63,-1855,499,106,3798,-1357,0,0
199,-724,276,28,3702,-637,0,0
71,309,71,641,3700,-460,0,0
45,353,6,1009,3808,-732,0,0
79,-154,38,790,3782,-773,0,0
66,-240,56,665,3749,-852,0,0
45,3,74,616,3732,-902,0,0
52,211,78,597,3715,-946,0,0
73,368,-1,729,3707,-868,0,0
51,516,-48,929,3656,-794,0,0
74,467,15,1018,3598,-840,0,0
111,422,65,954,3626,-843,0,0
147,434,106,977,3517,-845,0,0
160,352,134,1022,3371,-690,0,0
111,290,157,1036,3446,-751,0,0
88,161,99,913,3892,-775,0,0
10,420,-29,1082,4056,-693,0,0
-112,511,-66,1273,3762,-914,0,0
-138,294,-35,1239,3478,-1212,0,0
-81,37,-40,1222,3355,-1209,0,0
-37,-375,-57,1155,3424,-907,0,0
-21,-582,-57,1055,3540,-763,0,0
9,-444,-32,1045,3705,-694,0,0
15,-187,33,1046,3768,-680,0,0
-10,-54,97,995,3690,-820,0,0
-22,8,98,856,3739,-1034,0,0
-22,18,14,845,3733,-1123,0,0
-16,52,-77,957,3662,-1151,0,0
-34,-102,-150,952,3664,-1112,0,0
-53,-281,-198,1038,3771,-1056,0,0
-30,-412,-161,1127,3685,-992,0,0
3,-608,-22,1016,3513,-849,0,0
17,-668,104,866,3470,-724,0,0
23,-535,145,828,3595,-687,0,0
58,-376,128,838,3666,-728,0,0
59,-267,131,829,3606,-704,0,0
27,-140,153,752,3707,-746,0,0
-3,42,114,709,3693,-931,0,0
-14,182,39,845,3563,-1100,0,0
33,102,26,857,3364,-1187,0,0
66,5,58,821,3432,-1059,0,0
69,-31,94,808,3504,-945,0,0
68,2,80,778,3623,-893,0,0
55,109,40,853,3613,-883,0,0
42,215,31,905,3551,-980,0,0
45,334,53,974,3567,-976,0,0
14,255,65,971,3549,-987,0,0
3,197,18,895,3553,-1075,0,0
21,268,-49,979,3573,-1123,0,0
52,202,-92,1027,3733,-1025,0,0
79,219,-56,1067,3527,-940,0,0
79,289,27,1050,3534,-885,0,0
66,361,34,1009,3670,-883,0,0
52,501,-8,1002,3642,-959,0,0
70,760,-55,1235,3697,-902,0,0
41,596,-39,1415,3550,-968,0,0
45,245,-39,1216,3607,-1055,0,0
74,-78,-89,1480,3593,-1319,0,0
192,-670,-23,1272,3521,-1262,0,0
215,-544,68,1051,3472,-1075,0,0
123,-417,77,865,3465,-780,0,0
3,11,-31,797,3487,-614,0,0
-97,415,-147,985,3479,-692,0,0
-189,291,-170,1026,3650,-698,0,0
-264,406,-146,1117,3806,-965,0,0
-219,417,-73,1194,3807,-1239,0,0
-59,538,-16,960,3851,-1504,0,0
129,1103,-2,1201,3636,-1540,0,0
138,710,64,1446,3343,-1091,0,0
22,63,98,1446,3532,-759,0,0
-67,-443,89,1251,3409,-514,0,0
-136,-469,16,1096,3374,-437,0,0
-240,-262,-72,1125,3388,-570,0,0
-291,-220,-178,1105,3498,-647,0,0
-239,-126,-319,1152,3714,-744,0,0
-148,-121,-325,1277,3776,-920,0,0
-87,-317,-154,1090,3939,-1195,0,0
-33,-422,81,956,3903,-1252,0,0
-11,-832,295,783,3818,-988,0,0
6,-1086,274,444,3697,-723,0,0
30,-580,143,650,3549,-631,0,0
68,-316,67,882,3425,-544,0,0
29,-336,17,858,3435,-385,0,0
-36,-35,-81,936,3661,-422,0,0
-10,177,-137,1113,3595,-571,0,0
-26,102,-106,1028,3623,-658,0,0
-16,-7,-53,814,3717,-1014,0,0
10,-196,10,573,3741,-1109,0,0
-24,-150,39,362,3931,-1188,0,0
-26,129,87,525,3850,-1147,0,0
-14,390,136,739,3703,-902,0,0
5,568,160,898,3702,-823,0,0
52,485,138,844,3572,-755,0,0
46,647,52,829,3512,-621,0,0
-7,1024,-54,1036,3463,-680,0,0
-22,1198,-160,1243,3509,-726,0,0
-9,1183,-241,1396,3604,-736,0,0
19,1024,-233,1531,3580,-756,0,0
37,591,-147,1602,3558,-713,0,0
42,164,-42,1356,3609,-735,0,0
61,9,1,1141,3710,-752,0,0
106,-56,2,1058,3744,-684,0,0
128,-133,20,997,3729,-622,0,0
108,-249,66,857,3765,-569,0,0
92,-168,71,683,3792,-629,0,0
108,138,-9,601,3840,-761,0,0
155,360,-135,524,3844,-978,0,0
188,512,-282,545,3665,-918,0,0
164,825,-372,869,3655,-739,0,0
112,1010,-346,1204,3686,-605,0,0
86,832,-213,1384,3624,-469,0,0
40,496,-57,1286,3577,-400,0,0
-23,285,28,1104,3518,-574,0,0
-27,52,-12,938,3482,-706,0,0
-65,-105,-125,897,3612,-620,0,0
-154,-148,-149,1008,3567,-553,0,0
-244,-381,-103,991,3608,-505,0,0
-329,-515,-119,914,3564,-460,0,0
-371,-545,-161,905,3553,-333,0,0
-403,-687,-175,920,3487,-301,0,0
-427,-757,-158,863,3470,-434,0,0
-350,-916,-66,780,3575,-241,0,0
-303,-1122,7,422,3850,-65,0,0
-323,-702,-28,412,3926,-7,0,0
-375,-420,-131,419,4202,-62,0,0
-338,-226,-229,479,4180,-258,0,0
-309,20,-265,701,4054,-249,0,0
-295,-272,-197,668,3839,-153,0,0
-271,-424,-122,591,3796,-17,0,0
-190,-344,-65,458,3861,85,0,0
-134,-270,-42,428,3928,259,0,0
-127,-312,-83,190,4069,187,0,0
-103,-85,-131,223,3894,19,0,0
-172,-192,-127,556,3953,33,0,0
-252,-703,18,248,3834,86,0,0
-277,-337,-13,-63,3799,189,0,0
-270,-28,-168,229,3764,487,0,0
-335,-37,-117,507,3750,541,0,0
-217,-106,38,778,3946,-590,0,0
123,159,88,516,3822,-505,0,0
167,-421,-15,-25,3810,27,0,0
-145,-843,-30,235,3753,477,0,0
-406,-965,-138,7,3878,816,0,0
-95,-120,-275,339,3987,-359,0,0
99,704,-285,257,3880,215,0,0
89,1278,-347,66,3886,327,0,0
40,753,-39,985,3721,108,0,0
-93,-481,127,-60,3869,733,0,0
-58,345,65,-58,3995,-49,0,0
159,960,10,251,3920,-402,0,0
128,364,26,401,3807,-172,0,0
-143,-197,70,64,3883,733,0,0
-89,-67,-13,144,3956,97,0,0
221,647,-138,93,3836,-194,0,0
407,914,-96,718,3697,-19,0,0
172,-200,137,193,3991,483,0,0
35,-361,200,-374,4020,466,0,0
269,281,75,-346,4167,-54,0,0
488,1006,48,597,4044,-335,0,0
408,162,254,454,4100,-355,0,0
256,278,402,-13,3709,-171,0,0
143,482,314,324,3812,-16,0,0
208,232,212,541,3779,-214,0,0
267,310,205,583,3614,-523,0,0
237,76,152,634,3798,-610,0,0
235,-149,164,516,3823,-488,0,0
199,-132,175,431,3686,-542,0,0
167,-25,225,377,3592,-411,0,0
60,228,190,647,3412,-419,0,0
15,-38,178,1101,3627,-512,0,0
211,-949,246,1194,3895,-262,0,0
382,-1260,414,888,4036,-22,0,0
453,-830,468,421,3921,-234,0,0
330,-450,320,423,3675,-409,0,0
89,205,149,675,3555,-576,0,0
20,102,119,789,3704,-952,0,0
90,-390,126,671,3753,-823,0,0
31,-304,107,685,3763,-640,0,0
-70,-76,102,778,3749,-795,0,0
-81,-78,108,837,3852,-861,0,0
-16,-174,130,917,3751,-807,0,0
-29,-318,163,776,3605,-666,0,0
-67,-215,160,789,3609,-831,0,0
-42,-150,106,922,3575,-845,0,0
-90,-255,59,905,3793,-634,0,0
-106,-360,31,842,4105,-700,0,0
18,-216,70,818,3901,-749,0,0
16,69,192,821,3578,-652,0,0
52,246,238,804,3510,-1023,0,0
82,499,138,910,3479,-822,0,0
15,439,-38,827,3546,-734,0,0
47,371,-264,964,3505,-629,0,0
14,380,-291,1242,3581,-629,0,0
-17,102,-150,1365,3658,-688,0,0
-39,-230,3,1188,3662,-683,0,0
-45,-349,120,984,3583,-738,0,0
2,-306,146,879,3499,-740,0,0
-4,-131,120,821,3528,-641,0,0
-31,35,86,815,3654,-669,0,0
3,158,45,851,3700,-728,0,0
-21,248,10,895,3649,-630,0,0
-55,300,24,954,3600,-716,0,0
-11,291,27,964,3586,-722,0,0
-12,234,5,993,3497,-651,0,0
13,203,-4,937,3552,-651,0,0
73,310,-11,931,3528,-600,0,0
67,473,-18,909,3615,-570,0,0
95,569,-72,921,3761,-650,0,0
144,656,-155,968,3836,-617,0,0
166,723,-232,1060,3951,-595,0,0
179,721,-245,1123,3882,-569,0,0
142,750,-129,1226,3754,-585,0,0
110,530,60,1178,3705,-663,0,0
84,218,149,1013,3628,-655,0,0
60,212,69,959,3669,-579,0,0
14,330,-80,1053,3626,-543,0,0
-8,409,-206,1231,3591,-613,0,0
-9,324,-278,1360,3567,-598,0,0
-26,127,-224,1416,3640,-545,0,0
-35,-85,-78,1293,3755,-589,0,0
-44,-228,50,1121,3746,-615,0,0
-50,-369,108,908,3663,-602,0,0
-52,-385,96,859,3706,-540,0,0
-69,-244,59,889,3697,-472,0,0
-88,-92,35,920,3615,-431,0,0
-109,-69,43,1025,3667,-435,0,0
-98,-75,25,1065,3624,-506,0,0
-99,28,-12,1045,3656,-489,0,0
-113,0,9,1052,3703,-463,0,0
-135,-13,25,1167,3743,-515,0,0
-118,-151,59,1134,3796,-605,0,0
-83,-346,66,1085,3775,-575,0,0
-104,-437,76,1026,3735,-520,0,0
-101,-527,101,944,3707,-522,0,0
-74,-566,106,947,3701,-486,0,0
-40,-515,126,926,3647,-463,0,0
11,-440,164,883,3639,-423,0,0
39,-215,177,896,3693,-405,0,0
117,194,129,1092,3707,-672,0,0
110,203,56,1206,3628,-484,0,0
18,15,31,1117,3564,-473,0,0
110,124,59,1138,3449,-619,0,0
138,-319,173,1071,3508,-461,0,0
90,-355,158,759,3655,-412,0,0
114,340,61,894,3686,-460,0,0
96,709,2,1024,3612,-407,0,0
41,833,-5,1093,3585,-500,0,0
42,971,-49,1220,3622,-593,0,0
27,962,-124,1348,3604,-502,0,0
3,822,-150,1477,3569,-472,0,0
-2,593,-125,1448,3566,-430,0,0
-10,422,-89,1406,3598,-423,0,0
5,341,-44,1385,3582,-439,0,0
27,271,27,1289,3561,-335,0,0
9,286,45,1228,3791,-314,0,0
-13,367,-17,1299,3699,-388,0,0
-21,318,-63,1395,3579,-416,0,0
-14,82,-72,1360,3650,-384,0,0
-6,-85,-43,1247,3623,-279,0,0
-9,-64,-2,1186,3711,-197,0,0
2,39,9,1188,3687,-238,0,0
18,120,35,1186,3643,-261,0,0
27,174,76,1178,3653,-277,0,0
28,193,89,1187,3616,-292,0,0
11,171,72,1219,3635,-296,0,0
5,101,-2,1257,3665,-270,0,0
5,14,-104,1306,3721,-268,0,0
-6,5,-118,1380,3734,-288,0,0
-33,-92,-27,1307,3632,-313,0,0
-40,-190,61,1172,3548,-314,0,0
-20,-178,74,1129,3542,-223,0,0
-5,-83,53,1177,3619,-125,0,0
-17,41,18,1249,3649,-168,0,0
-37,88,-4,1335,3587,-318,0,0
-34,-23,17,1336,3614,-396,0,0
-48,-193,20,1233,3694,-295,0,0
-64,-184,14,1238,3645,-226,0,0
-58,-153,14,1241,3588,-210,0,0
-44,-168,27,1204,3625,-225,0,0
-40,-151,29,1139,3665,-222,0,0
-30,-75,15,1164,3648,-248,0,0
-25,-24,21,1192,3606,-284,0,0
-22,-29,27,1196,3615,-272,0,0
-13,-39,19,1219,3701,-203,0,0
-18,-29,-24,1183,3787,-201,0,0
-25,118,-19,1303,3717,-257,0,0
-30,73,31,1289,3643,-343,0,0
-20,-26,46,1227,3579,-299,0,0
6,15,40,1255,3564,-190,0,0
12,40,29,1302,3589,-159,0,0
7,-2,11,1268,3590,-233,0,0
5,-70,-9,1156,3785,-312,0,0
-20,-116,-161,1117,3934,-382,0,0
-37,-64,-351,1438,3719,-347,0,0
-21,-253,-287,1628,3622,-234,0,0
-5,-680,-108,1319,3669,-148,0,0
-3,-813,9,1028,3686,-99,0,0
-35,-602,52,943,3763,-114,0,0
-102,-330,29,940,3672,-359,0,0
-113,-246,-36,1020,3699,-504,0,0
-86,-311,-60,1095,3787,-410,0,0
-101,-322,-64,1147,3815,-360,0,0
-81,-242,-47,1207,3832,-375,0,0
-64,-296,-24,1141,3728,-367,0,0
-80,-447,-8,987,3658,-481,0,0
-90,-566,-29,1072,3623,-525,0,0
-87,-756,-41,1080,3681,-545,0,0
-44,-979,-37,970,3634,-556,0,0
5,-973,-64,893,3617,-481,0,0
49,-807,-73,899,3614,-447,0,0
60,-872,-62,849,3677,-446,0,0
62,-959,-63,721,3759,-471,0,0
69,-912,-69,558,3662,-531,0,0
87,-718,-59,405,3585,-546,0,0
88,-415,-85,380,3732,-556,0,0
88,-178,-125,410,3737,-593,0,0
93,14,-165,335,3767,-506,0,0
72,353,-232,410,3822,-569,0,0
33,577,-305,437,3796,-765,0,0
12,727,-332,469,3731,-917,0,0
13,732,-286,658,3619,-981,0,0
48,679,-187,802,3558,-929,0,0
74,530,-62,932,3562,-784,0,0
55,297,6,782,3671,-850,0,0
63,296,31,865,3677,-956,0,0
56,-16,73,779,3597,-976,0,0
63,-176,110,679,3582,-924,0,0
63,-206,174,764,3652,-789,0,0
49,-313,255,757,3698,-721,0,0
44,-295,326,732,3633,-678,0,0
30,-242,370,712,3584,-645,0,0
-3,-219,382,685,3652,-663,0,0
-21,-162,354,653,3788,-742,0,0
-29,-44,280,662,3873,-833,0,0
-47,26,223,740,3796,-900,0,0
-69,-18,187,821,3699,-935,0,0
-86,-83,177,993,3710,-929,0,0
-87,-296,174,969,3777,-883,0,0
-73,-359,134,933,3796,-868,0,0
-61,-332,122,994,3699,-829,0,0
-66,-380,128,984,3721,-825,0,0
-55,-458,103,922,3714,-821,0,0
-25,-410,56,896,3673,-808,0,0
5,-271,20,884,3632,-791,0,0
27,-102,-10,909,3618,-792,0,0
31,-34,-25,923,3613,-765,0,0
18,-5,-29,921,3622,-768,0,0
12,60,-31,929,3565,-798,0,0
27,154,-12,951,3498,-800,0,0
41,188,6,951,3531,-757,0,0
18,234,-2,977,3646,-819,0,0
20,350,-29,1045,3641,-898,0,0
34,386,-5,1102,3558,-952,0,0
49,311,32,1049,3494,-1009,0,0
83,270,45,1034,3434,-1007,0,0
101,257,55,1145,3526,-1024,0,0
107,100,44,1184,3633,-992,0,0
121,1,44,1076,3639,-872,0,0
99,23,67,1041,3472,-924,0,0
70,-4,92,990,3297,-907,0,0
41,-83,78,1042,3506,-1003,0,0
48,-192,-3,1157,3761,-978,0,0
93,-75,-26,1132,4017,-760,0,0
95,202,20,1204,3836,-707,0,0
18,278,98,1097,3542,-689,0,0
-58,267,112,942,3559,-905,0,0
-76,375,10,902,3540,-1019,0,0
-68,575,-88,1104,3534,-1037,0,0
-39,532,-86,1347,3599,-1023,0,0
-13,282,-46,1345,3589,-955,0,0
9,117,1,1277,3586,-943,0,0
19,22,14,1148,3589,-894,0,0
20,-5,-12,1064,3582,-808,0,0
2,-5,-38,1050,3678,-804,0,0
-23,60,-71,1066,3742,-804,0,0
-44,100,-98,1046,3778,-856,0,0
-46,128,-134,1062,3760,-957,0,0
-23,156,-169,1127,3742,-990,0,0
5,65,-190,1126,3697,-934,0,0
31,-62,-182,958,3552,-900,0,0
67,-11,-175,882,3511,-830,0,0
70,44,-160,1094,3538,-661,0,0
46,-158,-122,1131,3649,-603,0,0
39,-188,-60,1050,3616,-561,0,0
6,23,18,1007,3504,-550,0,0
-45,173,87,924,3482,-611,0,0
-93,158,93,958,3559,-678,0,0
-112,62,43,954,3537,-714,0,0
-110,7,-16,929,3561,-736,0,0
-103,-11,-50,998,3611,-732,0,0
-96,-113,-57,1028,3700,-716,0,0
-74,-249,-47,1001,3782,-703,0,0
-46,-276,-16,938,3716,-685,0,0
8,-177,49,831,3631,-662,0,0
66,88,111,800,3631,-587,0,0
76,293,125,802,3688,-577,0,0
64,446,72,823,3732,-578,0,0
35,557,-20,849,3557,-635,0,0
11,666,-86,946,3482,-642,0,0
-9,714,-106,1076,3736,-594,0,0
-26,644,-133,1181,3811,-680,0,0
-9,513,-133,1188,3597,-714,0,0
28,429,-63,1222,3354,-729,0,0
68,230,18,1095,3404,-651,0,0
72,78,11,897,3713,-535,0,0
29,241,-117,1037,4196,-527,0,0
2,334,-244,1298,4148,-588,0,0
28,127,-190,1339,3874,-549,0,0
35,-75,-10,1112,3690,-537,0,0
35,3,152,984,3466,-729,0,0
107,69,284,1050,3344,-629,0,0
55,-125,266,981,3532,-463,0,0
-85,-236,40,850,3675,-285,0,0
-229,128,-236,1220,3701,-463,0,0
-244,229,-347,1585,3656,-664,0,0
-205,-228,-253,1595,3598,-604,0,0
-202,-665,-54,1425,3615,-592,0,0
-156,-893,135,1128,3608,-567,0,0
-115,-1042,227,903,3672,-470,0,0
-145,-1086,180,756,3741,-455,0,0
-181,-989,89,797,3681,-536,0,0
-185,-915,36,898,3676,-517,0,0
-168,-921,26,949,3717,-490,0,0
-126,-895,54,909,3740,-485,0,0
-71,-738,102,891,3757,-433,0,0
-58,-532,131,858,3810,-384,0,0
-73,-373,125,791,3817,-489,0,0
-72,-270,86,802,3855,-580,0,0
-56,-245,51,818,3779,-635,0,0
-28,-248,65,792,3711,-663,0,0
-9,-231,79,803,3801,-617,0,0
-5,-207,76,861,3817,-628,0,0
20,-219,73,838,3789,-668,0,0
52,-173,68,821,3703,-670,0,0
68,-103,65,825,3657,-674,0,0
121,-20,55,799,3579,-693,0,0
167,112,38,854,3586,-665,0,0
154,133,26,872,3749,-537,0,0
96,188,-10,802,3883,-578,0,0
52,201,-39,727,3662,-776,0,0
57,300,-51,694,3507,-809,0,0
88,484,-82,814,3528,-767,0,0
90,543,-106,909,3735,-608,0,0
15,600,-163,875,3941,-575,0,0
-56,719,-255,1010,3891,-821,0,0
-56,632,-274,1162,3550,-886,0,0
-43,202,-207,1064,3353,-869,0,0
24,124,-145,966,3577,-827,0,0
110,297,-84,1075,3540,-665,0,0
116,241,15,1043,3568,-568,0,0
64,35,66,963,3929,-519,0,0
1,-117,7,904,4014,-599,0,0
-20,-29,-54,902,3664,-872,0,0
-20,-28,-35,940,3478,-959,0,0
-3,-323,-3,801,3585,-901,0,0
11,-451,-4,781,3702,-786,0,0
8,-497,-5,805,3680,-663,0,0
2,-446,12,774,3601,-612,0,0
-29,-355,55,761,3564,-639,0,0
-45,-302,86,715,3633,-702,0,0
-46,-182,84,688,3685,-753,0,0
-48,-111,72,789,3791,-838,0,0
-27,-170,74,855,3772,-822,0,0
-20,-291,113,809,3744,-728,0,0
-27,-328,164,695,3763,-654,0,0
-55,-228,157,632,3751,-730,0,0
-90,-107,66,666,3716,-810,0,0
-98,-5,-24,835,3665,-861,0,0
-78,-26,-41,960,3645,-849,0,0
-50,-191,-8,939,3696,-808,0,0
-10,-163,42,916,3704,-737,0,0
20,-68,105,974,3764,-754,0,0
54,-46,147,887,3687,-707,0,0
68,10,171,840,3635,-704,0,0
63,44,153,793,3585,-700,0,0
41,89,111,773,3588,-726,0,0
30,139,82,866,3620,-781,0,0
37,110,81,867,3645,-758,0,0
52,143,109,845,3665,-730,0,0
64,243,126,855,3629,-703,0,0
60,313,93,899,3724,-710,0,0
59,405,20,945,3660,-702,0,0
44,499,-41,1044,3544,-727,0,0
29,497,-50,1110,3549,-712,0,0
18,419,-43,1152,3590,-702,0,0
3,300,-35,1150,3576,-710,0,0
12,226,-24,1146,3674,-684,0,0
37,213,-4,1131,3632,-632,0,0
34,223,29,1068,3640,-605,0,0
15,326,50,1046,3696,-606,0,0
1,401,24,1071,3650,-623,0,0
1,472,-10,1116,3671,-611,0,0
2,523,-27,1216,3729,-610,0,0
-12,413,-43,1238,3676,-577,0,0
-37,289,-66,1252,3659,-579,0,0
-50,208,-84,1269,3584,-586,0,0
-52,91,-88,1281,3597,-578,0,0
-46,10,-92,1236,3628,-540,0,0
-48,-24,-78,1210,3626,-558,0,0
-55,-101,-65,1132,3668,-523,0,0
-83,-186,-92,1106,3759,-559,0,0
-71,-220,-124,1083,3679,-542,0,0
-70,-189,-110,1068,3608,-467,0,0
-83,-217,-104,1077,3595,-582,0,0
-28,-226,-81,1114,3636,-545,0,0
5,-326,-24,1056,3727,-451,0,0
7,-378,38,859,3815,-392,0,0
-5,-126,66,773,3810,-473,0,0
-38,50,17,804,3690,-601,0,0
-57,3,-86,861,3652,-675,0,0
-48,-3,-154,998,3676,-650,0,0
-32,3,-129,1171,3678,-625,0,0
-3,-108,-52,1193,3658,-612,0,0
39,-241,42,1091,3695,-547,0,0
69,-330,115,939,3689,-536,0,0
80,-325,161,800,3675,-581,0,0
88,-211,173,756,3702,-605,0,0
94,-129,145,763,3795,-619,0,0
98,-43,98,746,3769,-611,0,0
95,156,62,812,3677,-615,0,0
88,286,28,905,3685,-614,0,0
84,383,-17,1027,3661,-682,0,0
95,433,-34,1166,3705,-695,0,0
114,352,-7,1192,3613,-651,0,0
105,287,49,1141,3500,-631,0,0
66,230,83,1121,3523,-589,0,0
-4,124,43,1096,3705,-586,0,0
-61,48,-92,1189,3724,-724,0,0
-49,-44,-173,1267,3566,-755,0,0
-16,-225,-79,1220,3559,-669,0,0
-40,-440,65,979,3641,-590,0,0
-61,-382,73,872,3627,-627,0,0
-46,-181,65,920,3556,-591,0,0
-38,-176,85,912,3804,-610,0,0
-4,-160,75,773,3649,-517,0,0
-28,85,43,755,3644,-524,0,0
-87,292,-33,825,3602,-623,0,0
-124,482,-91,937,3496,-616,0,0
-146,522,-119,1104,3593,-644,0,0
-149,438,-148,1317,3921,-675,0,0
-87,236,-196,1565,3968,-664,0,0
-23,-218,-148,1432,3581,-502,0,0
-60,-458,-13,1094,3567,-517,0,0
-90,-471,43,1013,3615,-624,0,0
-89,-600,-16,1018,3620,-599,0,0
-83,-788,-50,1001,3678,-564,0,0
-57,-871,7,941,3623,-532,0,0
-27,-838,106,792,3664,-430,0,0
-22,-647,163,697,3759,-477,0,0
-10,-438,154,681,3804,-540,0,0
16,-204,115,677,3725,-541,0,0
41,-44,101,682,3558,-579,0,0
49,43,112,725,3510,-659,0,0
58,107,115,857,3507,-707,0,0
63,36,113,987,3591,-726,0,0
58,-144,103,1104,3948,-712,0,0
92,-289,50,1104,4175,-723,0,0
142,-184,51,963,3860,-580,0,0
111,35,143,875,3642,-592,0,0
72,87,172,834,3575,-673,0,0
68,115,102,794,3591,-656,0,0
56,248,3,825,3596,-673,0,0
32,428,-68,950,3636,-654,0,0
4,512,-121,1068,3725,-637,0,0
-21,491,-153,1165,3812,-705,0,0
-25,384,-147,1187,3722,-723,0,0
-31,237,-101,1157,3633,-739,0,0
-48,0,-77,1054,3629,-754,0,0
-50,-190,-110,969,3656,-705,0,0
-59,-303,-147,951,3685,-673,0,0
-78,-439,-157,922,3751,-669,0,0
-74,-578,-143,864,3745,-691,0,0
-47,-575,-106,772,3782,-640,0,0
-30,-427,-53,699,3906,-637,0,0
-32,-194,-13,581,3775,-609,0,0
-75,76,-9,534,3673,-640,0,0
-130,194,-75,583,3699,-771,0,0
-130,293,-215,797,3690,-817,0,0
-94,224,-274,970,3607,-805,0,0
-58,48,-225,981,3670,-732,0,0
-26,10,-132,1026,3816,-709,0,0
-5,-44,-28,1000,3821,-715,0,0
11,-132,70,898,3736,-802,0,0
62,-226,146,784,3652,-791,0,0
122,-303,198,752,3676,-753,0,0
161,-430,232,641,3647,-680,0,0
179,-388,227,536,3675,-621,0,0
183,-196,190,487,3607,-542,0,0
134,39,135,465,3589,-603,0,0
96,223,38,449,3594,-676,0,0
96,504,-28,566,3725,-679,0,0
95,701,-17,648,3734,-633,0,0
31,925,2,656,3767,-603,0,0
-57,1238,-87,854,3787,-676,0,0
-116,1310,-269,1222,3708,-801,0,0
-90,1012,-393,1531,3522,-852,0,0
-20,354,-302,1622,3435,-779,0,0
3,-210,-53,1344,3528,-678,0,0
8,-362,192,1144,3597,-662,0,0
19,-663,275,948,3688,-665,0,0
60,-837,242,751,3848,-629,0,0
82,-618,251,607,3829,-447,0,0
-19,-279,234,581,3818,-460,0,0
-127,-103,84,683,3802,-674,0,0
-132,53,-73,871,3710,-709,0,0
-75,61,-114,1050,3615,-696,0,0
-19,-30,-36,999,3657,-596,0,0
-3,2,67,945,3835,-652,0,0
27,-46,62,809,3713,-705,0,0
74,-84,46,712,3599,-694,0,0
113,-72,63,633,3706,-604,0,0
121,66,49,551,3788,-530,0,0
99,266,-39,588,3733,-533,0,0
62,415,-113,771,3761,-572,0,0
4,310,-127,887,3802,-660,0,0
-46,389,-165,892,3633,-702,0,0
-59,669,-228,1104,3633,-750,0,0
-58,720,-228,1320,3580,-778,0,0
-54,447,-122,1339,3639,-787,0,0
-31,123,48,1165,3567,-708,0,0
-39,-101,143,886,3603,-635,0,0
-60,-116,97,810,3738,-629,0,0
-63,-45,25,925,3773,-590,0,0
-59,-68,42,984,3691,-555,0,0
-53,-143,129,869,3605,-543,0,0
-45,-142,192,697,3430,-621,0,0
-16,-23,174,677,3411,-685,0,0
38,43,77,841,3639,-631,0,0
79,14,-64,1023,4012,-483,0,0
99,68,-182,1106,4252,-376,0,0
68,182,-206,1154,4060,-421,0,0
6,230,-112,1216,3820,-533,0,0
-28,58,15,1091,3671,-614,0,0
-34,-91,81,922,3564,-639,0,0
-32,-92,86,878,3523,-645,0,0
-27,-93,33,888,3516,-607,0,0
-24,-144,-27,927,3545,-585,0,0
-11,-176,-49,958,3619,-536,0,0
-3,-125,-21,927,3766,-471,0,0
-18,-19,7,918,3789,-540,0,0
-18,54,19,898,3605,-583,0,0
6,85,42,920,3543,-584,0,0
9,49,47,923,3628,-578,0,0
18,62,40,899,3622,-536,0,0
30,134,36,934,3678,-534,0,0
31,129,27,938,3738,-569,0,0
38,167,40,885,3759,-569,0,0
50,276,41,940,3770,-576,0,0
47,266,25,969,3692,-593,0,0
43,241,21,956,3666,-568,0,0
42,257,17,980,3642,-554,0,0
27,245,5,992,3675,-558,0,0
18,292,-8,1010,3713,-565,0,0
10,288,-3,1067,3709,-575,0,0
4,160,5,1077,3806,-579,0,0
3,55,10,1079,3767,-585,0,0
-2,8,36,1081,3719,-568,0,0
-14,-34,78,1064,3633,-541,0,0
-39,-101,93,1072,3669,-537,0,0
-52,-168,67,1107,3717,-515,0,0
-58,-219,40,1166,3760,-545,0,0
-46,-272,34,1166,3679,-569,0,0
-24,-307,65,1136,3606,-558,0,0
3,-327,102,1068,3691,-509,0,0
22,-320,93,1057,3791,-532,0,0
50,-282,88,1025,3699,-514,0,0
62,-251,117,977,3644,-568,0,0
80,-211,127,894,3650,-544,0,0
89,-70,106,875,3620,-548,0,0
75,103,67,905,3602,-532,0,0
48,228,14,980,3648,-570,0,0
31,313,-18,1064,3550,-611,0,0
13,345,-24,1142,3586,-640,0,0
2,367,-43,1195,3616,-656,0,0
-11,357,-68,1302,3647,-687,0,0
-19,239,-76,1370,3629,-708,0,0
-19,44,-63,1354,3566,-722,0,0
-5,-98,-32,1280,3522,-664,0,0
-8,-157,8,1229,3528,-601,0,0
-39,-217,13,1182,3593,-575,0,0
-70,-261,1,1177,3646,-629,0,0
-71,-298,-8,1158,3618,-645,0,0
-56,-301,9,1124,3602,-604,0,0
-50,-281,32,1099,3589,-555,0,0
-65,-254,40,1034,3556,-525,0,0
-76,-194,30,1005,3560,-573,0,0
-54,-107,32,1002,3582,-538,0,0
-48,-30,40,996,3660,-513,0,0
-55,59,31,981,3679,-464,0,0
-82,165,3,1020,3717,-519,0,0
-103,230,-55,1145,3850,-613,0,0
-80,210,-102,1272,3725,-645,0,0
-44,99,-64,1323,3597,-611,0,0
-32,-99,-12,1201,3630,-563,0,0
-35,-213,-3,1078,3643,-515,0,0
-36,-280,-23,1058,3655,-499,0,0
-33,-335,-26,1023,3710,-494,0,0
-27,-292,0,971,3763,-454,0,0
-8,-127,45,878,3610,-375,0,0
-26,44,49,872,3685,-388,0,0
-47,168,-28,979,3850,-508,0,0
-12,224,-113,1163,3762,-552,0,0
28,163,-64,1196,3664,-463,0,0
-4,74,64,998,3730,-449,0,0
-39,115,93,909,3706,-496,0,0
-46,190,28,1016,3601,-536,0,0
-40,152,-53,1185,3668,-511,0,0
-34,46,-84,1257,3710,-467,0,0
-27,-2,-60,1257,3672,-463,0,0
-19,-59,-3,1194,3689,-471,0,0
-26,-145,42,1040,3709,-480,0,0
-40,-158,46,930,3646,-470,0,0
-58,-108,12,928,3699,-465,0,0
-79,-84,-51,985,3655,-488,0,0
-106,-112,-84,1071,3609,-470,0,0
-132,-186,-78,1089,3686,-513,0,0
-136,-248,-61,1103,3702,-543,0,0
-126,-332,-51,1037,3670,-536,0,0
-106,-413,-55,999,3718,-536,0,0
-77,-477,-40,952,3723,-494,0,0
-58,-491,-12,891,3713,-469,0,0
-57,-536,-3,839,3764,-496,0,0
-37,-535,-28,789,3723,-469,0,0
-23,-444,-31,774,3654,-419,0,0
-47,-381,-30,731,3691,-392,0,0
-71,-283,-56,768,3709,-393,0,0
-90,-265,-102,767,3726,-414,0,0
-95,-250,-126,768,3812,-465,0,0
-73,-211,-115,735,3692,-519,0,0
-33,-190,-97,694,3614,-525,0,0
26,-159,-66,656,3668,-473,0,0
72,-77,-39,623,3743,-371,0,0
87,63,-38,607,3836,-292,0,0
85,243,-65,593,3861,-326,0,0
78,369,-88,575,3986,-427,0,0
77,440,-127,589,3867,-494,0,0
54,476,-146,648,3809,-563,0,0
47,532,-169,754,3786,-605,0,0
63,619,-175,900,3609,-581,0,0
50,463,-139,1032,3624,-615,0,0
51,238,-81,974,3586,-583,0,0
53,161,-9,986,3610,-662,0,0
63,-9,52,929,3611,-667,0,0
66,-165,116,884,3628,-661,0,0
58,-351,174,876,3657,-610,0,0
40,-535,228,794,3644,-495,0,0
0,-573,288,740,3580,-461,0,0
-37,-594,318,629,3688,-463,0,0
-108,-677,241,466,3913,-518,0,0
-166,-570,110,578,3963,-642,0,0
-208,-442,52,745,3902,-712,0,0
-226,-511,57,839,3854,-775,0,0
-187,-693,68,843,3965,-761,0,0
-113,-880,44,740,4101,-641,0,0
-6,-853,45,558,3850,-531,0,0
78,-647,127,338,3807,-414,0,0
75,-380,156,206,3917,-422,0,0
41,1,96,232,3936,-534,0,0
26,201,-24,403,3825,-638,0,0
41,240,-105,497,3644,-658,0,0
61,314,-109,580,3653,-683,0,0
88,315,-105,652,3702,-652,0,0
94,316,-97,687,3720,-634,0,0
90,341,-61,711,3640,-692,0,0
95,319,-25,637,3564,-739,0,0
106,334,-20,704,3599,-739,0,0
98,259,-24,729,3750,-770,0,0
122,296,-32,730,3780,-775,0,0
138,318,9,715,3651,-747,0,0
116,281,54,586,3669,-758,0,0
106,335,41,573,3659,-774,0,0
103,406,13,689,3598,-752,0,0
89,416,9,687,3604,-750,0,0
92,554,34,644,3591,-759,0,0
114,773,31,646,3780,-802,0,0
129,844,-16,759,3979,-803,0,0
124,739,-57,883,3875,-811,0,0
104,591,-67,828,3655,-720,0,0
65,578,-58,905,3717,-675,0,0
32,573,-98,1019,3928,-580,0,0
-22,454,-149,1099,3863,-661,0,0
-67,217,-164,1018,3446,-807,0,0
-113,-29,-121,946,3253,-844,0,0
-122,-169,-62,1089,3473,-732,0,0
-106,-404,-3,1111,3737,-558,0,0
-46,-490,87,962,3812,-487,0,0
33,-453,156,838,3791,-441,0,0
92,-286,193,653,3640,-294,0,0
105,91,220,517,3620,-243,0,0
70,435,156,605,3741,-175,0,0
1,534,22,589,3754,-264,0,0
-49,665,-123,489,3790,-396,0,0
-75,935,-247,641,3742,-414,0,0
-127,1079,-321,856,3520,-388,0,0
-162,1217,-337,1052,3480,-329,0,0
-154,1086,-291,1295,3618,-341,0,0
-108,747,-225,1403,3827,-220,0,0
-62,623,-185,1429,4162,-189,0,0
-24,477,-162,1338,4185,-81,0,0
-50,549,-75,1328,3837,-124,0,0
-88,406,68,1283,3688,-472,0,0
-81,-207,80,945,3735,-609,0,0
-54,-670,-23,871,3905,-454,0,0
-5,-910,-39,1002,4082,-331,0,0
78,-1166,88,873,3792,-254,0,0
131,-1193,203,703,3901,-226,0,0
160,-966,235,600,3766,-163,0,0
141,-691,219,609,3739,-231,0,0
119,-530,154,582,3695,-306,0,0
87,-319,58,635,3704,-413,0,0
85,-217,-23,652,3623,-431,0,0
95,-174,-44,622,3672,-473,0,0
113,-13,-30,558,3708,-483,0,0
116,269,6,597,3684,-515,0,0
96,478,16,660,3745,-527,0,0
64,654,-13,745,3705,-563,0,0
20,634,-58,817,3635,-603,0,0
-28,517,-116,885,3698,-640,0,0
-49,360,-177,971,3660,-684,0,0
-59,103,-192,965,3671,-622,0,0
