-36,-48,-60,1179,3764,-694,0,0
-30,-50,-77,1171,3702,-652,0,0
-39,-18,-82,1230,3815,-659,0,0
-52,-21,-64,1333,3852,-698,0,0
-104,-145,18,1423,3834,-802,0,0
-141,-349,119,1382,3806,-788,0,0
-105,-456,167,1257,3791,-629,0,0
-57,-332,178,1169,3779,-549,0,0
-20,-149,187,1168,3776,-514,0,0
-22,-110,180,1135,3767,-541,0,0
-45,-125,129,1120,3775,-575,0,0
-63,-202,41,1099,3756,-646,0,0
-72,-282,-37,1095,3727,-758,0,0
-74,-284,-61,1259,3869,-864,0,0
-33,-370,-60,1295,3890,-796,0,0
54,-315,-33,1228,3772,-607,0,0
117,-143,15,1187,3863,-519,0,0
152,37,65,1175,3926,-480,0,0
152,206,112,1087,3841,-440,0,0
90,345,124,1045,3744,-400,0,0
7,365,32,1112,3726,-424,0,0
-49,290,-126,1146,3711,-409,0,0
-99,211,-237,1162,3763,-464,0,0
-128,177,-281,1259,3884,-621,0,0
-102,284,-223,1353,3920,-829,0,0
-22,507,-92,1442,3831,-954,0,0
52,463,-12,1430,3740,-876,0,0
76,198,-24,1305,3714,-647,0,0
108,167,-2080,950,3765,-484,0,0
262,1331,-157,-425,3511,-505,0,0
898,4651,-736,-1414,3278,-998,0,0
1928,9816,-847,566,2844,-1891,0,0
2602,9666,258,5068,3150,-134,0,0
2807,10253,2190,10035,5366,222,0,0
1059,8402,4330,11612,7885,2088,0,0
-696,3449,5496,7965,10831,4749,0,0
-1857,-879,6111,6106,10517,7509,0,0
-2769,-2767,6338,5276,8390,6534,0,0
-3269,-1886,6437,3645,5562,4546,0,0
-3371,-1526,6402,2332,3464,2804,0,0
-2846,-1817,6437,2198,4079,1942,0,0
-2461,-1720,6159,2429,5136,1322,0,0
-2253,-1227,5773,1974,5055,328,0,0
-2092,-754,5464,1408,4534,714,0,0
-1734,-1583,4999,701,4856,-1474,0,0
-410,-2226,4765,-3757,3614,-2697,0,0
681,178,4140,-8415,-816,-5107,0,0
544,-323,2444,-11200,-1456,-4809,0,0
-259,-111,-978,-12681,-1622,-5992,0,0
-282,-553,-3739,-7628,-463,-3896,0,0
-222,-220,-5364,-4599,1198,-2402,0,0
-156,-96,-7254,-1243,3726,-1628,0,0
-414,-959,-8993,1530,7294,-738,0,0
-449,-1504,-9850,2778,10955,-427,0,0
62,58,-9458,3945,11277,708,0,0
196,1862,-8128,3650,8226,1834,0,0
-253,1370,-6630,2619,6738,1635,0,0
-1031,-1255,-5711,3298,6533,1236,0,0
-2527,-4598,-5087,4282,8549,224,0,0
-4185,-4407,-3944,5053,8682,-523,0,0
-4922,-2651,-2987,7344,11475,-3098,0,0
-4742,-304,-1642,10784,11789,-14908,0,0
-317,800,704,6471,6023,-14595,0,0
3596,2410,2016,5405,7839,-476,0,0
3679,4076,1896,7469,10031,-1860,0,0
2818,5935,3243,6181,11611,-1815,0,0
624,5598,5171,4998,8540,1489,0,0
-1700,2630,6131,3104,6532,1289,0,0
-2762,829,6399,1961,4867,1296,0,0
-3034,-465,6013,1511,4427,1590,0,0
-2624,-2250,5360,2101,5738,1606,0,0
-1937,-2169,5419,1607,5952,1367,0,0
-1402,-756,5560,1664,5456,1094,0,0
-1076,-1029,5563,1464,4397,729,0,0
-951,-165,6004,292,2595,-277,0,0
-1049,-107,6295,-1575,449,-2438,0,0
-332,-1768,6098,-4391,-1573,-2825,0,0
-17,-936,5357,-7483,-3304,-3104,0,0
-319,-3411,3429,-9185,-1658,-2172,0,0
-1012,-2044,621,-10711,-574,-1469,0,0
-1461,371,-2120,-4893,580,-2032,0,0
-1529,-1623,-3503,-3458,425,-965,0,0
-1444,-1494,-4479,-2301,-104,-1586,0,0
-1314,-1155,-5463,-426,-1719,-2323,0,0
-1198,259,-5989,978,-1546,-2785,0,0
-969,706,-6240,2048,-606,-3405,0,0
-235,611,-5576,1718,-2501,-1514,0,0
-371,120,-4889,-207,-1709,-1333,0,0
-776,-473,-5095,347,2565,-1590,0,0
-1210,-1358,-5445,1689,6807,-1176,0,0
-1938,-2072,-5752,1743,7378,-986,0,0
-2136,-741,-5332,1752,5842,-382,0,0
-2104,248,-4672,1883,4789,281,0,0
-2437,-51,-4110,1952,5718,139,0,0
-3165,-1402,-3732,3142,5677,-278,0,0
-3833,-2130,-2816,3945,6580,-3238,0,0
-3357,-1501,-2095,4899,8623,-2567,0,0
-2962,1029,-1546,3711,7970,-3732,0,0
-2303,1031,-1240,4816,9238,-3875,0,0
-978,-251,-929,3399,7178,-824,0,0
555,-616,-92,2445,3079,-1373,0,0
590,-2592,521,197,3266,1733,0,0
533,-717,467,-525,2406,292,0,0
581,2298,648,-324,2029,-421,0,0
827,6099,916,274,3069,449,0,0
597,7341,1248,3750,3523,-252,0,0
408,3561,1294,6952,5019,-1695,0,0
907,1140,1550,8573,8573,-1699,0,0
754,3329,2759,7272,10677,991,0,0
-1083,3581,4139,6731,10054,2059,0,0
-2483,1965,4739,5311,8511,3392,0,0
-2704,1218,4636,2529,5895,2691,0,0
-2134,1866,4165,838,5220,3105,0,0
-2884,3668,3784,1442,6711,3569,0,0
-5392,3214,3607,1337,8174,646,0,0
-6477,116,3473,509,7807,-159,0,0
-6349,-3250,4079,666,6389,1499,0,0
-5483,-3460,5064,-1295,3783,-714,0,0
-4370,1004,4823,-1375,-729,-3469,0,0
-3763,879,3790,-551,-1827,-4418,0,0
-3310,-3155,3104,-3045,-3607,-6002,0,0
-2406,-5206,2479,-3730,-1530,-3464,0,0
-1660,-4495,2380,-3009,-453,-3804,0,0
-380,-6474,1509,-6374,-1723,-484,0,0
163,-2841,-2488,-6107,-2116,-164,0,0
94,-1746,-1499,-3016,-1616,147,0,0
-461,-1984,-1715,-4053,-1915,1320,0,0
-1271,763,-2307,-4086,-1831,-435,0,0
-1771,40,-3635,-2714,-1305,-2083,0,0
-2001,-964,-4672,-1065,-2058,-2339,0,0
-2174,-733,-5275,-1028,-2381,-1693,0,0
-2470,-1339,-5739,-880,-1307,-1822,0,0
-3009,-1728,-5756,-1196,1197,-1001,0,0
-3470,987,-5494,-665,5421,-163,0,0
-3320,3237,-5504,386,8908,-261,0,0
-2293,3719,-5467,707,9000,-262,0,0
-1484,1833,-5831,1610,8619,748,0,0
-1622,693,-6104,2642,7685,297,0,0
-2049,-1808,-5839,4191,8082,-290,0,0
-3076,-2495,-4853,5085,8665,201,0,0
-3525,1342,-3670,6564,9620,-2532,0,0
-2341,1716,-2947,8459,11098,-1609,0,0
-1335,-1628,-1798,11521,11195,-1164,0,0
426,-3111,466,2774,4951,-1185,0,0
633,-4737,1276,-646,3027,2976,0,0
458,-3371,662,-1027,1709,1746,0,0
413,-221,327,-1217,2752,935,0,0
512,2372,302,-1051,3150,827,0,0
312,3448,245,323,3792,469,0,0
-30,2996,26,505,3610,-416,0,0
-206,4067,-5,680,3009,-279,0,0
-132,5595,522,4481,2531,-2110,0,0
42,4230,1584,7848,3882,-2093,0,0
18,2401,2814,8413,6016,-379,0,0
-85,2617,3855,8413,7509,3106,0,0
-929,2634,4848,8104,8797,6232,0,0
-2726,1985,5489,7240,9447,7841,0,0
-4547,567,5427,5266,10134,6885,0,0
-5276,-1388,5188,3766,8572,4876,0,0
-4981,-3674,5146,2079,6194,2476,0,0
-4215,-3911,5472,1262,4259,1306,0,0
-3829,-4570,5198,875,2226,1876,0,0
-240,-769,-1321,-6380,4230,1507,0,0
-1977,-200,-3961,-6174,-1009,-415,0,0
-2211,646,-5025,-3441,1049,-200,0,0
-2459,2696,-6118,-588,3872,-94,0,0
-2327,3530,-7492,805,7142,-400,0,0
-1814,2505,-8732,2164,9341,124,0,0
-698,2950,-8842,2772,9738,1475,0,0
554,6480,-7172,2585,6936,1489,0,0
1327,6461,-5351,1230,6035,869,0,0
1507,24,-5181,1263,7043,1728,0,0
365,-5254,-5505,3456,8629,1435,0,0
-1733,-5833,-5538,5480,8939,581,0,0
-3091,-3032,-4562,7305,10345,-1647,0,0
-3311,-622,-3561,8606,12634,-3412,0,0
-3130,864,-1543,14249,8443,-1854,0,0
1322,1792,1691,7045,9971,-5589,0,0
2910,4145,2812,6217,10527,1238,0,0
1241,4700,3560,5595,9226,-990,0,0
-41,5325,4340,4053,7355,632,0,0
-1509,3971,4702,3030,5772,1691,0,0
-2716,2746,4915,2973,6361,1567,0,0
-3871,2503,5130,1747,7781,1166,0,0
-4821,755,5126,749,8709,524,0,0
-4641,-2776,5324,54,9556,670,0,0
-3660,-4104,5898,-713,7552,1448,0,0
-3323,-2433,6442,-621,2742,1765,0,0
-3151,-1488,6461,-660,315,-828,0,0
-2198,-3087,5862,-2177,-1768,-1576,0,0
-1459,-3953,5598,-4069,-2658,-1574,0,0
-1012,-4662,4861,-2917,-1410,-778,0,0
-964,-3107,3877,-5548,-1252,-1244,0,0
-998,585,2736,-5340,-888,-1915,0,0
-599,491,1519,-6244,-1098,-1167,0,0
-83,34,398,-4927,-1072,-815,0,0
-39,-579,-585,-4780,-1315,-594,0,0
-600,-934,-1549,-4280,-718,139,0,0
-1049,106,-2604,-4678,-147,-1217,0,0
-913,593,-3756,-4192,-154,-1555,0,0
-978,-194,-4978,-3559,-806,-1383,0,0
-1433,-195,-5667,-2177,-1934,-1989,0,0
-2308,-562,-5935,-633,-2231,-2764,0,0
-3157,-1481,-5933,-44,-30,-3088,0,0
-3734,-2185,-5906,609,3614,-2011,0,0
-4456,-1131,-5602,491,7129,-571,0,0
-4263,2026,-5029,906,7963,-760,0,0
-3024,4705,-4542,1795,6161,-708,0,0
-2277,3440,-4356,1812,5377,-225,0,0
-2309,-1075,-4240,2440,5162,-124,0,0
-3013,-409,-3737,2396,6265,-426,0,0
-3696,-2402,-3134,3652,8629,-1415,0,0
-3804,2492,-2812,5056,7945,-2627,0,0
-3231,2740,-2012,6568,10283,-1763,0,0
-3322,-24,-810,8371,11980,-1770,0,0
-723,-4417,333,2888,3630,-7219,0,0
578,-3110,1334,789,3883,861,0,0
338,-3423,1745,82,3134,1052,0,0
338,-2821,1486,-343,3112,678,0,0
550,-469,1009,287,3782,406,0,0
721,400,336,650,4278,600,0,0
570,195,-32,691,4255,574,0,0
196,-253,20,510,3863,186,0,0
-177,-345,288,383,3796,-200,0,0
-493,-299,523,516,3961,-463,0,0
-723,-551,620,757,4001,-454,0,0
-836,-994,657,707,3859,-404,0,0
-822,-1420,650,495,3500,-472,0,0
-666,-1190,547,-28,2960,-842,0,0
-201,726,144,-552,2828,-1190,0,0
503,4660,-615,-825,3216,-1881,0,0
1122,6541,-1292,867,4627,-3845,0,0
1550,5679,-1139,4535,6391,-4515,0,0
2369,4919,113,6100,9594,-2928,0,0
2693,7150,1798,7979,10437,60,0,0
1549,5684,3341,6271,9183,1394,0,0
282,2028,3870,4012,5350,2547,0,0
-846,1838,4440,2863,3355,2439,0,0
-1843,2333,5120,2042,4752,2286,0,0
-2808,1683,5350,1764,6222,2926,0,0
-3606,429,5236,1742,6636,2442,0,0
-3880,-630,5249,1765,7019,1899,0,0
-3756,-1295,5397,1119,5754,2131,0,0
-4017,-1671,5517,483,2938,1487,0,0
-4051,-2815,5589,27,429,-609,0,0
-3129,-3497,5694,-124,-779,-2343,0,0
-1911,-3776,5722,-3408,-1878,-2874,0,0
-668,-4601,4580,-4007,-1883,-3312,0,0
356,-4668,3386,-4808,-251,-1166,0,0
317,-849,2128,-6219,-580,-1003,0,0
280,942,904,-5516,-1017,-1203,0,0
171,319,-129,-4586,-1744,191,0,0
-437,-1188,-970,-4137,-1564,-4,0,0
-1115,-148,-1844,-4450,-543,-1102,0,0
-1275,1430,-2934,-4171,-383,-1254,0,0
-1343,433,-4037,-2914,-315,-1136,0,0
-1721,185,-4959,-1910,-370,-1695,0,0
-1852,1579,-5708,-259,-884,-2458,0,0
-1338,3055,-6128,1738,-730,-3850,0,0
-195,2263,-6558,2717,1489,-2788,0,0
444,1764,-6840,2748,4145,-381,0,0
469,3802,-6498,2793,7080,453,0,0
771,2549,-6524,2699,7749,-249,0,0
902,-1191,-6398,2794,6357,659,0,0
-113,-2820,-5547,2584,4876,875,0,0
-1441,-4411,-4749,2852,4868,908,0,0
-2753,-4966,-3812,3529,4532,96,0,0
-3083,-952,-2871,3071,7956,110,0,0
-2875,2677,-2529,4259,8894,-1433,0,0
-2719,3754,-1796,7421,8086,-3071,0,0
-2183,-125,-866,8304,10268,-1385,0,0
317,-2885,514,2727,4358,-1454,0,0
1120,-4963,824,1184,2766,1925,0,0
951,-5382,818,575,2956,1265,0,0
731,-3373,752,320,3843,675,0,0
743,-1180,758,272,4300,425,0,0
612,122,898,408,4289,232,0,0
282,875,1021,664,3884,106,0,0
-51,805,1034,769,3833,74,0,0
-390,104,945,602,4233,570,0,0
-879,-586,923,393,4120,394,0,0
-1187,-1138,915,376,3979,-23,0,0
-1269,-1634,804,523,3803,-220,0,0
-1186,-1591,718,159,3529,-617,0,0
-734,295,512,-681,3187,-1100,0,0
-149,4481,-242,-1047,3452,-623,0,0
442,4874,-1089,1072,3292,-1354,0,0
984,4801,-973,2780,3932,-2992,0,0
1783,4381,-277,3433,4509,-2655,0,0
2465,5294,673,6099,5853,-1143,0,0
2570,6190,2023,7829,9129,119,0,0
1594,7151,3326,8074,11408,1922,0,0
-282,5687,4228,5155,11238,2639,0,0
-1589,2299,4199,2499,8743,3679,0,0
-2024,-548,4031,1158,5382,4898,0,0
-2820,-563,4133,1005,4494,3569,0,0
-4002,615,4308,436,5985,2334,0,0
-4930,418,4381,-99,6903,1796,0,0
-1277,500,-4361,-6057,694,-1697,0,0
-870,2195,-5633,-2534,1950,-1193,0,0
-338,2392,-6630,414,3628,-961,0,0
37,1492,-7453,1020,5101,-423,0,0
208,545,-7949,2178,6640,-224,0,0
484,486,-7347,2590,6238,144,0,0
581,1176,-6332,2420,5012,320,0,0
559,508,-5475,2755,4449,879,0,0
-208,-1669,-4982,3354,5470,1263,0,0
-1415,-1444,-4738,4268,6840,447,0,0
-2328,-941,-4707,5158,8932,-1429,0,0
-2740,-972,-4602,6280,11198,-1493,0,0
-3279,-1909,-3782,6527,9240,-3821,0,0
-3454,-2820,-2411,5133,6881,-2449,0,0
-3874,-1772,-1059,4753,4697,-3379,0,0
-2866,-3890,119,4512,4997,-1728,0,0
130,-3113,553,695,2975,-2091,0,0
948,-2050,329,1809,4086,1915,0,0
603,-1678,234,610,4125,1738,0,0
227,-1606,126,355,3992,1110,0,0
130,-1699,350,461,3788,704,0,0
48,-1324,632,139,4049,762,0,0
-230,-10,568,202,4074,881,0,0
-706,745,586,632,3940,294,0,0
-1032,524,666,817,4238,-6,0,0
-1220,-224,642,901,3904,-165,0,0
-1218,-1938,361,821,3903,-921,0,0
-700,-3680,-46,26,3156,-1994,0,0
282,-2391,-393,-1438,2816,-2605,0,0
1270,2556,-1119,-1011,2648,-2988,0,0
2039,4951,-1673,-82,3868,-4483,0,0
2989,5276,-1611,3096,6058,-4134,0,0
3285,4127,-373,5622,8510,-5334,0,0
3353,5215,1562,7699,11708,-4718,0,0
2743,5678,3676,7217,12483,-2009,0,0
1299,4916,4775,4915,8719,541,0,0
-215,3798,5196,2979,4700,1619,0,0
-1381,3284,5753,2062,4439,1543,0,0
-2314,2647,6116,1701,5774,1914,0,0
-2806,-2330,5186,1595,5553,608,0,0
-2244,-1330,5038,887,3800,-151,0,0
-2322,219,5459,-572,1196,-672,0,0
-2304,-2261,5582,-2342,-412,-3753,0,0
-767,-5050,5591,-3347,-1574,-2463,0,0
374,-4136,5209,-6903,-1582,-683,0,0
97,-1547,3610,-7887,-1785,-591,0,0
-441,-1281,1060,-7744,-809,-2239,0,0
-296,-978,-549,-4977,-1661,-127,0,0
-763,-870,-1550,-5138,-1666,811,0,0
-1310,2027,-2396,-4380,-921,-2664,0,0
-1375,2413,-3295,-3156,-742,-1328,0,0
-1313,792,-4138,-2277,-890,-2021,0,0
-1346,-603,-5034,-1238,-1309,-2244,0,0
-1095,315,-5830,336,-953,-2856,0,0
-580,1103,-6192,1196,-1005,-2270,0,0
-340,505,-6434,1605,720,-1778,0,0
-523,360,-6604,1701,2979,-265,0,0
-1087,1130,-6185,2040,6139,-251,0,0
-1469,542,-5780,1575,7667,643,0,0
-1838,-361,-5247,1487,5617,1267,0,0
-2328,-1351,-4553,1542,6048,1234,0,0
-3038,-1580,-4548,3103,5636,-715,0,0
-3356,-1860,-3880,3239,6667,-964,0,0
-3775,-1380,-2951,5819,9025,-4124,0,0
-3735,-2609,-1531,5723,10144,-4013,0,0
-3703,-3315,-350,5127,11086,-5207,0,0
-1295,-3416,229,968,6506,-1908,0,0
688,-3313,43,2076,3196,-1984,0,0
718,-2716,793,893,3223,536,0,0
767,-1306,858,253,2402,431,0,0
905,-1236,606,342,3126,347,0,0
1152,-924,-49,1012,4583,180,0,0
1313,-370,-497,506,4940,72,0,0
890,1266,-187,225,3680,-638,0,0
344,1623,432,-119,2994,-1371,0,0
101,834,531,62,3205,-985,0,0
48,-95,83,890,3390,-58,0,0
-217,-347,-250,1085,3063,686,0,0
-570,-914,-334,510,3026,513,0,0
-812,-975,-382,295,3266,-113,0,0
-840,-159,-371,264,3163,-396,0,0
-793,1885,-234,379,2546,-1476,0,0
-187,4688,-140,479,2599,-2340,0,0
225,5335,-733,3899,4999,-4388,0,0
860,2194,-551,6037,8830,-5459,0,0
2076,2268,552,7233,11739,-6360,0,0
2763,2226,1954,7951,10393,-5393,0,0
2814,1999,3619,6085,7968,-2072,0,0
2465,2035,4692,4583,5698,996,0,0
1596,2501,5951,3058,6092,1468,0,0
411,2145,7243,1887,8020,802,0,0
-363,1083,7733,1771,8492,1490,0,0
-869,836,7374,1869,8509,1525,0,0
-1452,434,7068,1555,7802,1483,0,0
-2129,-187,6504,-710,4051,414,0,0
-2278,58,7191,-3136,-634,-1815,0,0
-1766,-1598,6206,-2553,-987,-2523,0,0
-783,-1127,5339,-5925,-1237,-3015,0,0
-665,1694,4173,-5537,-2584,-4040,0,0
-463,598,2062,-4875,-554,-3982,0,0
-135,-729,318,-5701,-94,-4089,0,0
469,-936,-866,-3984,-798,-3092,0,0
697,-1800,-1550,-2799,-1214,-1625,0,0
159,-1161,-2323,-3217,-1313,-1543,0,0
-74,-460,-3260,-1966,-1042,-1726,0,0
-145,-1541,-4022,-1098,-1442,-1335,0,0
-734,-2373,-4665,-525,-2657,-867,0,0
-1396,-577,-5100,-18,-2894,-1213,0,0
-1377,1995,-5325,1221,-1633,-1899,0,0
-754,2194,-5733,2338,537,-2397,0,0
-296,1685,-6360,4070,3375,-1801,0,0
391,1484,-6647,3850,6144,-723,0,0
801,-713,-7292,3312,6405,467,0,0
-48,-2021,-7294,3074,5928,756,0,0
-1286,-2874,-6439,3450,5124,334,0,0
-2417,-3183,-4863,3507,3362,-169,0,0
-2814,-1496,-2943,3491,2902,-1030,0,0
-2808,-3768,-2079,4008,6523,-326,0,0
-3406,-2985,-1284,3565,8833,-1896,0,0
-3615,-1325,-316,2317,10892,-3303,0,0
-2089,16,433,5409,8182,-52,0,0
6,-2164,702,148,2444,-2875,0,0
84,-2072,401,1037,4432,1774,0,0
-121,-2837,651,764,3051,1055,0,0
67,-3563,580,343,2682,680,0,0
432,-2932,291,613,3528,822,0,0
625,-1901,-190,346,3786,1007,0,0
566,-220,-449,421,3988,990,0,0
303,1827,-391,601,3834,192,0,0
65,3051,118,-188,3370,-434,0,0
-169,3697,94,-112,3068,48,0,0
-542,4700,-206,247,2610,208,0,0
-525,4770,-438,175,2611,-1233,0,0
262,5379,-305,3533,3926,-2535,0,0
848,3928,121,6762,6600,-3300,0,0
1541,3098,1184,7930,9052,-2278,0,0
1708,3385,2554,8882,10685,-276,0,0
651,4063,4182,7140,11096,1235,0,0
-1298,3576,5535,4341,9266,2371,0,0
-2872,425,6042,2430,5666,3149,0,0
-3198,-1893,6453,2256,4680,3743,0,0
-2897,-2520,7284,1890,5616,2407,0,0
-2161,-2774,7553,2352,5452,2893,0,0
-1825,-2227,7203,2145,5877,2217,0,0
-1301,-1388,6193,2015,5850,1346,0,0
-1108,-902,4849,229,3314,1145,0,0
-1587,-292,4930,-1659,527,-960,0,0
-1727,-1060,4824,-2588,-1190,-2408,0,0
-1043,-2848,4612,-4561,-1713,-3074,0,0
-222,-2003,4111,-6462,-2610,-1819,0,0
-731,-700,2652,-5375,-2347,-2464,0,0
-511,-2842,984,-5216,-1149,-2963,0,0
151,-2232,88,-4264,-1162,-1260,0,0
72,-2200,-441,-4726,-1880,-141,0,0
-260,1262,-1212,-4576,-1597,-354,0,0
-477,556,-2269,-4893,-855,-1387,0,0
-550,-289,-3536,-4025,-326,-1616,0,0
-787,54,-4684,-2696,-1177,-1292,0,0
-1158,1017,-5479,-955,-2021,-1850,0,0
-1276,865,-5953,-4,-2221,-2724,0,0
-1357,-292,-6237,633,-1266,-2709,0,0
-1625,-2007,-6215,706,2149,-2305,0,0
-1826,-1447,-6344,406,5482,-379,0,0
-1719,1996,-7141,1122,7712,-16,0,0
-1235,3712,-6941,1824,7318,279,0,0
-640,3583,-6062,1246,6695,1537,0,0
-664,1930,-5027,1035,6268,1118,0,0
-1081,-2410,-5347,3476,7599,668,0,0
-2353,-683,-5032,5046,7550,447,0,0
-4034,-2009,-3380,5062,9930,-437,0,0
-4044,1003,-2108,5848,9936,-2117,0,0
-1789,-1003,-1376,10333,11406,-1688,0,0
930,-3732,-453,4094,2122,-3899,0,0
149,-5269,954,1240,3691,2389,0,0
-425,-6226,1605,269,3693,1521,0,0
-11,-4257,1342,70,3734,578,0,0
622,-2100,559,346,3808,865,0,0
866,-1117,-229,823,3538,710,0,0
902,-918,-463,697,3549,522,0,0
692,-12,-426,858,4245,357,0,0
144,529,-51,532,4491,435,0,0
-424,1765,588,-205,4122,-49,0,0
-453,3852,698,-634,3787,-225,0,0
-2072,7216,-123,-851,2538,835,0,0
203,2035,-1138,2271,1838,476,0,0
178,7114,-959,5360,2921,-3423,0,0
621,4091,161,4925,4714,-1755,0,0
832,4508,1455,7052,6023,468,0,0
401,4576,2805,7808,9876,2688,0,0
-770,2596,4026,7113,11329,3385,0,0
-1544,-369,4861,5943,10392,2595,0,0
-1696,-1833,4896,3884,8182,3328,0,0
-2255,-512,4834,2163,5267,3084,0,0
-2546,-515,4703,1419,3923,2068,0,0
-2632,-1285,4917,1066,4566,1571,0,0
-2571,-2164,5263,1034,4795,1116,0,0
-2086,-3161,5314,1021,5112,1570,0,0
-1272,-2841,5175,880,6339,1489,0,0
-833,-113,5421,561,2577,1511,0,0
-1501,1425,5623,-276,-91,-494,0,0
-2053,249,5204,-1140,-2531,-1774,0,0
-2029,-1270,4594,-3145,-3380,-3286,0,0
-1540,-2231,3881,-3961,-2757,-3456,0,0
-1111,-2235,3038,-5720,-2930,-3177,0,0
-834,-3249,1469,-4007,-1689,-2933,0,0
-425,-4051,379,-5381,-1158,-1508,0,0
-295,-459,-736,-5199,-1361,-195,0,0
-147,1283,-2019,-4260,-1499,-811,0,0
39,913,-3162,-3111,-1356,-1311,0,0
-4,1035,-3986,-2164,-1516,-1167,0,0
-146,1510,-4570,-882,-1761,-1719,0,0
-27,1275,-5026,747,-1956,-2564,0,0
464,779,-5487,1597,-1059,-1887,0,0
815,1487,-5384,1860,-401,-617,0,0
651,1982,-5218,1105,1245,-893,0,0
763,1751,-5473,1133,4407,-425,0,0
830,-273,-6151,2043,7367,111,0,0
508,-3208,-6859,3261,7369,384,0,0
-382,-2641,-6126,2699,4809,1203,0,0
-1140,-998,-4926,2342,4328,523,0,0
-1517,-821,-4245,3230,4871,-158,0,0
-2019,-884,-3276,4011,5666,-1755,0,0
-2037,-1305,-2529,4627,8253,-2220,0,0
-2139,-497,-1879,5282,9826,-2364,0,0
-2457,-1510,-1875,4586,8560,-2706,0,0
-2576,-2812,-1466,6158,6047,-6708,0,0
-419,-3370,-395,4150,4615,-5274,0,0
787,-3954,73,1505,3521,595,0,0
514,-4485,515,955,2740,892,0,0
147,-4529,856,764,2831,711,0,0
19,-4178,1080,522,3601,1083,0,0
257,-3061,935,-342,4319,1330,0,0
336,-1131,397,-149,3851,1155,0,0
86,0,124,194,3361,945,0,0
-277,462,173,42,3345,664,0,0
-452,1359,291,-384,3803,316,0,0
-315,3734,375,-1134,3390,-870,0,0
141,6950,54,-119,2443,-2963,0,0
773,6682,-326,3193,3150,-5109,0,0
2034,4061,-2216,4211,5356,-4276,0,0
3086,3236,387,6816,8046,-4474,0,0
3599,2439,1272,7753,11336,-4022,0,0
3045,2900,3260,7573,12391,-2399,0,0
2122,2026,4793,6308,10643,-773,0,0
1649,1139,4982,3809,7209,788,0,0
889,2020,5200,2727,4863,1230,0,0
56,4007,5617,1717,6330,2212,0,0
-1887,5366,6071,695,7394,1557,0,0
-3840,4698,6395,643,8262,1027,0,0
-4850,1381,6643,647,6990,-606,0,0
-4140,-3102,6030,-77,2737,-349,0,0
-2936,-4166,4198,-890,551,-702,0,0
-2032,-2819,5120,-1223,1113,-2800,0,0
-1238,-2387,5948,-4191,511,-2675,0,0
-696,-1653,5479,-8285,-2476,-1363,0,0
-1111,-1311,3643,-7293,-2880,-1799,0,0
-1287,-3273,1224,-6113,-815,-2915,0,0
-544,-864,340,-4017,-933,-2108,0,0
280,599,-39,-3324,-1908,-794,0,0
569,1482,-411,-3831,-2737,-612,0,0
518,1376,-848,-4587,-2338,-235,0,0
202,393,-1730,-4397,-1329,-1227,0,0
-389,-858,-2908,-4595,-863,-1099,0,0
-1004,925,-3991,-3353,-858,-1603,0,0
-900,2287,-4956,-1682,-856,-2360,0,0
-21,3144,-5506,-299,-1640,-2951,0,0
331,1100,-5777,97,-1096,-1885,0,0
-153,882,-5899,276,1844,-938,0,0
-422,1115,-6337,1351,5819,-208,0,0
59,258,-7310,2667,8646,182,0,0
447,-1959,-8055,3006,8789,-138,0,0
-119,-1970,-7708,3640,7716,996,0,0
-1392,-1469,-6496,4646,6128,-302,0,0
-2215,-2441,-4658,4788,4958,-1043,0,0
-2692,-1376,-3203,4575,7363,-2394,0,0
-2619,1541,-2625,5030,8611,-2547,0,0
-2278,1442,-2548,5470,8636,-3366,0,0
-1815,113,-2211,5291,9157,-1969,0,0
-2412,-1777,-1109,5519,4286,-7270,0,0
-2816,-4543,139,1555,3218,-5993,0,0
369,-3487,479,579,2865,399,0,0
307,-2728,713,1030,3269,503,0,0
306,-3069,975,1032,4150,806,0,0
374,-2456,755,479,4839,1040,0,0
287,-2142,569,264,3927,1023,0,0
59,-2082,705,77,3340,988,0,0
-114,-1154,819,-353,3851,1162,0,0
-329,580,725,-402,3825,857,0,0
-496,1910,467,-453,3881,236,0,0
-181,4571,298,-1154,3047,-68,0,0
203,8496,111,-183,2135,-3,0,0
80,8003,-256,5575,2527,-3505,0,0
754,2744,129,5039,4885,-3453,0,0
1874,3353,1065,5272,6573,-1118,0,0
2024,5099,1776,7276,10114,659,0,0
890,5127,3152,7188,11692,2403,0,0
-717,2512,4310,5624,10042,2928,0,0
-1658,1121,4785,3991,6893,3388,0,0
-2260,538,5087,2042,3991,2943,0,0
-2957,-59,5200,1320,4501,2345,0,0
-3517,-452,5299,1008,6089,2005,0,0
-999,-1018,-1876,388,4943,1214,0,0
-4039,1649,4960,863,4553,1954,0,0
-4306,441,4550,-56,1734,1277,0,0
-4217,-2063,4131,-268,-1833,-166,0,0
-3726,-3938,3903,449,-2148,-1461,0,0
-3028,-4222,4131,-811,-1316,-3514,0,0
-1662,-4952,4260,-4090,-1526,-3458,0,0
-480,-4413,3567,-4653,-1278,-2367,0,0
103,-3935,2310,-5060,35,-1540,0,0
235,-2169,1045,-6246,-374,-204,0,0
164,720,-292,-5537,-758,-16,0,0
39,532,-1273,-4428,-744,-2256,0,0
-332,-13,-2247,-3964,-687,-595,0,0
-897,-157,-3278,-3531,-1293,-922,0,0
-1422,12,-4239,-2534,-1721,-2059,0,0
-1601,266,-4899,-1525,-1878,-1703,0,0
-1688,1637,-5393,-23,-1686,-1493,0,0
-1347,3516,-5599,1082,-769,-2264,0,0
-736,3131,-6123,695,1014,-1437,0,0
1,2683,-6753,1788,5445,-71,0,0
725,1559,-7291,3241,9213,1299,0,0
1179,2803,-6729,3085,7506,1687,0,0
1322,3313,-5943,2131,6340,1129,0,0
1020,-174,-6050,3195,5649,1355,0,0
515,-291,-5154,3685,5029,463,0,0
671,-235,-4597,5756,6116,-1584,0,0
1135,-3158,-4934,7853,8229,-844,0,0
-130,-3543,-3811,4932,8778,698,0,0
-1920,-2611,-1642,3268,8167,1027,0,0
-2763,-1409,-788,4485,6918,-2322,0,0
-1724,-2697,-61,4712,4643,-19,0,0
559,-4814,453,653,2626,-835,0,0
501,-3787,456,1053,2901,1017,0,0
175,-4216,1019,285,3647,1104,0,0
19,-3320,964,99,4326,996,0,0
185,-1740,538,120,4434,1191,0,0
339,-877,191,101,3659,1225,0,0
192,-591,202,17,3417,1021,0,0
-16,-13,316,-161,3769,960,0,0
-260,1098,297,-185,3874,486,0,0
-232,2458,161,-95,3853,-139,0,0
27,4384,163,257,3064,-1329,0,0
103,5530,329,2887,2263,-4031,0,0
612,4066,775,4448,4112,-5165,0,0
1914,4516,1693,6559,5184,-2501,0,0
2213,6084,2925,8371,8477,447,0,0
1139,5886,4133,8170,12279,2966,0,0
-620,3350,4934,4950,11147,3119,0,0
-2025,2255,4957,2954,7471,3357,0,0
-3325,2209,4832,1553,5182,2830,0,0
-4319,1039,4744,453,3667,1196,0,0
-3931,-2185,4290,219,2936,586,0,0
-2939,-5134,3810,1069,2597,1573,0,0
-2101,-4566,3789,1493,4333,1615,0,0
-1511,-1324,4379,1670,3629,1290,0,0
-1536,1640,5045,1981,1288,535,0,0
-2158,1654,4855,1395,-1416,-584,0,0
-2743,-656,4399,634,-2350,-1789,0,0
-2614,-2184,4506,-1334,-2527,-2525,0,0
-2030,-2696,4270,-2612,-2635,-2331,0,0
-1284,-4085,3662,-2793,-1482,-2243,0,0
-175,-4961,2909,-4457,-292,-1492,0,0
462,-2176,1861,-5394,-638,-827,0,0
590,1219,870,-7688,-1482,-1194,0,0
426,2131,-109,-4768,-2440,-829,0,0
-119,707,-760,-3593,-2834,-669,0,0
-822,-696,-1225,-3501,-2134,-1212,0,0
-1008,-642,-1802,-4000,-1287,-1413,0,0
-852,-160,-2553,-3766,-945,-1796,0,0
-780,-78,-3351,-3041,-672,-1603,0,0
-847,19,-4154,-2175,-446,-1559,0,0
-790,1030,-4780,-1043,-977,-1595,0,0
-778,2617,-5058,1103,-2348,-2740,0,0
-483,2881,-5094,2760,-2074,-3272,0,0
112,1333,-5398,2256,385,-2159,0,0
485,254,-5972,2342,3904,-612,0,0
382,31,-6798,2583,5830,199,0,0
439,1139,-7259,2876,5979,327,0,0
1055,2189,-6828,3003,5223,849,0,0
1224,1435,-5992,4403,4590,1360,0,0
516,1292,-4323,3718,3744,1024,0,0
-4,690,-2797,3296,4694,471,0,0
-349,-1407,-2797,4960,7020,-23,0,0
-852,-2200,-2761,3980,7237,-2712,0,0
-1499,-2289,-2390,3444,7932,-773,0,0
-2327,-2835,-1783,2944,5830,-830,0,0
-2670,-2550,-1256,3390,3054,-1977,0,0
-2385,-3769,-692,5276,3233,-5770,0,0
-715,-4174,60,933,4719,-4113,0,0
65,-3819,146,199,5018,415,0,0
-303,-3626,384,465,4341,1122,0,0
-504,-2852,431,-109,3778,1489,0,0
-522,-518,337,5,3619,1040,0,0
-436,509,363,312,3505,697,0,0
-113,339,192,192,3947,52,0,0
538,882,-143,-295,3693,-298,0,0
1036,3084,-241,-79,3239,-371,0,0
1164,5660,160,64,2726,-93,0,0
812,6995,611,1991,2927,-1217,0,0
868,6005,1101,4579,3352,-1778,0,0
1448,4296,1598,5495,4333,-526,0,0
1502,3404,2085,5964,6366,195,0,0
877,2319,2740,6382,10582,645,0,0
184,1112,3401,5912,10064,2022,0,0
-530,-355,3685,5625,6538,2223,0,0
-866,-730,4025,4683,3754,1731,0,0
-1110,86,4630,3976,2670,1621,0,0
-1448,715,5328,2913,3271,1418,0,0
-1861,193,5924,2221,4771,1376,0,0
-2073,-1106,6022,1971,5314,1631,0,0
-1988,-1962,5591,2573,4613,1661,0,0
-1581,-1017,5174,2547,3782,1376,0,0
-1607,357,5483,1431,1048,445,0,0
-1811,499,5595,1056,-974,-873,0,0
-2028,219,5524,-232,-1230,-1340,0,0
-2237,-89,4920,-2050,-1446,-1533,0,0
-2231,-856,4266,-2860,-1963,-2566,0,0
-1554,-2271,3379,-3333,-589,-3229,0,0
-729,-2063,2603,-4875,178,-2729,0,0
-174,-583,1468,-5659,-438,-3048,0,0
145,272,363,-5318,-1068,-2277,0,0
-132,-161,-686,-4584,-1455,-2201,0,0
-277,-1314,-1564,-4180,-1221,-2052,0,0
-371,-1638,-2369,-3947,-1335,-1465,0,0
-489,-1323,-3189,-3074,-1536,-1158,0,0
-647,-1115,-4032,-2272,-1326,-1228,0,0
-908,345,-4693,-1627,-1461,-1147,0,0
-1096,2639,-4907,-533,-2492,-1660,0,0
-952,2835,-5253,554,-2361,-3166,0,0
-879,770,-5729,1517,-327,-3333,0,0
-108,234,-6224,1295,3296,-2177,0,0
1077,615,-7039,1479,6545,-105,0,0
1097,1688,-7451,1832,6416,283,0,0
424,359,-7250,2556,5379,557,0,0
11,-793,-6265,3357,5469,1160,0,0
-328,-1298,-4991,4132,5217,58,0,0
-1153,-2624,-3443,4705,4974,-1284,0,0
-1734,-2233,-2787,4421,6455,-1715,0,0
-2163,-1387,-2554,4268,8324,-1767,0,0
-2650,-1009,-2106,4195,8654,-1963,0,0
-2963,-717,-1539,3836,6333,-2314,0,0
-2949,-695,-2856,3766,4704,-2776,0,0
-2553,-2721,-21,4496,4021,-656,0,0
-662,-4620,538,-605,2998,-3218,0,0
-441,-2868,469,602,4202,1187,0,0
-708,-3448,625,416,4186,1626,0,0
-387,-2596,277,69,3481,1138,0,0
44,-1342,-272,323,3454,936,0,0
280,-732,-553,686,3498,824,0,0
391,-521,-487,1116,3998,536,0,0
345,-554,-179,1068,4305,578,0,0
7,-175,128,759,4361,394,0,0
-458,79,433,654,4055,-272,0,0
-602,-446,679,298,4134,-899,0,0
-289,-955,550,-326,4275,-1539,0,0
153,-611,134,-52,4251,-607,0,0
202,-302,-59,639,4113,76,0,0
136,-328,-27,668,3912,130,0,0
61,-13,119,841,3875,-1,0,0
92,176,69,1023,3904,-98,0,0
158,191,19,1128,3914,-108,0,0
167,33,11,1080,3906,-136,0,0
130,-144,45,942,3872,-276,0,0
61,-141,120,743,3797,-393,0,0
-19,-189,158,618,3862,-408,0,0
-63,-168,160,543,3940,-519,0,0
178,58,26,739,4282,-394,0,0
491,362,-256,926,4277,-23,0,0
484,608,-366,906,4116,86,0,0
250,686,-209,970,3953,-54,0,0
-22,423,17,1016,3875,-194,0,0
-212,-101,137,899,3913,-586,0,0
-207,-343,68,719,3995,-813,0,0
-46,-178,-45,790,3983,-752,0,0
63,-122,-76,878,3976,-428,0,0
40,-213,-27,858,3931,-287,0,0
12,-214,45,793,3957,-280,0,0
22,-103,50,889,3960,-266,0,0
39,-44,56,802,3896,-332,0,0
54,-28,52,773,3936,-402,0,0
61,75,28,794,3942,-429,0,0
55,92,8,762,3906,-436,0,0
48,82,-11,830,3916,-506,0,0
66,114,-17,865,3857,-447,0,0
79,166,-17,882,3924,-383,0,0
52,207,18,856,3918,-375,0,0
17,136,19,835,3966,-447,0,0
28,179,12,920,3945,-503,0,0
45,181,24,921,3914,-468,0,0
43,143,27,943,3963,-429,0,0
32,144,41,956,3846,-424,0,0
12,89,57,860,3807,-414,0,0
20,141,35,934,3884,-442,0,0
53,199,7,995,3918,-461,0,0
71,235,7,1007,4004,-430,0,0
62,279,34,1044,3941,-418,0,0
40,263,43,1030,3896,-421,0,0
17,211,26,1071,3922,-424,0,0
3,162,-5,1062,3860,-433,0,0
-5,115,-25,1084,3878,-430,0,0
-5,55,-36,1088,3896,-397,0,0
-9,25,-46,1082,3921,-376,0,0
-11,16,-35,1088,3920,-400,0,0
-3,-38,-25,985,3809,-406,0,0
0,-89,-39,948,3909,-390,0,0
9,-75,-54,965,3963,-386,0,0
20,-86,-43,897,3921,-367,0,0
26,32,-24,908,3922,-362,0,0
36,154,-23,967,3887,-356,0,0
36,186,-24,1035,3915,-374,0,0
33,182,-14,1079,3887,-406,0,0
28,124,-15,1070,3891,-431,0,0
26,54,-24,1084,3922,-397,0,0
17,-35,-24,1064,3893,-389,0,0
16,-91,-11,1010,3901,-399,0,0
19,-99,12,936,3907,-369,0,0
13,-95,-10,910,3921,-377,0,0
26,-20,-38,1031,3945,-425,0,0
39,18,1,999,3889,-394,0,0
24,5,34,909,3921,-396,0,0
16,27,16,962,3886,-430,0,0
13,7,4,970,3880,-441,0,0
7,-10,-4,1009,3954,-430,0,0
11,7,-9,1049,3897,-428,0,0
12,-11,-4,1033,3915,-428,0,0
14,-14,1,1051,3926,-423,0,0
12,-33,0,987,3874,-446,0,0
8,-26,7,981,3902,-459,0,0
10,-15,8,966,3857,-454,0,0
13,-22,-6,949,3926,-445,0,0
15,-13,-19,1011,3948,-435,0,0
14,-41,-21,990,3911,-459,0,0
22,-27,-17,995,3987,-447,0,0
40,5,-22,929,3968,-394,0,0
37,61,-25,890,3916,-386,0,0
10,101,-35,993,3862,-447,0,0
1,41,-63,1091,3838,-549,0,0
7,-72,-67,1112,3897,-514,0,0
2,-156,-47,990,3976,-438,0,0
-1,-160,-42,894,3989,-460,0,0
-5,-128,-17,837,3828,-460,0,0
-25,-104,-28,844,3863,-489,0,0
-33,-92,-70,956,3902,-488,0,0
-43,-167,-72,962,3913,-472,0,0
-52,-189,-59,924,3952,-471,0,0
-52,-180,-66,892,3922,-460,0,0
-49,-178,-67,893,3911,-459,0,0
-50,-188,-52,896,3923,-460,0,0
-41,-200,-42,854,3918,-479,0,0
-18,-161,-40,845,3976,-472,0,0
0,-54,-27,845,3955,-428,0,0
-17,-3,-1,854,3865,-487,0,0
-6,-43,-2,866,3922,-482,0,0
25,-4,15,818,3911,-429,0,0
32,43,26,835,3952,-464,0,0
55,101,29,879,3967,-432,0,0
61,142,37,934,3976,-453,0,0
46,110,55,877,3896,-473,0,0
18,91,92,758,3865,-446,0,0
-5,89,54,848,3969,-462,0,0
12,105,-20,1029,3960,-472,0,0
25,75,-19,1069,3912,-487,0,0
22,35,9,983,3926,-471,0,0
20,19,5,926,3979,-479,0,0
13,10,-2,901,3906,-526,0,0
7,-3,6,852,3865,-528,0,0
12,17,-26,909,3900,-491,0,0
20,26,-45,1023,3902,-464,0,0
37,47,-28,1044,3879,-485,0,0
53,80,17,1016,3857,-503,0,0
54,73,45,993,3867,-462,0,0
44,71,53,986,3900,-452,0,0
28,52,52,970,3944,-507,0,0
29,52,45,946,3930,-548,0,0
39,61,28,944,3937,-516,0,0
38,57,7,991,3890,-483,0,0
27,60,0,1032,3836,-507,0,0
17,46,2,1050,3893,-534,0,0
36,100,-13,967,3891,-542,0,0
90,324,-13,900,3878,-426,0,0
95,390,-28,992,3850,-417,0,0
54,283,-33,1120,3908,-481,0,0
32,132,-22,1172,3921,-549,0,0
18,-2080,2,1094,3870,-550,0,0
7,-134,23,950,3886,-464,0,0
-7,-132,19,888,3886,-450,0,0
-13,-42,16,957,3910,-501,0,0
7,50,21,971,3856,-527,0,0
33,119,14,1065,3923,-490,0,0
39,120,0,1143,3922,-487,0,0
33,76,9,1111,3880,-517,0,0
26,11,8,1051,3832,-547,0,0
22,-72,-17,1020,3889,-487,0,0
35,-22,-40,1062,3904,-427,0,0
30,-9,-35,1039,3837,-498,0,0
17,-24,-12,994,3898,-557,0,0
16,-11,1,952,3894,-579,0,0
16,9,-6,974,3916,-562,0,0
12,34,-12,1086,3886,-518,0,0
2,3,-3,1093,3833,-518,0,0
7,3,1,1085,3889,-505,0,0
10,6,-6,1041,3877,-516,0,0
11,13,-31,1020,3907,-542,0,0
33,81,-33,1074,3865,-503,0,0
39,107,-18,1063,3821,-507,0,0
28,114,5,1051,3881,-567,0,0
24,93,6,1051,3858,-583,0,0
19,31,-8,1025,3840,-512,0,0
8,18,-17,1086,3871,-478,0,0
-3,9,-5,1067,3861,-532,0,0
-1,25,5,1059,3898,-542,0,0
4,45,4,1141,3884,-527,0,0
5,2,4,1127,3819,-515,0,0
0,-20,8,1133,3871,-499,0,0
-9,-56,3,1072,3834,-543,0,0
-7,-73,4,1002,3853,-531,0,0
5,14,16,1028,3853,-504,0,0
8,47,27,1018,3880,-492,0,0
-9,69,32,1078,3908,-496,0,0
-21,42,14,1161,3843,-572,0,0
12,14,-3,1142,3867,-506,0,0
25,15,1,1078,3875,-438,0,0
16,35,-2,1048,3850,-498,0,0
18,68,-13,1118,3882,-546,0,0
22,69,-3,1100,3845,-529,0,0
17,54,-3,1067,3886,-474,0,0
12,60,-29,1117,3901,-481,0,0
4,56,-17,1141,3819,-544,0,0
8,33,-7,1097,3831,-514,0,0
8,21,-26,1124,3876,-476,0,0
1,10,-54,1148,3860,-498,0,0
-7,-34,-59,1145,3858,-537,0,0
-1,-86,-47,1086,3870,-530,0,0
11,-66,-37,1009,3890,-499,0,0
18,9,-43,1051,3912,-497,0,0
28,42,-60,1077,3855,-507,0,0
25,6,-64,1075,3851,-534,0,0
3,-43,-29,1052,3867,-527,0,0
-10,-81,-12,988,3886,-519,0,0
-7,-17,-19,1069,3878,-494,0,0
-4,35,3,1088,3836,-475,0,0
-6,49,15,1052,3852,-509,0,0
-9,56,9,1157,3908,-524,0,0
-10,-20,8,1124,3852,-524,0,0
-13,-79,7,1024,3847,-496,0,0
-9,-42,2,1018,3906,-495,0,0
-12,-28,-15,1013,3894,-531,0,0
-14,-18,-16,1074,3919,-532,0,0
-14,-29,-11,1078,3870,-521,0,0
-10,-50,-20,1051,3860,-510,0,0
-7,-42,-26,1117,3910,-492,0,0
-13,-79,-26,1068,3870,-541,0,0
-11,-93,-27,1033,3862,-538,0,0
-5,-54,-13,1046,3848,-497,0,0
0,-39,-9,1025,3848,-515,0,0
7,17,-4,1061,3883,-543,0,0
14,13,-10,1086,3850,-500,0,0
6,-13,-14,1092,3874,-469,0,0
-8,-10,-8,1160,3899,-516,0,0
-20,-102,0,1086,3844,-546,0,0
-27,-144,1,1068,3823,-535,0,0
-19,-97,13,1108,3794,-491,0,0
-15,-78,50,1024,3851,-452,0,0
-19,-63,53,1007,3993,-452,0,0
-23,-26,20,1088,3913,-543,0,0
-20,-72,12,1066,3829,-573,0,0
-4,-71,17,1043,3883,-500,0,0
1,-40,15,1034,3879,-477,0,0
9,11,4,981,3923,-487,0,0
21,107,6,1007,3890,-503,0,0
21,109,-6,1130,3855,-521,0,0
26,34,-30,1218,3830,-555,0,0
20,-41,-5,1199,3823,-525,0,0
8,-114,1,1126,3858,-517,0,0
13,-75,0,1083,3877,-490,0,0
-5,-48,1,1067,3860,-543,0,0
-10,-68,-25,1105,3869,-575,0,0
-8,-56,-28,1139,3803,-523,0,0
-14,-44,12,1098,3792,-485,0,0
-16,-32,12,1047,3845,-506,0,0
-10,6,-30,1123,3871,-513,0,0
-6,-7,-20,1075,3849,-497,0,0
-24,6,2,941,3904,-516,0,0
-26,105,-19,1017,3929,-553,0,0
-7,153,-45,1152,3844,-523,0,0
-9,93,-39,1146,3839,-509,0,0
-16,51,-33,1167,3898,-511,0,0
-8,43,-20,1152,3856,-490,0,0
-21,42,5,998,3847,-478,0,0
-29,90,-2,918,3865,-476,0,0
-49,115,-54,1016,3820,-503,0,0
-50,92,-113,1196,3840,-478,0,0
-56,-17,-116,1299,3867,-433,0,0
-59,-182,-93,1215,3871,-386,0,0
-60,-235,-79,1118,3913,-392,0,0
-46,-201,-67,1028,4012,-423,0,0
-41,-183,-52,896,3954,-446,0,0
-53,-149,-57,872,3940,-453,0,0
-61,-120,-68,995,3900,-460,0,0
-44,-162,-66,982,3892,-439,0,0
-30,-182,-49,938,3900,-420,0,0
-25,-171,-50,965,3911,-413,0,0
-32,-174,-56,994,3922,-444,0,0
-33,-202,-47,999,3952,-417,0,0
-33,-200,-20,912,3879,-428,0,0
-26,-198,-22,826,3915,-437,0,0
-10,-111,-26,840,3952,-421,0,0
-10,-61,-19,841,3936,-455,0,0
-2,-23,-20,803,3937,-462,0,0
7,49,-33,896,3936,-453,0,0
12,61,-27,887,3942,-439,0,0
12,48,-6,828,3896,-446,0,0
2,48,-2,837,3915,-450,0,0
-5,49,-7,888,3906,-461,0,0
-3,26,-23,1007,3926,-450,0,0
-3,-15,-13,1086,3875,-435,0,0
-5,-59,15,1019,3921,-389,0,0
-18,-62,36,929,3961,-410,0,0
-37,-77,40,835,3951,-461,0,0
-42,-79,22,801,3945,-462,0,0
-45,-42,5,886,3930,-445,0,0
-46,-53,0,941,3897,-424,0,0
-37,-90,-12,1009,3939,-402,0,0
-18,-102,-9,1044,3949,-390,0,0
-9,-123,23,892,3883,-403,0,0
-9,-96,41,800,3922,-409,0,0
-16,-47,43,804,3967,-426,0,0
-23,-43,6,835,3985,-436,0,0
-23,-30,-23,970,3958,-437,0,0
-17,-52,-16,979,3838,-414,0,0
-3,-51,-3,929,3886,-385,0,0
8,5,19,914,3984,-376,0,0
0,42,32,845,3931,-423,0,0
-7,48,7,895,3913,-458,0,0
6,57,-9,1013,3919,-435,0,0
17,57,4,956,3912,-391,0,0
31,136,7,945,3976,-369,0,0
47,217,10,967,3920,-386,0,0
45,198,-3,943,3846,-435,0,0
37,152,-26,1054,3914,-453,0,0
32,68,-29,1006,4022,-429,0,0
25,55,-31,801,3913,-391,0,0
20,143,-71,810,3955,-360,0,0
22,244,-132,927,3945,-366,0,0
15,243,-161,1064,3891,-397,0,0
4,140,-151,1159,3832,-383,0,0
-31,-91,-121,1178,3850,-379,0,0
-43,-205,-80,1034,4027,-330,0,0
-28,-147,-57,893,3993,-321,0,0
-22,-107,-52,808,3868,-330,0,0
-32,-177,-24,820,3857,-364,0,0
-43,-261,-30,804,3908,-407,0,0
-33,-180,-48,811,3980,-392,0,0
-29,-135,-60,844,3991,-368,0,0
-39,-146,-63,829,3947,-384,0,0
-45,-143,-64,801,3923,-451,0,0
-40,-151,-62,828,3932,-492,0,0
-21,-197,-47,803,3962,-423,0,0
-7,-193,-43,783,3989,-347,0,0
-7,-127,-39,808,3947,-333,0,0
-17,-109,-33,823,3936,-363,0,0
-15,-111,-26,819,3981,-397,0,0
-4,-116,-17,791,3978,-420,0,0
6,-155,5,719,3944,-427,0,0
2,-151,13,660,3943,-431,0,0
1,-94,-12,670,3931,-424,0,0
3,-85,-32,753,3929,-422,0,0
8,-103,-19,782,3950,-395,0,0
15,-84,-14,752,3986,-381,0,0
24,-26,-10,756,4064,-409,0,0
28,22,7,722,3976,-439,0,0
30,31,5,669,3933,-449,0,0
34,78,-5,753,3999,-414,0,0
34,96,-14,793,3975,-416,0,0
36,67,-21,808,4005,-486,0,0
51,41,-21,789,3919,-470,0,0
60,24,-17,754,3951,-455,0,0
74,39,-21,767,3971,-442,0,0
78,59,-11,718,3942,-441,0,0
72,93,6,646,3919,-472,0,0
66,174,24,633,3945,-464,0,0
65,258,16,712,3946,-467,0,0
55,255,2,793,3992,-486,0,0
48,231,9,849,4000,-500,0,0
52,175,11,779,3943,-522,0,0
58,158,-1,798,3962,-488,0,0
53,136,-7,887,3942,-494,0,0
45,49,-9,879,3922,-524,0,0
45,15,12,848,3934,-502,0,0
45,23,27,783,3930,-472,0,0
38,48,14,787,3955,-456,0,0
19,61,1,872,3955,-495,0,0
7,19,-1,877,3936,-528,0,0
16,-9,-3,862,3913,-506,0,0
16,-30,7,819,3913,-476,0,0
10,-15,3,809,3974,-478,0,0
9,18,-7,873,3945,-482,0,0
5,-3,-13,848,3887,-468,0,0
-9,-39,-17,848,3942,-514,0,0
-16,-74,-10,818,3954,-552,0,0
-10,-72,-4,759,3953,-529,0,0
-4,-18,-5,795,3957,-489,0,0
-2,17,-9,824,3924,-498,0,0
-4,-11,-23,835,3967,-533,0,0
-10,-56,-22,841,3961,-541,0,0
-4,-59,-17,770,3914,-491,0,0
-1,-9,-26,787,3928,-492,0,0
-9,-1,-26,859,3951,-510,0,0
-8,-37,-20,838,3954,-516,0,0
-10,-55,-13,825,3937,-528,0,0
-4,-42,-9,820,3897,-493,0,0
1,-21,-8,815,3921,-481,0,0
-8,-3,-1,817,3921,-515,0,0
-11,-8,-14,880,3940,-542,0,0
-2,-41,-6,867,3920,-500,0,0
-13,-66,14,781,3928,-494,0,0
-21,-72,-18,804,3996,-504,0,0
-8,-29,-24,848,3977,-482,0,0
-6,-5,16,691,3903,-463,0,0
-16,59,-14,769,3952,-513,0,0
-2,178,-62,992,3985,-530,0,0
19,49,-35,927,3908,-522,0,0
15,-97,7,675,3917,-483,0,0
9,33,9,745,3958,-475,0,0
2,29,-6,801,3935,-521,0,0
4,19,10,816,3955,-516,0,0
7,36,9,879,3916,-484,0,0
7,11,8,865,3885,-483,0,0
4,18,19,899,3939,-474,0,0
-6,-8,15,888,3912,-516,0,0
-7,-32,17,856,3921,-474,0,0
-5,1,20,885,3921,-424,0,0
-22,-28,8,901,3933,-471,0,0
-30,-83,10,878,3971,-498,0,0
-27,-123,9,820,3953,-501,0,0
-20,-111,-5,780,3956,-473,0,0
-16,-65,-16,846,3945,-462,0,0
-17,-64,-13,830,3901,-487,0,0
-17,-44,-11,827,3945,-487,0,0
-20,-38,-17,851,3983,-497,0,0
-17,-67,-31,832,3964,-490,0,0
-10,-65,-41,844,3943,-461,0,0
-16,-65,-36,861,3908,-471,0,0
-12,-79,-30,815,3921,-476,0,0
-8,-56,-24,848,3929,-449,0,0
-19,-80,-15,857,3953,-441,0,0
-28,-108,-14,802,3961,-473,0,0
-33,-107,-18,719,3916,-500,0,0
-22,-56,-30,700,3949,-495,0,0
-1,46,-36,815,3972,-464,0,0
7,94,-14,864,3954,-463,0,0
11,94,6,852,3947,-486,0,0
6,67,15,840,3915,-477,0,0
-7,12,14,782,3928,-444,0,0
-20,3,0,774,3982,-455,0,0
-31,7,-15,846,3889,-497,0,0
-6,23,-29,915,3897,-405,0,0
20,12,-52,991,3974,-322,0,0
17,-33,-65,937,3941,-471,0,0
14,-70,-31,748,3961,-603,0,0
2,-54,10,624,3995,-512,0,0
-15,14,12,639,3990,-414,0,0
-22,107,-23,824,3979,-412,0,0
-29,87,-26,963,3958,-475,0,0
-28,-39,-31,931,3899,-502,0,0
-9,-104,-30,865,3932,-418,0,0
1,-81,-11,796,3964,-382,0,0
-6,-49,-10,736,3934,-437,0,0
-7,-36,-26,779,3945,-466,0,0
1,-21,-21,841,3921,-438,0,0
6,-47,-11,806,3940,-428,0,0
23,-16,5,762,3985,-428,0,0
51,74,28,720,3956,-454,0,0
84,155,33,652,3977,-420,0,0
95,208,-8,754,4072,-441,0,0
97,202,-30,785,3971,-525,0,0
104,184,-29,691,3904,-483,0,0
102,266,-22,720,3917,-407,0,0
89,344,-8,773,3975,-417,0,0
88,391,-5,789,3960,-447,0,0
75,410,-13,908,3920,-493,0,0
76,391,-25,1064,3881,-499,0,0
89,326,-18,1106,3847,-437,0,0
80,235,7,1097,3932,-419,0,0
57,113,24,950,3930,-482,0,0
51,45,8,769,3872,-507,0,0
48,97,-9,855,3942,-475,0,0
41,76,-25,904,3936,-450,0,0
26,29,-34,893,3922,-453,0,0
17,54,-9,938,3971,-498,0,0
15,32,5,865,3908,-551,0,0
22,34,5,833,3897,-498,0,0
21,60,11,925,3929,-464,0,0
13,15,-2,921,3940,-558,0,0
25,-8,2,857,3967,-537,0,0
31,13,-5,852,3884,-510,0,0
25,10,-16,872,3918,-497,0,0
23,28,-5,882,3994,-506,0,0
19,18,15,808,3925,-515,0,0
15,31,-5,855,3887,-504,0,0
3,43,-21,1022,3867,-514,0,0
-13,-59,-10,978,3863,-526,0,0
-12,-109,11,822,3970,-492,0,0
-2,-21,7,822,3972,-505,0,0
-1,10,-21,893,3894,-528,0,0
-2,-21,-11,928,3922,-483,0,0
-7,-33,3,894,3925,-506,0,0
0,-23,-6,848,3945,-501,0,0
11,34,-12,889,3946,-497,0,0
7,36,-13,923,3926,-523,0,0
4,8,-8,893,3906,-503,0,0
-4,8,2,909,3891,-482,0,0
-5,-12,-7,907,3921,-487,0,0
-6,-21,-18,955,3943,-499,0,0
-15,-52,-7,944,3909,-518,0,0
-13,-84,-4,880,3900,-494,0,0
-11,-44,11,911,3944,-472,0,0
-12,-39,10,873,3915,-504,0,0
-9,-62,-11,864,3961,-491,0,0
-20,-62,-22,938,3947,-515,0,0
-17,-104,-29,851,3894,-507,0,0
-6,-64,-31,832,3928,-450,0,0
-11,-5,-25,907,3968,-475,0,0
-11,-26,-35,884,3916,-527,0,0
-14,-46,-37,890,3905,-505,0,0
-17,-39,-24,885,3923,-478,0,0
-13,-38,-35,844,3936,-468,0,0
-12,-4,-40,880,3955,-490,0,0
-14,-24,-52,965,3980,-528,0,0
-5,-98,-62,950,3943,-517,0,0
5,-112,-24,865,3879,-463,0,0
12,-47,11,736,3895,-397,0,0
-7,5,-19,748,3925,-463,0,0
-20,33,-41,842,3928,-519,0,0
-22,29,-33,814,3902,-530,0,0
-11,59,-27,783,3969,-455,0,0
-2,134,-19,812,3936,-441,0,0
1,124,-35,878,3899,-509,0,0
18,90,-37,925,3934,-494,0,0
22,68,-6,886,3960,-471,0,0
18,43,1,764,3934,-473,0,0
11,67,-20,901,3929,-471,0,0
-1,14,-14,985,3899,-478,0,0
5,-45,9,854,3922,-441,0,0
1,-31,23,811,3977,-413,0,0
-19,-27,11,811,3903,-496,0,0
-17,-23,3,845,3883,-483,0,0
-7,15,24,905,3953,-430,0,0
-19,-9,28,878,3972,-425,0,0
-34,-35,17,859,3931,-464,0,0
-51,-76,2,946,3925,-509,0,0
-33,-139,-21,938,3936,-452,0,0
-18,-156,-32,866,3992,-391,0,0
-25,-141,-35,854,3936,-466,0,0
-17,-125,-26,813,3882,-454,0,0
-19,-90,-9,841,3945,-424,0,0
-27,-86,-9,837,3974,-439,0,0
-30,-95,-34,824,3971,-453,0,0
-40,-112,-55,940,3877,-489,0,0
-37,-169,-33,900,3912,-436,0,0
-24,-178,-25,727,4005,-412,0,0
-23,-114,-30,689,3951,-460,0,0
-10,-30,-33,819,3914,-461,0,0
4,-20,-10,831,3986,-424,0,0
11,-15,10,709,4021,-425,0,0
13,23,-17,715,3945,-481,0,0
18,43,-27,826,3959,-459,0,0
20,33,-9,840,3952,-440,0,0
24,25,-11,802,3914,-451,0,0
26,46,-12,831,3937,-444,0,0
29,73,4,821,4005,-452,0,0
17,50,-11,786,3957,-495,0,0
9,32,-32,888,3916,-479,0,0
3,-29,-30,943,3913,-459,0,0
0,-107,-12,788,3980,-442,0,0
7,-49,-14,740,3982,-454,0,0
7,2,-27,846,3925,-493,0,0
5,-45,-23,880,3921,-476,0,0
8,-55,1,815,3970,-450,0,0
11,-12,10,717,3972,-460,0,0
15,39,-12,754,3950,-483,0,0
14,61,-9,858,3915,-493,0,0
14,25,3,825,3925,-467,0,0
19,29,0,799,3990,-454,0,0
14,63,-2,838,3958,-498,0,0
14,40,-14,826,3892,-496,0,0
13,25,-29,898,3934,-461,0,0
1,-13,1,880,3963,-455,0,0
-4,-46,1,735,3939,-476,0,0
-2,22,-8,793,3947,-461,0,0
-5,45,-12,896,3935,-481,0,0
-6,-22,-16,849,3932,-468,0,0
-11,-31,-1,816,3957,-451,0,0
-10,1,1,777,3939,-472,0,0
-6,23,-12,786,3907,-461,0,0
-12,44,-4,891,3872,-445,0,0
-12,25,9,872,3972,-437,0,0
-17,6,14,800,4025,-466,0,0
-27,7,20,713,4041,-474,0,0
-5,128,-33,652,3987,-399,0,0
36,410,-63,760,3851,-376,0,0
59,505,-40,1003,3930,-408,0,0
37,278,-17,1084,3947,-472,0,0
-5,-60,-2,1016,3925,-483,0,0
2,-169,7,848,3909,-372,0,0
4,-141,-9,753,3916,-344,0,0
1,-24,-9,827,3964,-418,0,0
10,39,-5,891,3946,-460,0,0
8,-20,-2,873,3952,-423,0,0
2,-66,1,857,3961,-379,0,0
-7,-84,-12,811,3940,-417,0,0
-7,-64,-16,791,3944,-445,0,0
2,-3,-3,796,3936,-413,0,0
5,17,-6,810,3967,-398,0,0
9,51,-4,859,3965,-410,0,0
9,55,5,863,3918,-430,0,0
10,32,-4,824,3944,-409,0,0
12,59,-21,896,4001,-415,0,0
12,28,-32,902,3940,-448,0,0
12,-20,-36,887,3891,-418,0,0
11,-24,-17,929,3923,-403,0,0
13,-42,-7,882,3925,-435,0,0
21,-42,-4,845,3944,-416,0,0
22,-18,7,841,3967,-405,0,0
6,-19,13,774,3914,-460,0,0
13,32,3,818,3924,-421,0,0
29,87,10,913,3933,-395,0,0
15,53,21,846,3923,-430,0,0
0,37,21,830,3961,-450,0,0
3,43,15,834,3933,-440,0,0
6,50,1,849,3920,-418,0,0
7,73,1,917,3935,-417,0,0
0,55,10,900,3939,-429,0,0
-1,39,3,885,3940,-422,0,0
0,49,5,901,3947,-418,0,0
-6,35,-1,849,3935,-429,0,0
-2,41,-19,875,3928,-410,0,0
-7,23,-26,937,3958,-410,0,0
-18,-32,-35,896,3913,-450,0,0
-12,-39,-38,862,3909,-415,0,0
-5,-17,-46,930,3947,-390,0,0
-11,-64,-48,904,3968,-415,0,0
-16,-79,-35,849,3986,-427,0,0
-13,-54,-30,841,3924,-415,0,0
-11,-52,-30,843,3906,-396,0,0
-9,-35,-22,867,3937,-381,0,0
-7,-5,-7,859,3945,-399,0,0
-3,1,-3,818,3954,-414,0,0
2,10,-11,856,3970,-414,0,0
7,13,-10,851,3950,-427,0,0
16,26,-15,856,3922,-415,0,0
21,34,-12,904,3955,-387,0,0
9,-11,-16,891,3936,-413,0,0
2,-57,-34,847,3934,-434,0,0
16,-33,-47,909,3941,-397,0,0
9,-57,-41,913,3931,-394,0,0
1,-90,-29,843,3932,-417,0,0
3,-87,-25,845,3932,-425,0,0
5,-86,-21,811,3926,-417,0,0
5,-74,-28,815,3961,-401,0,0
3,-48,-20,843,3953,-423,0,0
0,-54,-12,796,3938,-440,0,0
1,-42,-20,818,3957,-430,0,0
4,-22,-14,836,3937,-428,0,0
3,-26,-13,806,3930,-421,0,0
-1,-22,-15,830,3970,-417,0,0
-7,-41,-27,825,3950,-454,0,0
-13,-80,-33,805,3943,-459,0,0
-5,-50,-24,815,3925,-423,0,0
-7,-50,-23,804,3979,-408,0,0
-9,-49,-27,799,3983,-435,0,0
-11,-47,-26,790,3949,-458,0,0
-10,-54,-33,754,3925,-431,0,0
-11,-61,-47,784,3913,-422,0,0
-16,-94,-63,854,3962,-443,0,0
-15,-138,-64,801,3971,-450,0,0
-11,-149,-55,742,3954,-451,0,0
-12,-157,-36,748,3922,-442,0,0
-16,-172,-18,710,3948,-431,0,0
-3,-72,-20,772,4019,-425,0,0
9,-11,-21,764,3964,-437,0,0
11,-6,-11,686,3946,-458,0,0
22,76,-10,734,3986,-416,0,0
28,93,-12,790,3975,-432,0,0
27,69,-2,805,3971,-480,0,0
32,52,20,758,3950,-477,0,0
42,70,25,707,3940,-433,0,0
48,119,18,775,3992,-423,0,0
41,110,12,844,3947,-480,0,0
31,42,9,819,3900,-497,0,0
30,23,20,810,3957,-444,0,0
23,26,25,802,3943,-430,0,0
18,31,26,758,3936,-454,0,0
18,58,27,789,3972,-450,0,0
13,50,11,822,3958,-496,0,0
5,13,5,829,3931,-519,0,0
11,4,14,813,3961,-454,0,0
16,26,7,791,3942,-462,0,0
13,26,0,762,3980,-480,0,0
14,42,-8,794,3969,-500,0,0
19,33,-25,777,3919,-500,0,0
28,76,-15,764,3966,-450,0,0
30,129,-14,822,3951,-463,0,0
27,96,-25,859,3925,-498,0,0
23,47,-16,864,3944,-494,0,0
15,16,-5,816,3945,-477,0,0
9,9,-12,771,3952,-473,0,0
6,32,-15,842,3953,-481,0,0
2,1,-15,848,3952,-482,0,0
-4,-36,-15,783,3953,-487,0,0
3,21,-5,788,3971,-480,0,0
14,59,-25,848,3932,-491,0,0
8,-9,-25,865,3941,-478,0,0
2,-38,-5,814,3956,-484,0,0
5,-32,-14,763,3954,-477,0,0
5,-29,-29,761,3949,-454,0,0
-6,-4,-28,831,3942,-472,0,0
-13,-42,-28,801,3930,-484,0,0
-17,-42,-21,802,3978,-456,0,0
-21,-21,-13,806,3975,-470,0,0
-22,-38,-28,737,3957,-469,0,0
-28,9,-36,779,3985,-453,0,0
-40,17,-44,811,3979,-489,0,0
-45,-43,-57,743,3889,-517,0,0
-48,-64,-48,784,3922,-470,0,0
-47,-55,-55,848,3959,-445,0,0
-36,-103,-78,886,3988,-449,0,0
-19,-85,-26,842,3977,-429,0,0
-18,-114,10,757,3954,-449,0,0
-2,-120,8,712,3942,-402,0,0
-5,-90,23,729,4008,-397,0,0
-16,-95,-1,741,4021,-442,0,0
-13,-79,-12,790,4038,-458,0,0
-14,-62,23,809,4012,-447,0,0
-13,-51,62,766,3959,-404,0,0
-13,-26,81,738,3926,-396,0,0
-10,-6,78,746,3971,-398,0,0
-2,27,57,761,3998,-393,0,0
-7,61,49,790,3946,-394,0,0
-34,53,53,815,3876,-406,0,0
-63,-24,12,852,3849,-426,0,0
-62,-127,-71,971,3963,-453,0,0
-43,-211,-122,1068,4102,-462,0,0
-35,-263,-83,1024,4022,-471,0,0
-35,-243,45,910,3965,-479,0,0
-25,-194,140,813,3952,-506,0,0
10,-148,133,771,3953,-489,0,0
47,-2144,93,788,3883,-476,0,0
61,-87,43,837,3845,-458,0,0
60,-136,-10,871,3835,-419,0,0
54,-174,-32,880,3877,-392,0,0
41,-143,-20,874,3948,-377,0,0
20,-58,19,858,3915,-391,0,0
-4,10,48,835,3853,-392,0,0
-26,2,24,840,3896,-416,0,0
-52,-25,-12,875,3938,-436,0,0
-82,-52,-3,885,3910,-472,0,0
-97,-88,2,879,3901,-521,0,0
-78,-89,-11,884,3888,-554,0,0
-46,-46,-13,917,3922,-565,0,0
-20,-19,-3,949,3941,-532,0,0
-9,-18,4,929,3891,-464,0,0
-19,-32,-9,933,3900,-432,0,0
-30,-72,-22,936,3936,-436,0,0
-41,-92,-8,888,3905,-417,0,0
-49,-76,7,840,3915,-413,0,0
-57,-53,4,776,3814,-382,0,0
-84,-85,-32,797,3832,-360,0,0
-101,-148,-101,900,3869,-348,0,0
-117,-217,-108,948,3908,-338,0,0
-124,-263,-86,944,3982,-329,0,0
-128,-282,-66,923,3996,-331,0,0
-138,-309,-41,897,3991,-333,0,0
-142,-357,-42,903,4060,-382,0,0
-124,-388,-26,852,4004,-408,0,0
-90,-380,12,716,3996,-383,0,0
-50,-298,25,688,4061,-331,0,0
-18,-166,45,707,3990,-284,0,0
-25,-114,92,794,3988,-229,0,0
1,-123,99,732,4039,-320,0,0
13,-9,85,755,3991,-300,0,0
16,12,103,739,3991,-260,0,0
12,27,108,721,3983,-254,0,0
30,12,51,641,3970,-351,0,0
60,89,-21,683,3991,-366,0,0
68,156,-49,765,3976,-364,0,0
85,193,-50,799,3971,-357,0,0
93,227,-62,849,3942,-347,0,0
87,231,-63,895,3918,-346,0,0
84,219,-51,899,3952,-353,0,0
89,223,-29,838,3952,-346,0,0
124,235,-23,802,3928,-386,0,0
120,260,-34,838,3963,-340,0,0
96,233,-37,832,4003,-368,0,0
90,185,-58,855,3981,-396,0,0
104,287,-68,791,3925,-530,0,0
200,623,-42,772,3963,-567,0,0
300,1072,28,727,4006,-480,0,0
479,1842,95,71,3923,-477,0,0
875,3416,34,-349,3713,-790,0,0
1453,6029,-249,-267,3741,-712,0,0
1684,8188,-353,1847,3155,-1651,0,0
1826,6818,112,3184,3092,-1775,0,0
2123,6198,927,4563,3624,-1227,0,0
2036,7049,1984,8079,5139,-189,0,0
1353,5582,3246,8049,7837,1224,0,0
54,3190,4418,7757,9337,2993,0,0
-1379,357,5223,6758,9278,4812,0,0
-2587,-375,5620,5483,8482,4451,0,0
-3220,-1482,5831,3780,6596,3026,0,0
-3277,-1479,5895,2733,3695,2203,0,0
-2898,-1295,5693,1805,3304,1336,0,0
-2556,-1319,5281,1788,4067,989,0,0
-2439,-1855,4759,1319,4244,588,0,0
-2018,-2867,4258,829,4929,85,0,0
-1046,-2350,4433,736,4004,-208,0,0
-396,796,5473,-1527,1235,-321,0,0
-994,2245,5546,-2595,-1383,-2455,0,0
-1049,-2796,4984,-4496,-1458,-3757,0,0
-252,-4085,4605,-6786,-2311,-2693,0,0
-297,-3631,2878,-10176,-592,-1128,0,0
-422,291,417,-7249,-876,-1085,0,0
-55,-380,-903,-3725,-1132,-1032,0,0
-54,-190,-1397,-3968,-265,-274,0,0
-238,56,-2231,-4599,133,-249,0,0
-314,-1281,-3608,-4032,320,-389,0,0
-1001,-1358,-4950,-2932,-471,-332,0,0
-1846,915,-5804,-3432,-2498,-1382,0,0
-1826,3063,-6219,832,-2004,-2716,0,0
-1182,2852,-6529,316,633,-1409,0,0
-308,2179,-6915,720,5006,-1165,0,0
770,852,-7615,1625,8918,-607,0,0
1072,645,-8696,3066,9545,986,0,0
533,2281,-8169,4079,7150,1936,0,0
202,2525,-5132,2474,5263,426,0,0
-605,-5093,-4746,3496,5705,770,0,0
-2245,-5825,-4181,4780,7359,1119,0,0
-3353,-2126,-3460,5188,7632,-2995,0,0
-2347,-814,-3229,7005,8615,-2597,0,0
-2179,-1920,-2046,4624,11070,-2495,0,0
-2501,-2390,-383,3986,7488,-412,0,0
-501,-2436,451,3020,3083,-4862,0,0
16,-5844,828,1326,3569,1527,0,0
-104,-5353,1140,342,2594,974,0,0
374,-2955,929,-495,2845,120,0,0
1597,1762,161,-786,3180,691,0,0
2578,7097,-211,-833,3549,1645,0,0
2379,862,984,4470,790,-913,0,0
1061,8231,2320,9641,2143,-558,0,0
1448,3994,2986,10039,6870,-831,0,0
789,2617,4626,10505,7793,3266,0,0
-716,2671,6168,9976,9309,5538,0,0
-1994,1349,6173,8434,8096,6281,0,0
-3019,906,5540,5604,6395,4846,0,0
-3749,-210,5010,1973,5390,2156,0,0
-3852,-2149,4681,-141,3435,1899,0,0
-3455,-2829,4411,1310,3310,1691,0,0
-2630,-3149,4553,1581,5119,572,0,0
-1795,-2420,4593,1079,5851,-269,0,0
-1026,-1085,4564,94,5006,-631,0,0
-603,263,4746,-197,3793,-1496,0,0
-201,1046,5525,-2817,2261,-2855,0,0
-398,2827,5498,-4901,161,-3648,0,0
-373,1166,3818,-7806,-2227,-5799,0,0
-272,-1455,1543,-11400,-4685,-5499,0,0
-923,-1379,-1502,-10413,-3857,-6106,0,0
-1034,-371,-3611,-5961,-947,-5117,0,0
-941,-225,-5017,-2895,448,-4088,0,0
-858,-922,-6107,-444,1833,-2790,0,0
-1064,-1292,-7104,589,3203,-1644,0,0
-1091,-588,-7835,1584,4648,-1149,0,0
-864,-380,-7982,2205,5809,-1089,0,0
-470,-745,-7911,2145,6787,-215,0,0
-2104,1902,-6923,2995,5125,1037,0,0
551,6544,-4517,3631,3358,455,0,0
1135,6765,-3114,2251,4775,443,0,0
1351,87,-4222,2711,7712,560,0,0
617,-5268,-5505,6857,10150,208,0,0
-1881,-6314,-5311,6899,10150,-589,0,0
-3693,-4341,-3897,5829,6329,-1028,0,0
-3653,-2904,-2268,5161,6566,-995,0,0
-4040,-2558,-2944,3473,6970,-5942,0,0
-1659,-692,-706,1962,3076,-153,0,0
796,-4444,356,3660,3583,124,0,0
412,-7355,1254,1526,5101,1617,0,0
407,-6030,1096,717,4281,448,0,0
793,-3644,852,-103,3810,385,0,0
1163,-242,414,-367,3756,526,0,0
1251,3016,241,-381,3632,440,0,0
1199,5973,336,-318,3509,306,0,0
912,7934,495,287,3452,-707,0,0
506,7732,352,1208,2813,-3348,0,0
910,4582,-494,2940,2421,-5642,0,0
2635,1982,-870,5156,4595,-3871,0,0
2965,688,640,8499,6604,-2659,0,0
2374,918,2525,8152,8947,-2170,0,0
2145,4842,4049,7704,10512,-1025,0,0
818,5487,5265,7915,9047,1678,0,0
-1332,4994,5130,3592,7229,3015,0,0
-3020,3427,4364,419,4520,2671,0,0
-4068,2313,4036,1028,4012,2559,0,0
-4868,497,4018,1018,5489,1206,0,0
-5222,-1459,4640,1465,6132,474,0,0
-4823,-3400,5413,1161,6051,105,0,0
-3336,-5709,5726,751,4143,-998,0,0
-1066,-7279,5689,-1363,1210,42,0,0
328,-4199,5736,-4950,-55,-359,0,0
650,-1375,4991,-4965,-1289,-2114,0,0
921,-1425,4236,-7210,-1988,-634,0,0
1011,-1170,3179,-7145,-2218,-1555,0,0
354,-1587,1555,-8896,-2617,83,0,0
-567,-613,-27,-6324,-1851,-700,0,0
-1342,-777,-1062,-4896,-934,863,0,0
-1923,216,-2270,-4476,-65,158,0,0
-1817,1071,-3612,-3595,132,-593,0,0
-1553,-253,-4809,-2482,-507,-811,0,0
-1911,-159,-5589,-637,-1697,-2146,0,0
-2442,-1370,-5982,-147,-1849,-3619,0,0
-2642,-2751,-6222,-33,-677,-3247,0,0
-2809,-3508,-6039,700,611,-3744,0,0
-3323,-134,-5136,712,2671,-400,0,0
-3267,1300,-4686,931,6318,-1318,0,0
-3037,1159,-5259,2000,7176,-1012,0,0
-3303,-837,-4964,1793,5954,766,0,0
-3446,1140,-3928,1506,5936,888,0,0
-3432,1998,-3691,2693,5818,-311,0,0
-2727,212,-3736,4698,6818,-388,0,0
-2514,-605,-4304,5528,9765,-1819,0,0
-3375,-3747,-3378,4196,8418,-3450,0,0
-3434,-3197,-1934,8087,10375,-7678,0,0
-1103,-2730,-1345,6047,8054,-824,0,0
775,-5249,330,3534,4032,397,0,0
346,-8175,1365,1144,2946,1827,0,0
-107,-6914,1403,532,2364,397,0,0
288,-5425,1381,169,3001,-271,0,0
855,-3368,736,203,3756,-248,0,0
1207,-836,-397,474,4543,-110,0,0
1449,1864,-957,213,4170,134,0,0
1431,4636,-640,-412,3649,219,0,0
938,7758,63,29,3349,961,0,0
42,10586,1031,2261,4019,1051,0,0
-792,9187,1607,3438,2648,-1726,0,0
-615,4696,1193,3968,520,-5167,0,0
931,1881,555,5999,2251,-4859,0,0
2723,1,587,9535,6693,-2875,0,0
3831,-2775,1528,9919,9855,-272,0,0
3868,-1515,2103,7910,10003,-207,0,0
2944,2387,2844,6675,7635,18,0,0
1494,4893,3932,5651,5336,1633,0,0
-419,5662,4969,3545,4425,2669,0,0
-2217,3707,5182,2217,4936,2876,0,0
-3694,489,5347,1577,6985,1757,0,0
-4262,-1532,5839,1245,8072,1645,0,0
-4381,-1179,6400,1490,7995,1440,0,0
-4052,-1164,6521,-692,5022,-1030,0,0
-3068,-1486,6188,-2911,-961,-2634,0,0
-2036,-2907,5232,-2339,-436,-3666,0,0
-986,-4914,4582,-5202,-336,-4580,0,0
-93,-3707,4303,-7963,-2214,-1135,0,0
-789,-2191,2894,-5841,-512,-1048,0,0
-1000,-2357,1024,-6326,-522,-1955,0,0
-270,1159,-124,-3874,-1221,-915,0,0
267,789,-598,-4250,-2110,-280,0,0
475,2097,-1130,-3751,-2499,-1127,0,0
400,429,-1491,-3899,-2186,-1091,0,0
-76,-1360,-2113,-4355,-1088,-908,0,0
-680,-641,-2950,-4338,-569,-977,0,0
-864,-927,-4071,-3006,53,-1391,0,0
-844,-1296,-5219,-1442,-423,-1298,0,0
-3520,67,-5862,-151,-1906,-1562,0,0
-2056,1845,-5928,983,-1566,-2378,0,0
-1681,2547,-5890,772,642,-1266,0,0
-1135,3767,-5926,228,4254,170,0,0
-583,2707,-6631,1905,8594,-673,0,0
-669,-2432,-7630,3297,8976,-234,0,0
-1486,-4321,-6764,1804,6192,1897,0,0
-2722,-1487,-4596,1798,7332,973,0,0
-3628,-1060,-4060,4652,7335,-1350,0,0
-3955,-1373,-3295,5631,6471,-3351,0,0
-3398,-216,-2087,5618,9064,-3552,0,0
-2705,1643,-1627,4591,8823,-1786,0,0
-2429,862,-1505,7854,9250,-8563,0,0
-710,-3233,4,5352,4229,-7291,0,0
-259,-4251,792,1238,4415,223,0,0
-52,-4491,855,948,4100,753,0,0
247,-3560,793,511,2639,1002,0,0
301,-2501,616,494,2862,615,0,0
473,-1683,288,562,3540,494,0,0
758,-1113,-184,893,4256,577,0,0
690,-1219,-485,1093,4434,667,0,0
113,-2049,-304,753,3830,247,0,0
-314,-2010,226,61,3876,200,0,0
-552,-329,741,-269,3724,122,0,0
-652,1919,962,-502,3553,-153,0,0
-513,4164,732,-642,2669,-906,0,0
193,6025,169,-500,2025,-2033,0,0
920,6041,-332,3075,3357,-5079,0,0
1782,4232,-110,4229,7113,-4998,0,0
2857,4504,-51,6033,8734,-3571,0,0
3451,3653,520,6537,10510,-2972,0,0
3103,5105,2051,6020,9973,-1676,0,0
1537,6824,3632,5196,6114,786,0,0
-115,6193,4466,2815,3607,2294,0,0
-1572,4712,4779,1964,4331,2470,0,0
-2938,2987,4963,1465,6633,1913,0,0
-3939,1230,4909,1064,7197,1922,0,0
-4519,1067,4740,1191,7241,2094,0,0
-5470,4412,4041,751,5811,2707,0,0
-7249,5337,2669,756,2212,642,0,0
-6847,-1521,1616,741,-681,-136,0,0
-5318,-7001,2250,373,-1006,-312,0,0
-4301,-6202,3571,-1282,-1061,-3067,0,0
-2743,-5739,3930,-2619,-2372,-3268,0,0
-1079,-5519,3196,-3171,-1411,-2267,0,0
-53,-4785,2264,-4431,-848,-1503,0,0
245,-2594,1627,-5171,-792,-1479,0,0
270,-554,1131,-4982,-1568,-535,0,0
-190,343,530,-4423,-1719,-696,0,0
-462,735,-27,-3834,-2065,-846,0,0
-462,-1,-725,-3803,-1878,-577,0,0
-592,-250,-1569,-4153,-1117,-846,0,0
-869,132,-2656,-4993,-1069,-596,0,0
-1311,-529,-4026,-5380,-821,-1102,0,0
-2011,-1162,-5442,-3825,159,-2149,0,0
-2443,-1353,-6475,-1147,615,-2665,0,0
-2328,-506,-6573,910,93,-2530,0,0
-1984,1289,-6364,1355,1969,-2615,0,0
-1533,2637,-6553,2086,5657,-2856,0,0
-1619,2331,-6525,3310,8793,-604,0,0
-2457,-1393,-6520,3110,8223,-17,0,0
-3416,-3586,-5383,3650,6084,-482,0,0
-3803,-3350,-3622,3070,4019,-804,0,0
-3506,-447,-2672,3106,4956,-1917,0,0
-2977,1788,-3097,4909,7706,-1821,0,0
-3139,109,-3158,4746,6862,-639,0,0
-2880,-562,-2031,4271,7902,-2541,0,0
-2734,666,-826,5640,9963,-4571,0,0
-2055,-5079,377,5276,6771,-1132,0,0
-321,-6792,981,-171,2855,-633,0,0
-90,-3704,1642,996,3575,966,0,0
-224,-3453,1783,626,3267,597,0,0
-51,-2353,1280,390,3468,779,0,0
259,-1232,474,844,3323,553,0,0
660,-1071,-233,1055,3592,663,0,0
783,-1097,-553,1158,3855,894,0,0
438,-933,-210,728,3795,294,0,0
148,62,277,227,4028,-37,0,0
-123,2080,472,617,3938,-151,0,0
-506,2379,350,1157,4008,-417,0,0
-821,1142,105,1100,4170,-596,0,0
-802,392,-114,540,3993,-775,0,0
-547,192,-333,90,3683,-1906,0,0
52,1065,-516,122,3135,-3328,0,0
808,2166,-530,276,2635,-4641,0,0
1695,2986,-831,483,3065,-3598,0,0
2361,2311,-1043,2088,4964,-2687,0,0
2673,192,-892,2468,7715,-4657,0,0
2937,155,-616,2194,10284,-6740,0,0
3301,3459,368,3813,10757,-5591,0,0
3330,5275,1975,4342,8082,-3061,0,0
2748,5158,3048,3756,4370,-285,0,0
1997,4489,3906,2738,2756,1056,0,0
981,5032,4808,2888,4418,1275,0,0
-615,4215,5753,2383,6347,873,0,0
-1759,1280,6074,2345,6579,790,0,0
-3936,-522,6209,2228,6489,917,0,0
-2067,-897,6039,1406,2560,1072,0,0
-2387,-2369,5697,730,205,-522,0,0
-1618,-3130,5901,-740,219,-1598,0,0
-1036,-2308,5649,-2172,-1059,-1303,0,0
-781,-2311,5285,-3945,-1650,-2135,0,0
-381,-2837,4389,-2709,-760,-2335,0,0
60,-3504,3750,-4983,-241,-1231,0,0
454,-1878,2701,-5778,-432,-571,0,0
267,537,1436,-7312,-1254,691,0,0
-531,808,-129,-5017,-898,-256,0,0
-978,-1112,-896,-4263,-667,-166,0,0
-1301,190,-1572,-4152,-302,-426,0,0
-1226,1039,-2489,-4187,-267,-1805,0,0
-673,408,-3607,-3556,-1381,-1556,0,0
-846,-388,-4623,-2980,-2385,-1377,0,0
-1558,389,-5153,-1986,-2849,-1681,0,0
-2054,1441,-5313,-692,-1545,-2055,0,0
-1910,3468,-5333,578,563,-1371,0,0
-1363,4160,-5722,1730,3605,-945,0,0
-823,2541,-6735,2542,5736,581,0,0
-781,-736,-7085,3190,6534,658,0,0
-1122,-1356,-6292,2662,5009,1334,0,0
-1983,-1624,-5294,3322,3852,-237,0,0
-2450,-2827,-3936,3013,4128,-1032,0,0
-2739,-816,-2796,4132,5969,-1820,0,0
-3089,750,-1999,3981,7098,-2921,0,0
-3148,45,-1719,3752,8257,-3211,0,0
-3055,-303,-1587,4083,10395,-2228,0,0
-3156,-374,-1359,3048,7337,-3177,0,0
-3239,-2592,-702,2666,4597,-2662,0,0
-2704,-1483,145,5107,4554,-6,0,0
-674,-3540,404,-130,2682,-3062,0,0
-476,-1900,-276,899,3683,1076,0,0
-333,-3460,-55,306,4422,1615,0,0
-78,-2900,-292,-74,3864,1449,0,0
81,-978,-417,343,3133,483,0,0
392,420,-230,328,3223,189,0,0
910,1892,-149,-124,4060,-239,0,0
1501,5197,-12,-402,3904,333,0,0
1203,7574,211,2275,3177,-910,0,0
994,6054,679,4989,2717,-3224,0,0
1547,2745,1082,5967,3569,-2978,0,0
2313,1617,1600,6027,6400,-1438,0,0
2063,4368,2910,6910,9114,1192,0,0
-18,5193,4504,7193,11077,2579,0,0
-1196,2562,4894,5132,9344,2611,0,0
-1887,2215,4649,3499,6287,2653,0,0
-2995,2243,4017,2546,3850,1758,0,0
-3201,512,3555,1823,2837,1092,0,0
-2395,-789,3609,1269,4039,1575,0,0
-2477,1255,3994,973,5241,2550,0,0
-4099,4316,4024,1863,5446,1860,0,0
-5340,2591,3453,1340,4145,664,0,0
-5599,-1694,3040,673,774,584,0,0
-5247,-4764,3643,233,-709,-994,0,0
-3920,-6194,4155,-507,-1368,-2726,0,0
-2250,-6205,4483,-3335,-2198,-2528,0,0
-795,-4465,4192,-4150,-1973,-2463,0,0
-153,-2066,3137,-6120,-2126,-1420,0,0
-160,1159,1530,-4748,-979,-1870,0,0
-32,1587,874,-3033,-270,-2401,0,0
371,1064,668,-4978,-1260,-1096,0,0
-103,1863,-421,-5074,-1609,-297,0,0
-733,816,-1843,-4253,-649,-2703,0,0
-259,-461,-3036,-3243,13,-3554,0,0
527,-367,-3830,-2417,-528,-2212,0,0
887,-194,-4696,-1497,-1579,-1992,0,0
933,439,-7480,21,-3076,-2297,0,0
621,-51,-6101,1379,-2362,-3020,0,0
697,577,-6429,1381,379,-1313,0,0
746,1593,-6580,1086,4156,214,0,0
1077,1311,-6885,1665,7232,-154,0,0
877,-2201,-7406,2818,7778,58,0,0
-412,-4272,-6748,3287,6195,1437,0,0
-2040,-2853,-5115,1869,4586,1616,0,0
-3064,-2108,-3882,2357,5766,-231,0,0
-3334,-1369,-3516,5564,7949,-1413,0,0
-3813,-1399,-2813,4380,7352,-4231,0,0
-3300,-351,-1704,4948,9745,-2271,0,0
-3088,4,-1387,4603,10234,-2668,0,0
-1909,-545,-873,7404,6588,-122,0,0
-21,-2523,708,2396,2124,-1845,0,0
15,-3782,870,453,3272,2002,0,0
-310,-2981,813,507,2994,1313,0,0
-300,-2098,556,662,3362,1063,0,0
143,-1239,59,1036,3764,1139,0,0
567,-1014,-202,772,3630,1036,0,0
481,-525,-90,636,3544,768,0,0
83,120,233,738,3898,551,0,0
-273,688,496,761,4287,337,0,0
-542,1116,555,565,4115,-196,0,0
-622,1156,375,693,3848,-813,0,0
-554,485,115,751,3622,-1601,0,0
-244,13,36,466,3837,-3294,0,0
713,2295,29,478,3760,-4411,0,0
1994,5142,-134,1395,3656,-3117,0,0
2632,5084,-44,4132,3845,-2872,0,0
2867,3657,931,5363,5755,-3063,0,0
3204,4441,2098,6911,8711,-2842,0,0
2886,5786,3339,6687,11069,-827,0,0
1506,6255,4088,5136,9053,1934,0,0
-202,5692,3921,3612,5628,3375,0,0
-1925,4177,3669,2067,3085,2654,0,0
-2880,2715,3729,1298,3427,2426,0,0
-3742,2436,3873,899,5916,1690,0,0
-4808,2041,3571,925,6477,1790,0,0
-5914,1384,3159,668,5076,1834,0,0
-6442,-1164,3042,51,2535,1400,0,0
-6130,-3137,3345,422,859,599,0,0
-5277,-4371,3917,328,-845,-1166,0,0
-3932,-5217,4360,-806,-1753,-1793,0,0
-2780,-5806,4787,-2308,-1671,-1759,0,0
-1431,-6086,4271,-5342,-921,-1509,0,0
-509,-1998,3141,-5844,-278,-1980,0,0
-200,1421,1750,-5895,-103,-2465,0,0
52,1848,401,-5247,-236,-2077,0,0
18,425,-596,-4683,-828,-1320,0,0
-367,-180,-1674,-4778,-239,-2680,0,0
-357,8,-2892,-4695,-545,-3346,0,0
-65,72,-4093,-2968,-941,-3054,0,0
383,1104,-4881,-1564,-1220,-2305,0,0
841,2181,-5225,-870,-1845,-1773,0,0
828,2706,-5081,-683,-1462,-926,0,0
607,1875,-5342,-485,1021,-529,0,0
-27,-836,-6790,933,5578,665,0,0
-1117,-2183,-8319,1875,8725,-20,0,0
-1125,-1453,-8646,3422,9277,319,0,0
-880,1598,-7625,4505,7445,420,0,0
-1039,482,-5962,5660,4020,-826,0,0
-1885,-3879,-3944,4537,4988,-113,0,0
-2754,-2987,-2485,6557,7337,-1776,0,0
-3135,-3310,-1801,4185,7688,-3384,0,0
-3444,-2658,-895,3344,8570,-2933,0,0
-3448,-1834,-313,1652,8570,-2935,0,0
-2739,897,-270,4520,5708,-6577,0,0
-905,-4717,-27,2801,3259,-1204,0,0
0,-4694,443,-1192,3159,-159,0,0
-49,-1239,925,421,3656,624,0,0
-103,-1805,660,574,3552,870,0,0
-68,-1876,207,239,3827,1273,0,0
19,-922,-242,139,3639,1217,0,0
106,-304,-496,336,3557,860,0,0
135,396,-376,180,3670,508,0,0
103,1962,-218,-340,3879,2,0,0
283,4899,-345,-688,3876,-646,0,0
461,7647,-519,1556,3204,-3050,0,0
968,6553,-71,4067,3461,-4930,0,0
1931,4315,772,6052,5008,-3259,0,0
2664,1683,1755,5982,7021,-2155,0,0
2992,2203,2715,5772,10210,-1272,0,0
1936,4907,3877,6338,10469,-279,0,0
127,5997,4497,4756,7911,1118,0,0
-1490,7511,4160,3110,4224,2801,0,0
-2952,6879,3506,1809,2837,2719,0,0
-3787,3367,3190,972,4105,2071,0,0
-4226,1313,3298,482,5117,2366,0,0
-4787,581,2953,995,5708,2846,0,0
-5433,1730,2564,1302,5403,2823,0,0
-6321,1246,1874,735,3060,1897,0,0
-6667,-1272,1617,937,1082,-765,0,0
-5583,-3810,2218,704,-1224,-1922,0,0
-4752,-4883,2877,104,-1574,-2256,0,0
-4027,-5196,3663,-1029,-1672,-2673,0,0
-2826,-5665,3826,-2882,-849,-3239,0,0
-1380,-4534,3450,-3764,122,-2671,0,0
-209,-2351,2640,-6538,-652,-2120,0,0
726,459,1470,-4329,-1392,-1866,0,0
781,165,729,-5488,-1660,-953,0,0
157,373,-449,-5316,-1363,-888,0,0
-427,-900,-1608,-5158,-543,-1724,0,0
-564,-496,-2995,-4252,-186,-2451,0,0
-351,106,-4464,-3528,-1173,-2813,0,0
18,427,-5669,-1853,-2602,-2711,0,0
61,1460,-6062,-363,-3013,-3193,0,0
554,1792,-5923,995,-2213,-4401,0,0
1245,-482,-5854,-400,547,-1812,0,0
1359,60,-5895,-49,4750,455,0,0
1123,1842,-6002,-177,7245,939,0,0
1502,890,-6702,992,7269,798,0,0
1607,-251,-7030,2636,6740,1990,0,0
929,1153,-5819,3138,5735,1634,0,0
463,-110,-4885,3999,6228,88,0,0
-127,-3644,-4894,7347,7115,562,0,0
-1442,-3871,-4401,6149,8704,-479,0,0
-2200,-4188,-3360,6738,9898,-1278,0,0
-3333,-4209,-2165,3384,8555,-2741,0,0
-3402,-1315,-1616,5901,5673,-5156,0,0
-1661,-1667,-858,4394,3342,-1469,0,0
164,-3422,57,1504,2489,-745,0,0
73,-4611,680,551,3554,2110,0,0
-273,-3466,746,-103,4493,1586,0,0
-303,-1349,389,236,4203,1442,0,0
-109,-395,25,594,3286,1295,0,0
-40,-114,67,263,2932,1254,0,0
-232,361,183,288,3772,918,0,0
-275,1075,173,208,4276,354,0,0
-114,2294,14,-195,3938,-1349,0,0
691,4753,-34,-184,2623,-2678,0,0
1075,6041,199,2856,2169,-3566,0,0
1411,4595,798,4946,4590,-3247,0,0
1956,3868,1533,6429,6386,-2242,0,0
2484,3559,2268,7418,10214,-1867,0,0
2185,2894,3108,7277,11896,-974,0,0
898,2153,4073,4907,8476,-210,0,0
87,1637,4488,3870,4734,460,0,0
-64,454,4673,2666,3720,427,0,0
-127,620,4867,2324,5073,1327,0,0
-1072,2759,5348,1945,6153,1400,0,0
-2633,6694,5702,1672,6877,2056,0,0
-5459,599,4872,1530,6271,1828,0,0
-7287,3363,3078,187,2817,35,0,0
-6218,-3151,2533,35,-822,179,0,0
-4797,-4485,3119,351,-1012,-567,0,0
-4074,-2974,3667,-200,-1276,-1697,0,0
-3305,-3593,3528,-1674,-1905,-3527,0,0
-1959,-3325,3122,-1581,-1141,-2688,0,0
-1348,-2411,2811,-3473,-441,-3236,0,0
-701,-1093,2453,-4322,-921,-3069,0,0
-265,-952,1789,-4836,-1565,-2774,0,0
32,-900,869,-4416,-1395,-1634,0,0
-185,606,-216,-4373,-1545,-1961,0,0
-131,-13,-1119,-4109,-962,-1755,0,0
-47,15,-2018,-4054,-300,-2102,0,0
-25,-465,-3204,-4292,6,-2628,0,0
149,-404,-4505,-3268,-997,-2992,0,0
296,99,-5589,-1328,-2243,-3088,0,0
443,760,-6193,449,-2672,-2748,0,0
396,507,-6464,1099,-854,-2009,0,0
581,783,-6588,901,2736,-1097,0,0
1131,1253,-7095,1756,6040,346,0,0
1517,1342,-7427,2757,6671,1653,0,0
1514,1471,-6985,3112,5312,2812,0,0
774,2892,-5150,2471,5169,1775,0,0
317,1000,-3812,2675,3256,-107,0,0
649,-2735,-3997,3821,5869,-375,0,0
-83,-3998,-4066,4699,6390,-1100,0,0
-933,-3167,-3450,4190,7187,-1338,0,0
-1546,-2469,-2987,4974,9241,-2328,0,0
-2229,-3882,-2627,4291,8152,-1393,0,0
-2764,-3691,-1497,3308,4888,-3239,0,0
-2081,-1786,-586,4154,4035,-2958,0,0
-1500,-3279,-146,2319,3654,-5222,0,0
-24,-3619,330,319,3773,-3196,0,0
141,-3674,458,768,4363,1186,0,0
-285,-3021,749,221,4231,1294,0,0
-325,-2522,695,-196,3741,664,0,0
-17,-1149,515,-418,3419,373,0,0
495,942,222,-750,3492,106,0,0
1000,3101,-229,-471,3580,-182,0,0
1330,4936,-475,449,3685,-742,0,0
1403,6247,-169,2572,3657,-1826,0,0
1144,4865,577,5309,2944,-3780,0,0
1397,2049,1525,6296,3820,-4351,0,0
2520,874,2275,6279,7184,-3867,0,0
3330,1484,2645,7408,10789,-3228,0,0
3036,1514,3100,5704,10894,-1708,0,0
1849,1907,3402,4011,6919,-745,0,0
773,2597,3994,3125,3168,-14,0,0
287,2965,4362,2606,3297,889,0,0
-469,3239,4797,2414,5100,1005,0,0
-1696,4100,5501,1529,6291,1267,0,0
-3279,5142,5757,1561,6258,1296,0,0
-4462,4084,5467,1557,4941,369,0,0
-7032,1830,5008,759,262,201,0,0
-5117,-199,4222,-124,-750,-1803,0,0
-4362,-2091,3200,-650,-2001,-2827,0,0
-3884,-1829,3510,-2242,-2984,-3261,0,0
-3203,-2617,2884,-1280,-2101,-3070,0,0
-2098,-2534,2673,-2071,-117,-4003,0,0
-982,-1051,2409,-3895,-900,-3686,0,0
-164,-245,1895,-4310,-1013,-2944,0,0
105,-605,1210,-4079,-1243,-1882,0,0
-54,-917,306,-5242,-1698,-1788,0,0
-200,-1744,-1132,-4452,-1011,-1811,0,0
-387,-1565,-2323,-5270,-368,-2250,0,0
-590,-718,-3846,-5646,-821,-3177,0,0
-706,-799,-5629,-3652,-429,-3404,0,0
-109,1529,-6757,-711,-22,-3316,0,0
685,2041,-6915,734,389,-1263,0,0
1447,4538,-5851,156,2386,-280,0,0
2808,5823,-5500,264,5596,530,0,0
3774,1729,-6066,1233,8211,704,0,0
3490,-2683,-7169,2084,9131,1664,0,0
2837,-2100,-7327,3452,8911,1847,0,0
2102,-800,-6777,5367,7685,1278,0,0
1020,55,-5869,5906,5731,823,0,0
228,-2093,-4742,8091,6772,187,0,0
-3104,-5445,-3463,6389,9292,257,0,0
-2443,-4020,-1908,5661,9425,-3332,0,0
-2239,-890,-1426,4382,5931,-1952,0,0
-2025,379,-867,2706,4709,-1618,0,0
-2186,-1183,-299,4191,4048,-3205,0,0
-1285,-5426,215,1157,3854,-1710,0,0
85,-3593,81,-43,3235,-728,0,0
15,-3465,125,835,3690,1378,0,0
-45,-3950,238,-299,4200,1142,0,0
58,-2360,-62,-200,3782,1030,0,0
160,-802,-174,-33,3584,1013,0,0
170,498,-109,-88,3619,845,0,0
40,1574,-36,-146,3924,336,0,0
111,2754,-6,-226,4074,35,0,0
141,3672,-57,473,4009,-256,0,0
5,3465,-172,980,3596,-1356,0,0
89,3031,-58,1367,3221,-2612,0,0
619,3291,256,3197,3662,-3262,0,0
1609,3072,792,4368,4243,-1844,0,0
2116,2319,1564,5640,5574,-1052,0,0
1949,1777,2518,4722,9757,-1780,0,0
1067,3700,3702,5103,10064,-1423,0,0
-26,4130,4404,6112,8441,294,0,0
-430,2842,4151,5523,5758,-499,0,0
170,872,3618,4136,3157,-3,0,0
341,2106,4002,3117,4051,2552,0,0
-1938,5501,4998,1775,7160,2581,0,0
-4906,7414,4968,673,8403,1696,0,0
-6813,5869,3619,169,7195,900,0,0
-6923,-531,2315,-161,3469,466,0,0
-6132,-6896,2597,-201,415,389,0,0
-5326,-6129,4474,-144,-242,-842,0,0
-4051,-6588,4970,-1551,-1461,-2480,0,0
-2070,-7626,5006,-2339,-1239,-2265,0,0
-103,-7755,4608,-4591,-524,-530,0,0
535,-3291,3314,-6686,-935,376,0,0
175,1123,2014,-5779,-821,-518,0,0
-83,2600,796,-6523,-1365,-422,0,0
-228,994,-573,-4868,-1478,-49,0,0
-741,-948,-1464,-4461,-1075,237,0,0
-1271,369,-2348,-4483,-417,-1205,0,0
-1186,1243,-3405,-4022,-333,-1644,0,0
-1009,259,-4431,-2456,-1204,-1314,0,0
-1420,-185,-5237,-918,-1543,-2159,0,0
-1403,737,-5787,502,-1441,-2334,0,0
-747,2683,-5920,1346,-1621,-1808,0,0
-76,2985,-5955,670,831,-1154,0,0
451,3913,-6108,1109,4530,113,0,0
864,3143,-6737,2078,7963,-67,0,0
1470,1536,-6829,2428,6985,664,0,0
1457,297,-6040,2302,5724,1084,0,0
583,-938,-5145,2537,5463,509,0,0
-349,-3120,-4653,4013,5632,450,0,0
-1278,-2667,-4312,5345,7259,916,0,0
-2442,-1062,-3788,5264,8533,-775,0,0
-2095,304,-3131,6363,11030,-264,0,0
-2051,-1925,-3073,4346,8125,-850,0,0
-1600,-4861,-1721,10104,4650,-1303,0,0
-131,-6170,330,2263,2384,-3328,0,0
-255,-4379,531,249,3863,1472,0,0
-510,-4459,1210,57,3696,1993,0,0
-481,-3183,663,33,3341,705,0,0
109,-1461,-12,328,3884,974,0,0
502,-504,-370,300,3716,1325,0,0
329,21,-254,292,3330,828,0,0
-18,319,18,533,4000,418,0,0
-215,667,248,238,4336,50,0,0
-268,1284,224,-12,3823,-1069,0,0
331,2570,171,-594,3208,-2329,0,0
1369,5463,168,27,2806,-2551,0,0
1701,6056,-9,2714,3506,-3721,0,0
1916,2857,160,4865,5648,-4463,0,0
2502,-664,752,5010,7376,-4223,0,0
3115,-496,1212,4512,9833,-3900,0,0
3243,2282,2035,3771,10273,-2752,0,0
2366,4923,3330,5225,7329,-1263,0,0
1273,2945,4125,4631,4125,-442,0,0
1118,956,4222,2953,3543,-29,0,0
1020,1675,4796,1948,5051,698,0,0
218,3912,5860,1801,6411,1107,0,0
-1257,5535,6809,2539,6552,755,0,0
-2654,1596,6135,1596,4980,277,0,0
-2897,-1670,6307,1163,1525,485,0,0
-2463,-1196,6499,1214,463,231,0,0
-2379,-1179,5904,-1639,-2667,-876,0,0
-1879,-2608,5031,-1699,-2946,-1735,0,0
-908,-3340,4257,-2266,-1058,-1824,0,0
-304,-742,3459,-3476,-157,-1889,0,0
-81,1398,2735,-4310,-851,-1702,0,0
613,342,1883,-5613,-1558,-1749,0,0
1120,-675,805,-4453,-1642,-1816,0,0
644,-1942,23,-4460,-1268,-1999,0,0
-218,-209,-533,-4719,-1785,-883,0,0
-940,51,-1097,-4344,-1553,-776,0,0
-1288,490,-1786,-3684,-976,-1519,0,0
-1296,1177,-2682,-3503,-1097,-2214,0,0
-806,477,-3673,-2489,-1647,-2802,0,0
26,857,-4408,156,-2485,-1980,0,0
737,4256,-4195,1535,-3810,-1720,0,0
1099,3951,-4001,-772,-3545,-2795,0,0
1529,367,-4939,-393,90,-2610,0,0
1417,-3146,-6135,1570,4103,-604,0,0
382,-3780,-7528,1700,5774,-95,0,0
-346,-2561,-8115,2284,6653,-591,0,0
-517,-1796,-7520,3763,5907,-456,0,0
-704,-1344,-5685,3838,4349,-44,0,0
-1354,-1845,-3881,3216,4705,-145,0,0
-2395,-1824,-3055,4655,6140,150,0,0
-3216,-783,-2504,4109,7212,-1609,0,0
-3282,-525,-2422,5004,11242,-2335,0,0
-3590,-946,-2208,4560,7549,-3669,0,0
-3610,-696,-987,2595,6615,-2470,0,0
-3514,-76,103,5586,5598,-8720,0,0
-1172,-3866,740,1140,3212,-10414,0,0
120,-2640,318,438,3305,883,0,0
-181,-2516,722,1365,4626,1734,0,0
-181,-2968,585,432,3898,1116,0,0
-82,-2041,279,414,3442,839,0,0
44,-722,123,689,3449,730,0,0
205,292,137,527,3519,516,0,0
345,1416,42,196,3595,254,0,0
533,2518,-297,340,3557,-479,0,0
1052,3880,-416,-30,2931,-921,0,0
1204,5550,-532,1875,2263,-2125,0,0
1147,4661,-239,3983,3604,-3446,0,0
1655,2870,406,5130,5500,-2773,0,0
2209,2052,986,5896,8569,-2265,0,0
2252,2684,1677,6130,10512,-2072,0,0
1340,3654,2911,6330,8697,-461,0,0
133,3122,3856,5220,6269,1068,0,0
-540,2488,4295,3741,3641,1332,0,0
-877,2440,4667,2974,4140,2295,0,0
-1978,2753,5226,2540,6687,1944,0,0
-3208,3322,5571,2360,8259,2129,0,0
-4462,3608,5300,1980,7800,1481,0,0
-4843,-9,4595,533,4277,1160,0,0
-4427,-2952,4436,180,1335,253,0,0
-3949,-2291,5017,429,788,-442,0,0
-4059,-1409,5371,-1161,-750,-2161,0,0
-3586,-2354,4794,-2031,-1078,-3152,0,0
-2625,-3167,4166,-1848,-653,-3066,0,0
-1699,-2193,4067,-3055,394,-3030,0,0
-716,-988,3556,-5342,-418,-3015,0,0
127,-1185,2381,-7103,-1651,-1857,0,0
194,-2784,514,-6101,-1456,-696,0,0
-803,-4363,-1377,-5777,-1049,697,0,0
-1584,-489,-2422,-4467,-207,382,0,0
-1501,1398,-3460,-3751,174,-1369,0,0
-781,1754,-4417,-2471,-180,-1327,0,0
-202,1888,-5304,-807,-809,-1723,0,0
-118,3093,-5788,759,-1905,-2593,0,0
83,3285,-6064,1805,-1603,-2962,0,0
817,3567,-5994,1362,1,-1834,0,0
1563,2583,-6309,619,3716,135,0,0
1675,-78,-7291,1338,7985,951,0,0
1551,-1545,-7112,2549,8477,1063,0,0
663,-2253,-6284,2442,6584,1503,0,0
-1054,-2424,-5280,2745,6013,59,0,0
-2067,-3829,-4659,4756,5458,-180,0,0
-2895,-3387,-3653,4225,4843,-967,0,0
-3160,-1393,-2956,4801,8643,-1986,0,0
-2730,643,-2301,5193,9573,-2191,0,0
-2256,142,-1987,5767,9527,-2302,0,0
-1549,-3450,-1016,5220,7332,-176,0,0
210,-4791,461,2727,2436,-2188,0,0
340,-5777,1068,511,3351,1160,0,0
143,-4207,1331,630,2901,408,0,0
213,-2633,1123,689,3569,323,0,0
472,-1824,572,795,3904,574,0,0
751,-1463,35,828,4213,557,0,0
812,-1213,-136,604,3800,323,0,0
470,-889,48,466,3547,156,0,0
-2,-508,350,660,3817,4,0,0
-323,-410,567,831,4029,-317,0,0
-422,-551,659,773,4054,-465,0,0
-465,-437,679,662,4066,-578,0,0
-520,-280,693,692,3969,-787,0,0
-586,-128,655,665,3967,-783,0,0
-644,96,608,795,4059,-743,0,0
-657,135,619,900,4155,-858,0,0
-622,-175,588,965,4031,-1211,0,0
-478,-1011,504,847,3855,-1685,0,0
-200,-1268,337,474,3853,-1917,0,0
106,-55,64,729,3826,-1485,0,0
259,782,-92,1169,3709,-927,0,0
286,543,-220,1203,3749,-619,0,0
283,159,-347,1177,3873,-473,0,0
266,-18,-453,1055,3877,-481,0,0
206,-158,-531,1015,3849,-578,0,0
86,-377,-484,1090,3780,-719,0,0
-93,-635,-285,926,3721,-723,0,0
-237,-514,-89,749,3452,-615,0,0
-342,-54,-126,757,3793,-717,0,0
-239,371,-601,1274,4268,-879,0,0
1,393,-1056,1468,4268,-581,0,0
141,-29,-1027,1444,4063,-519,0,0
92,-539,-709,1165,4096,-473,0,0
-32,-525,-267,1129,3966,-495,0,0
-111,-564,246,1177,3887,-610,0,0
-115,-1163,692,881,3988,-666,0,0
-68,-1485,894,426,4144,-880,0,0
56,-1356,983,489,4159,-1076,0,0
123,-1680,931,136,4023,-1037,0,0
82,-1669,792,39,3877,-1001,0,0
25,-1104,590,125,3882,-1010,0,0
6,-528,326,203,3870,-945,0,0
5,-83,31,342,3855,-893,0,0
17,367,-193,490,3844,-871,0,0
29,771,-304,688,3894,-873,0,0
54,1009,-317,884,3913,-933,0,0
74,974,-258,979,3902,-930,0,0
83,782,-166,1022,3843,-908,0,0
93,601,-108,990,3840,-892,0,0
96,520,-103,997,3864,-867,0,0
99,523,-89,995,3832,-820,0,0
101,530,-22,1016,3899,-855,0,0
119,446,53,966,3834,-863,0,0
130,360,87,894,3820,-891,0,0
162,378,52,873,3845,-933,0,0
214,560,-7,887,3797,-856,0,0
238,697,-32,881,3922,-807,0,0
256,845,-60,941,3938,-859,0,0
298,997,-56,934,3787,-860,0,0
332,1116,-34,911,3674,-818,0,0
367,1265,-58,950,3701,-829,0,0
437,1363,-139,1072,4150,-824,0,0
504,1510,-199,1029,3902,-625,0,0
387,1755,-145,971,3385,-532,0,0
234,1847,-158,1192,3426,-692,0,0
222,1721,-400,1482,3587,-677,0,0
282,1425,-661,1645,3722,-645,0,0
331,943,-724,1686,3966,-620,0,0
323,416,-562,1453,4037,-559,0,0
239,421,-228,1326,4060,-660,0,0
162,355,107,1143,3864,-838,0,0
146,-40,186,759,3730,-843,0,0
178,123,36,680,3789,-691,0,0
194,539,-187,987,3886,-615,0,0
170,687,-310,1198,3788,-2680,0,0
127,661,-253,1300,3773,-709,0,0
94,497,-145,1354,3913,-742,0,0
76,298,-57,1358,4011,-715,0,0
49,54,13,1253,3883,-703,0,0
14,-215,98,987,3672,-770,0,0
-29,-326,164,711,3720,-830,0,0
-41,-100,97,772,3835,-849,0,0
23,196,-42,1108,3868,-697,0,0
44,274,-86,1269,3821,-514,0,0
-22,95,-30,1285,3747,-738,0,0
-109,-317,65,1233,3743,-946,0,0
-127,-798,139,1108,3738,-954,0,0
-61,-1097,139,994,3857,-862,0,0
5,-903,59,864,3885,-663,0,0
13,-451,-33,862,3702,-634,0,0
-2,-238,-80,891,3783,-619,0,0
-27,-122,-114,938,4035,-601,0,0
-51,87,-177,1018,4024,-698,0,0
-78,433,-183,1073,3945,-894,0,0
-46,673,-156,1236,3946,-1056,0,0
25,306,-131,1274,3918,-879,0,0
43,-55,-172,1181,3890,-583,0,0
14,-203,-155,1098,3800,-672,0,0
-51,-409,-18,901,3848,-859,0,0
-85,-409,121,797,3871,-898,0,0
-83,-258,189,838,3881,-786,0,0
-87,-107,204,979,3823,-702,0,0
-106,-108,204,1078,3791,-639,0,0
-125,-191,184,1080,3837,-629,0,0
-137,-253,148,1066,3820,-613,0,0
-142,-292,138,1065,3883,-610,0,0
-141,-335,152,951,3894,-612,0,0
-141,-411,170,802,3893,-694,0,0
-132,-403,165,626,3878,-683,0,0
-108,-173,123,590,3984,-671,0,0
-75,190,76,714,3955,-621,0,0
-66,493,49,923,3923,-641,0,0
-52,660,2,1108,3849,-620,0,0
-33,708,-36,1228,3728,-597,0,0
-35,571,-67,1301,3710,-543,0,0
-57,310,-118,1298,3774,-503,0,0
-71,67,-182,1268,3854,-478,0,0
-85,-19,-212,1239,3925,-400,0,0
-114,-71,-186,1214,3962,-377,0,0
-149,-103,-112,1168,3910,-436,0,0
-152,-182,-42,1013,3868,-458,0,0
-132,-251,-42,840,3905,-419,0,0
-106,-80,-98,880,3951,-387,0,0
-77,167,-132,1092,3872,-357,0,0
-67,222,-99,1189,3830,-330,0,0
-60,97,-51,1170,3862,-291,0,0
-65,-33,-44,1100,3868,-262,0,0
-76,-95,-71,1048,3892,-243,0,0
-87,-137,-91,1044,3910,-252,0,0
-97,-215,-92,1004,3920,-268,0,0
-73,-231,-63,989,3927,-281,0,0
-32,-228,-25,903,4013,-241,0,0
-11,-163,4,813,3907,-226,0,0
-15,-169,2,773,3992,-358,0,0
-3,-158,-46,757,4047,-2584,0,0
41,-47,-90,795,4052,-597,0,0
70,-58,-92,788,4008,-435,0,0
80,-50,-63,780,3967,-275,0,0
81,64,-46,833,3920,-217,0,0
68,227,-44,948,3879,-254,0,0
46,316,-38,1074,3917,-332,0,0
19,147,-37,1058,3886,-386,0,0
-29,-132,-35,936,3885,-433,0,0
-59,-292,-22,838,3913,-457,0,0
-51,-347,-7,759,3966,-383,0,0
-41,-252,7,751,3988,-328,0,0
-33,-156,1,785,3978,-333,0,0
-26,-92,-5,872,3912,-356,0,0
-29,-93,15,922,3890,-377,0,0
-26,-97,44,935,3924,-347,0,0
-20,-130,48,914,4006,-326,0,0
-26,-185,30,806,3936,-347,0,0
-41,-214,1,803,3906,-405,0,0
-40,-213,-16,865,3966,-340,0,0
-44,-241,-2,848,3979,-303,0,0
-47,-236,10,796,3963,-331,0,0
-30,-155,12,826,3957,-332,0,0
-7,-69,20,895,3980,-303,0,0
1,-65,17,880,3937,-359,0,0
14,-88,-2,812,3921,-422,0,0
24,-42,-26,895,3988,-360,0,0
6,-109,-27,938,4062,-316,0,0
-7,-197,-26,762,3943,-345,0,0
-10,-112,-34,741,3878,-394,0,0
0,-11,-52,885,3892,-445,0,0
15,-3,-42,997,3956,-394,0,0
17,-27,-6,901,3956,-387,0,0
17,11,15,764,3886,-412,0,0
27,49,-7,876,3910,-433,0,0
49,73,13,1019,3932,-383,0,0
43,39,72,993,3911,-357,0,0
15,-37,100,886,3888,-389,0,0
-4,-80,90,815,3926,-408,0,0
-18,-115,68,774,3954,-425,0,0
-24,-111,37,763,3952,-470,0,0
-14,-12,7,813,3932,-470,0,0
-6,43,-2,892,3952,-428,0,0
3,55,4,921,3935,-401,0,0
5,56,11,895,3912,-373,0,0
-6,29,-9,922,3972,-401,0,0
-17,-8,-26,959,3916,-466,0,0
-27,-78,-20,902,3892,-427,0,0
-29,-101,-17,857,3905,-367,0,0
-25,-84,-27,895,3963,-355,0,0
-12,-39,-21,907,3967,-355,0,0
3,1,-10,915,3947,-372,0,0
18,9,10,917,3945,-395,0,0
33,0,5,883,3915,-397,0,0
46,-5,-5,863,3971,-402,0,0
61,17,-24,875,3962,-408,0,0
80,59,-34,914,3930,-402,0,0
89,69,-32,928,3966,-434,0,0
98,65,-33,873,3913,-468,0,0
108,100,-30,846,3938,-468,0,0
110,134,-20,864,3915,-458,0,0
102,136,-34,965,3962,-519,0,0
111,108,-54,1042,3978,-591,0,0
137,61,-42,967,3878,-555,0,0
138,18,-1,860,3887,-535,0,0
119,-33,20,789,3854,-522,0,0
116,4,3,792,3832,-525,0,0
125,109,-6,898,3895,-564,0,0
129,207,34,1025,3931,-590,0,0
124,180,84,1007,3915,-601,0,0
125,136,63,991,4084,-695,0,0
145,145,4,982,3975,-685,0,0
122,120,33,979,3730,-670,0,0
87,64,73,1029,3743,-710,0,0
107,78,83,1065,3786,-632,0,0
108,103,119,1029,3813,-602,0,0
61,108,121,957,3855,-634,0,0
4,183,38,994,3856,-774,0,0
-9,200,-83,1187,3812,-812,0,0
-12,-16,-98,1286,3780,-730,0,0
-27,-293,-9,1207,3868,-671,0,0
-14,-339,61,1040,3951,-608,0,0
5,-260,53,963,4011,-669,0,0
16,-193,16,963,3865,-731,0,0
25,-113,42,927,3802,-707,0,0
12,-57,47,901,3804,-702,0,0
0,1,8,943,3870,-700,0,0
-11,52,-37,1009,3860,-787,0,0
-6,116,-68,1071,3763,-786,0,0
-2,111,-56,1086,3756,-772,0,0
7,108,-50,1084,3786,-758,0,0
10,126,-64,1125,3818,-758,0,0
8,104,-82,1185,3855,-756,0,0
7,16,-70,1186,3876,-727,0,0
0,-123,-56,1068,3902,-727,0,0
-3,-161,-96,1022,3897,-787,0,0
11,-165,-132,984,3801,-760,0,0
17,-177,-120,958,3858,-689,0,0
18,-187,-132,965,3870,-669,0,0
13,-184,-131,944,3875,-686,0,0
18,-131,-73,889,3879,-694,0,0
13,-154,14,764,3880,-731,0,0
19,-80,43,716,3908,-732,0,0
34,71,53,787,3926,-711,0,0
47,146,87,804,3957,-719,0,0
56,240,104,806,3932,-724,0,0
76,324,89,883,3872,-769,0,0
98,346,69,1011,3804,-802,0,0
116,368,75,1120,3838,-794,0,0
155,369,93,1192,3905,-747,0,0
193,296,105,1137,3885,-732,0,0
203,297,116,1009,3815,-737,0,0
172,291,97,930,3792,-855,0,0
151,295,8,930,3760,-925,0,0
145,443,-66,1097,3775,-846,0,0
119,497,-61,1209,3774,-756,0,0
96,529,-52,1266,3840,-828,0,0
97,485,-76,1352,3768,-876,0,0
89,289,-70,1389,3689,-834,0,0
61,71,-41,1327,3737,-820,0,0
25,-59,-19,1154,3691,-835,0,0
-20,-39,-29,1144,3646,-780,0,0
-62,5,-64,1298,3832,-780,0,0
-78,-105,-71,1318,3968,-791,0,0
-82,-242,-45,1138,3827,-849,0,0
-68,-256,-28,1072,3726,-795,0,0
-44,-249,-12,1014,3762,-682,0,0
-63,-191,-8,972,3819,-752,0,0
-87,-106,-42,1083,3834,-824,0,0
-88,-83,-49,1219,3801,-744,0,0
-99,-156,5,1190,3803,-717,0,0
-91,-137,55,1071,3865,-734,0,0
-69,-52,46,1046,3840,-768,0,0
-42,24,32,1101,3837,-711,0,0
-27,25,25,1125,3875,-734,0,0
-20,-20,-14,1130,3809,-758,0,0
-22,-75,-38,1174,3790,-783,0,0
-24,-155,-19,1173,3783,-721,0,0
-22,-167,20,1060,3809,-660,0,0
-21,-89,11,1035,3804,-733,0,0
-9,-3,13,1050,3771,-736,0,0
-11,110,56,991,3740,-674,0,0
-31,228,61,1031,3884,-679,0,0
-44,260,3,1174,3973,-768,0,0
-39,227,-69,1376,3907,-801,0,0
-26,18,-71,1459,3799,-734,0,0
12,-222,-7,1343,3824,-678,0,0
83,-297,61,1153,3782,-644,0,0
107,-269,125,899,3754,-619,0,0
74,-118,81,732,3837,-725,0,0
39,101,-57,863,3861,-813,0,0
27,247,-129,1180,3777,-764,0,0
27,211,-90,1310,3741,-630,0,0
22,131,-18,1190,3745,-591,0,0
-12,174,-7,1136,3817,-751,0,0
-24,152,-43,1126,3726,-722,0,0
-25,108,-44,1074,3753,-2672,0,0
-40,160,-39,1094,3870,-637,0,0
-41,296,-29,1138,3912,-697,0,0
-21,383,-42,1262,3889,-707,0,0
-8,221,-58,1364,3806,-637,0,0
-12,3,-26,1368,3790,-570,0,0
-12,-103,38,1224,3805,-571,0,0
5,-104,48,1083,3845,-582,0,0
17,-18,40,1050,3888,-638,0,0
18,76,21,1093,3850,-667,0,0
16,149,-8,1212,3788,-606,0,0
1,112,-28,1303,3763,-624,0,0
-8,-3,-23,1286,3785,-649,0,0
-11,-111,-18,1159,3843,-636,0,0
11,-86,-25,1106,3850,-562,0,0
25,16,-11,1075,3839,-567,0,0
23,108,-13,1112,3842,-645,0,0
32,161,-31,1206,3818,-592,0,0
36,137,-16,1218,3811,-546,0,0
25,67,10,1175,3880,-537,0,0
8,47,-2,1209,3816,-592,0,0
-12,-13,-10,1301,3853,-626,0,0
-1,-99,13,1253,3852,-613,0,0
43,-202,53,1111,3842,-523,0,0
67,-176,38,919,3906,-577,0,0
69,110,-43,923,3734,-635,0,0
27,267,-136,1195,3704,-692,0,0
0,290,-144,1513,3750,-710,0,0
10,-45,-19,1449,3759,-608,0,0
14,-254,85,1138,3861,-527,0,0
42,-128,80,1020,3933,-549,0,0
72,99,55,1019,3890,-645,0,0
75,193,36,1040,3807,-740,0,0
86,240,11,1125,3800,-675,0,0
93,277,-16,1228,3775,-594,0,0
75,262,-32,1279,3728,-638,0,0
48,215,-52,1346,3747,-732,0,0
31,83,-69,1435,3743,-753,0,0
37,-99,-5,1339,3780,-591,0,0
46,-114,84,1090,3861,-484,0,0
37,53,41,1016,3859,-651,0,0
27,201,-75,1276,3750,-780,0,0
25,125,-80,1485,3739,-669,0,0
11,-99,21,1263,3817,-552,0,0
10,-93,42,1031,3808,-648,0,0
20,65,-31,1162,3731,-737,0,0
19,105,-45,1395,3759,-697,0,0
19,-6,24,1273,3841,-619,0,0
23,-16,38,1060,3799,-663,0,0
11,61,-26,1170,3696,-756,0,0
3,116,-73,1380,3804,-743,0,0
31,-2,-27,1313,3817,-632,0,0
34,23,33,1139,3731,-685,0,0
17,115,-3,1252,3752,-725,0,0
21,82,-39,1415,3807,-664,0,0
23,-35,11,1273,3831,-615,0,0
14,-63,40,1022,3796,-636,0,0
13,109,-21,1140,3749,-698,0,0
16,191,-37,1379,3775,-662,0,0
14,107,6,1361,3803,-638,0,0
21,51,17,1245,3812,-636,0,0
19,30,-9,1219,3805,-670,0,0
-1,7,-33,1290,3701,-675,0,0
-15,-43,-28,1355,3786,-628,0,0
-7,-86,-9,1234,3832,-651,0,0
-4,-86,-29,1156,3784,-716,0,0
-4,-57,-47,1231,3745,-681,0,0
-6,-57,-37,1322,3747,-635,0,0
2,-77,-6,1266,3829,-628,0,0
21,-34,9,1120,3809,-636,0,0
17,60,-5,1088,3762,-687,0,0
-6,98,-45,1259,3767,-703,0,0
-19,41,-51,1393,3759,-641,0,0
-24,-26,-7,1317,3786,-601,0,0
-23,-23,10,1198,3809,-645,0,0
-13,38,-13,1215,3802,-674,0,0
-3,57,0,1219,3798,-634,0,0
-6,39,1,1206,3775,-660,0,0
-13,12,-29,1259,3783,-689,0,0
-10,-31,-40,1265,3803,-651,0,0
-6,-42,-26,1176,3824,-612,0,0
2,7,-30,1156,3827,-632,0,0
9,48,-55,1247,3793,-668,0,0
15,24,-57,1332,3778,-670,0,0
15,-47,-37,1284,3766,-632,0,0
13,-67,-16,1174,3761,-603,0,0
9,-36,-20,1167,3802,-651,0,0
9,-10,-22,1207,3806,-676,0,0
10,7,10,1140,3813,-587,0,0
4,69,4,1167,3830,-664,0,0
5,75,-41,1291,3762,-652,0,0
-5,0,-26,1270,3691,-584,0,0
-23,-61,-21,1200,3813,-616,0,0
-16,-9,-53,1169,3897,-628,0,0
-14,31,-69,1153,3879,-653,0,0
-31,8,-45,1171,3827,-675,0,0
-31,-35,-37,1187,3846,-654,0,0
-11,-37,-36,1206,3809,-611,0,0
-8,-37,-20,1186,3822,-585,0,0
-9,-5,-20,1186,3826,-618,0,0
-14,-35,-41,1189,3818,-652,0,0
-7,-55,-52,1166,3807,-612,0,0
-4,-56,-47,1134,3832,-622,0,0
0,-56,-45,1110,3849,-624,0,0
3,-62,-52,1137,3789,-613,0,0
4,-112,-56,1174,3772,-577,0,0
33,-63,-69,1165,3815,-535,0,0
56,6,-104,1176,3806,-724,0,0
49,-75,-93,1144,3826,-768,0,0
3,-141,-31,1049,3879,-654,0,0
-48,-107,-2,907,3874,-570,0,0
-80,67,-32,896,3838,-568,0,0
-119,157,-58,1026,3860,-645,0,0
-150,88,-59,1108,3878,-618,0,0
-153,-6,-55,1165,3874,-614,0,0
-125,-68,-57,1210,3835,-577,0,0
-94,-137,-27,1147,3811,-477,0,0
-70,-136,-12,1048,3847,-461,0,0
-52,-101,-31,974,3873,-453,0,0
-50,-77,-52,1002,3899,-530,0,0
-33,-66,-51,1073,3909,-616,0,0
-3,-51,-26,1079,3946,-600,0,0
26,-61,2,1017,3929,-567,0,0
33,-84,7,922,3922,-535,0,0
23,-74,-13,935,3881,-593,0,0
15,-61,-38,1050,3865,-592,0,0
22,-75,-38,1082,3870,-530,0,0
33,-87,-15,967,3897,-522,0,0
36,-54,-21,859,3904,-581,0,0
40,16,-56,963,3859,-641,0,0
57,42,-63,1154,3840,-617,0,0
88,32,-27,1233,3812,-592,0,0
118,3,62,1066,3788,-581,0,0
120,31,100,831,3771,-599,0,0
98,186,58,856,3844,-620,0,0
77,289,-16,992,3935,-663,0,0
44,179,-59,1065,3963,-686,0,0
0,11,-56,1037,3948,-699,0,0
-7,-12,-41,1006,3920,-611,0,0
10,42,-47,1072,3857,-582,0,0
9,20,-43,1118,3838,-630,0,0
6,-55,-20,1048,3867,-643,0,0
8,-96,-9,977,3895,-642,0,0
9,-92,-25,1000,3900,-635,0,0
16,-75,-38,1030,3901,-614,0,0
12,-78,-39,998,3879,-634,0,0
1,-78,-43,966,3889,-651,0,0
-9,-77,-47,945,3859,-637,0,0
-25,-81,-48,973,3863,-649,0,0
-35,-94,-43,1029,3856,-666,0,0
-36,-125,-23,1010,3885,-638,0,0
-25,-109,-8,940,3863,-649,0,0
-20,-70,-1,930,3891,-657,0,0
-13,-29,5,922,3910,-653,0,0
-5,5,4,904,3888,-663,0,0
-7,5,-22,994,3875,-684,0,0
-12,-47,-30,1049,3856,-684,0,0
-20,-121,-7,924,3881,-659,0,0
-20,-87,-2,857,3900,-654,0,0
-14,-30,-16,919,3895,-661,0,0
-8,-23,-13,951,3923,-623,0,0
-4,-7,-11,909,3935,-639,0,0
-4,35,-20,925,3884,-654,0,0
-7,53,-22,974,3845,-643,0,0
-15,0,-14,972,3889,-635,0,0
-15,-31,-4,922,3922,-630,0,0
-7,-10,8,889,3880,-642,0,0
-4,25,15,874,3877,-629,0,0
-2,58,3,935,3917,-639,0,0
-6,34,-19,1018,3909,-652,0,0
-11,-36,-25,1015,3901,-633,0,0
-15,-83,-28,966,3881,-626,0,0
-18,-97,-31,947,3889,-625,0,0
-16,-97,-22,916,3922,-627,0,0
-17,-95,-20,926,3909,-651,0,0
-10,-82,-13,937,3889,-613,0,0
-5,-75,-4,938,3877,-616,0,0
-8,-95,-7,913,3898,-640,0,0
-9,-93,-8,903,3912,-643,0,0
-9,-84,-15,879,3914,-634,0,0
-6,-56,-24,870,3907,-627,0,0
-3,-25,-32,880,3881,-651,0,0
3,-2,-30,899,3878,-648,0,0
10,20,-31,911,3884,-640,0,0
12,32,-18,920,3887,-657,0,0
14,21,-14,906,3903,-654,0,0
12,14,-19,907,3878,-666,0,0
10,14,-14,924,3866,-637,0,0
18,51,0,933,3906,-621,0,0
17,46,-1,955,3945,-697,0,0
18,8,2,907,3895,-643,0,0
16,24,9,875,3885,-624,0,0
12,35,1,884,3894,-651,0,0
13,47,-11,914,3887,-664,0,0
12,43,-5,929,3886,-653,0,0
13,38,3,898,3903,-633,0,0
14,47,-14,959,3897,-663,0,0
16,26,-16,999,3888,-638,0,0
14,-17,-8,936,3908,-640,0,0
10,-12,-18,936,3909,-688,0,0
6,-7,-14,946,3890,-654,0,0
11,8,-3,923,3860,-607,0,0
10,8,-2,899,3894,-625,0,0
7,15,-2,875,3920,-666,0,0
1,22,-15,902,3921,-657,0,0
-5,-6,-36,959,3896,-633,0,0
-11,-50,-39,956,3894,-659,0,0
-7,-58,-30,907,3902,-642,0,0
-3,-33,-28,855,3910,-644,0,0
-5,5,-33,887,3911,-674,0,0
-6,-8,-39,931,3895,-665,0,0
-7,-45,-44,935,3905,-636,0,0
-10,-52,-31,914,3906,-647,0,0
-6,-34,-19,885,3906,-646,0,0
5,-4,-20,872,3896,-655,0,0
7,7,-17,889,3910,-654,0,0
7,11,-12,905,3895,-646,0,0
8,6,-7,905,3903,-640,0,0
11,6,-4,892,3896,-646,0,0
11,13,-13,903,3901,-656,0,0
10,-3,-13,974,3915,-662,0,0
13,-49,-4,979,3902,-653,0,0
15,-84,15,854,3893,-644,0,0
18,-49,24,762,3900,-659,0,0
18,3,-2,793,3906,-661,0,0
11,40,-11,862,3907,-648,0,0
4,63,-2,875,3912,-646,0,0
10,79,-9,886,3915,-654,0,0
12,77,-20,946,3882,-649,0,0
7,65,18,886,3936,-636,0,0
-2,81,43,787,3865,-661,0,0
-11,92,-26,1062,3951,-686,0,0
6,-18,-49,1076,3907,-623,0,0
-26,-164,-27,858,3779,-671,0,0
-35,-134,-76,950,3921,-670,0,0
-12,-131,-78,973,3933,-624,0,0
-10,-150,-35,857,3928,-660,0,0
-10,-98,6,762,3934,-674,0,0
-5,-5,2,847,3873,-675,0,0
-5,25,-13,1038,3864,-646,0,0
-5,-46,8,1020,3849,-658,0,0
-13,-124,34,822,3923,-652,0,0
-6,-42,35,745,3947,-655,0,0
3,60,3,852,3903,-660,0,0
8,60,-11,954,3871,-652,0,0
7,-6,-4,931,3912,-670,0,0
8,-47,0,836,3917,-674,0,0
13,0,-2,804,3908,-636,0,0
15,64,-7,872,3921,-656,0,0
17,58,-15,930,3905,-656,0,0
8,18,-20,951,3909,-659,0,0
-9,-31,-16,954,3902,-666,0,0
-8,-51,-6,896,3891,-632,0,0
1,-31,-3,865,3888,-667,0,0
3,-18,-4,862,3905,-658,0,0
6,10,-12,883,3923,-648,0,0
7,-6,-9,875,3932,-648,0,0
6,-23,-23,861,3917,-652,0,0
5,-17,-25,843,3914,-647,0,0
10,7,-22,881,3882,-666,0,0
13,36,-25,892,3868,-634,0,0
15,63,-18,930,3902,-660,0,0
19,54,-6,904,3909,-668,0,0
13,41,-7,883,3895,-668,0,0
6,29,-26,985,3901,-663,0,0
20,-13,-33,1015,3942,-670,0,0
45,-48,-13,837,3885,-681,0,0
49,3,-14,739,3892,-677,0,0
52,108,-12,785,3909,-669,0,0
50,157,-21,872,3905,-670,0,0
45,148,-32,936,3905,-672,0,0
33,118,-27,929,3881,-679,0,0
17,93,-16,906,3870,-686,0,0
8,93,-17,968,3877,-680,0,0
-1,60,-4,1003,3870,-684,0,0
-13,-3,15,967,3871,-684,0,0
-23,-57,14,942,3912,-691,0,0
-27,-90,8,943,3918,-672,0,0
-23,-86,8,914,3876,-658,0,0
-18,-70,14,874,3886,-676,0,0
-9,-44,14,847,3917,-663,0,0
0,6,5,878,3919,-681,0,0
6,4,-7,921,3925,-666,0,0
11,-11,-14,893,3904,-663,0,0
7,-9,-26,891,3887,-678,0,0
2,-14,-29,912,3873,-649,0,0
-2,16,-24,949,3901,-660,0,0
-4,15,-22,995,3891,-674,0,0
-7,-28,-6,967,3879,-662,0,0
-10,-56,1,926,3895,-684,0,0
-12,-69,-2,909,3894,-657,0,0
-8,-49,-5,909,3891,-656,0,0
-6,-55,-10,892,3899,-689,0,0
-7,-66,-13,855,3911,-670,0,0
-6,-36,-10,852,3899,-667,0,0
-1,-8,-18,872,3885,-654,0,0
5,12,-25,906,3870,-670,0,0
8,15,-17,905,3886,-683,0,0
9,14,-15,900,3891,-665,0,0
6,16,-17,939,3878,-659,0,0
5,3,-2,912,3881,-652,0,0
1,1,4,865,3927,-673,0,0
1,19,-15,918,3928,-690,0,0
-2,-11,-22,972,3870,-642,0,0
0,-21,-3,895,3867,-648,0,0
8,18,5,858,3880,-694,0,0
17,71,14,901,3902,-661,0,0
24,94,22,969,3906,-662,0,0
18,48,22,951,3895,-683,0,0
10,-13,2,937,3902,-670,0,0
3,-45,-18,933,3890,-666,0,0
-1,-66,-28,914,3872,-667,0,0
-1,-56,-37,923,3877,-660,0,0
-2,-47,-34,926,3887,-652,0,0
-6,-51,-23,883,3906,-659,0,0
-18,-38,-23,881,3903,-680,0,0
-22,-16,-14,917,3918,-649,0,0
-13,-1,-12,930,3885,-675,0,0
-12,-33,-13,913,3890,-681,0,0
-16,-56,-7,892,3896,-669,0,0
-20,-65,-8,896,3898,-664,0,0
-16,-73,-5,869,3902,-643,0,0
-13,-51,-2,831,3906,-653,0,0
-18,-11,-6,817,3862,-637,0,0
-27,20,-16,828,3879,-592,0,0
-37,41,-25,860,3918,-635,0,0
-32,54,-33,945,3915,-661,0,0
-15,35,-26,956,3932,-637,0,0
-12,15,-6,905,3908,-640,0,0
-6,33,4,879,3896,-613,0,0
5,75,-4,922,3866,-589,0,0
-14,37,-17,1002,3895,-594,0,0
-33,-23,-6,999,3924,-603,0,0
-43,-68,13,930,3911,-592,0,0
-44,-65,8,899,3914,-580,0,0
-37,-40,4,919,3907,-599,0,0
-29,-40,8,914,3915,-602,0,0
-29,-34,17,884,3866,-593,0,0
-35,-43,17,888,3889,-588,0,0
-36,-66,12,887,3931,-585,0,0
-29,-61,-1,876,3933,-598,0,0
-19,-35,-8,883,3923,-584,0,0
-5,3,-10,870,3877,-573,0,0
1,23,-20,912,3880,-599,0,0
1,34,-13,928,3907,-573,0,0
3,45,-4,926,3915,-575,0,0
8,45,-5,936,3895,-584,0,0
10,37,-7,962,3877,-575,0,0
5,11,-2,952,3891,-583,0,0
5,4,0,954,3908,-578,0,0
7,8,-2,961,3909,-570,0,0
3,-3,2,953,3893,-554,0,0
-9,-22,-2,941,3908,-558,0,0
-17,-34,-13,971,3874,-585,0,0
-18,-36,0,994,3889,-536,0,0
-7,-3,24,948,3944,-529,0,0
-4,16,34,895,3918,-584,0,0
-2,23,19,916,3855,-584,0,0
-3,25,9,1001,3868,-544,0,0
-11,-12,17,991,3924,-536,0,0
-11,-33,8,970,3935,-536,0,0
-18,-51,-11,992,3932,-501,0,0
